MODEL_00///1.0000, 0.0000, 0.0000, 0.0000,0.0000, 1.0000, 0.0000, -0.0000,0.0000, 0.0000, 1.0000, 0.0000,0.0000, 0.0000, 0.0000, 1.0000///
BODY_SCALE__group///1.0000, 0.0000, 0.0000, 0.0000,0.0000, 0.0000, -1.0000, 0.0000,0.0000, 1.0000, 0.0000, 0.0000,0.0000, 0.0000, 0.0000, 1.0000///MODEL_00
BASE///1.0000, 0.0000, 0.0000, 0.0000,0.0000, -0.0000, -1.0000, 0.0000,0.0000, 1.0000, 0.0000, 0.8050,0.0000, 0.0000, 0.0000, 1.0000///BODY_SCALE__group
Spine1///0.0000, -0.0000, 1.0000, 0.0000,-0.0000, -1.0000, -0.0000, 0.0000,1.0000, -0.0000, -0.0000, 0.8050,0.0000, 0.0000, 0.0000, 1.0000///BASE
Spine2///0.0000, -0.0000, 1.0000, 0.0000,-0.0000, -1.0000, -0.0000, 0.0000,1.0000, -0.0000, -0.0000, 0.9051,0.0000, 0.0000, 0.0000, 1.0000///Spine1
Neck///0.0000, -0.0000, 1.0000, 0.0000,-0.0000, -1.0000, -0.0000, 0.0000,1.0000, -0.0000, -0.0000, 1.1053,0.0000, 0.0000, 0.0000, 1.0000///Spine2
Head///-0.0000, 1.0000, -0.0000, 0.0000,-1.0000, -0.0000, -0.0000, 0.0000,-0.0000, 0.0000, 1.0000, 1.2208,0.0000, 0.0000, 0.0000, 1.0000///Neck
Head__offset///-0.0000, 1.0000, -0.0000, 0.0000,-1.0000, -0.0000, 0.0003, 0.0000,0.0003, 0.0000, 1.0000, 1.2209,0.0000, 0.0000, 0.0000, 1.0000///Head
ATH_Head_Top///1.0000, 0.0000, -0.0000, -0.0000,-0.0000, 1.0000, 0.0000, -0.0000,0.0000, 0.0000, 1.0000, 1.3902,0.0000, 0.0000, 0.0000, 1.0000///Head
L_Mayu2_Joint///1.0000, -0.0000, -0.0000, 0.0308,-0.0000, -0.0000, -1.0000, -0.0937,0.0000, 1.0000, -0.0000, 1.2658,0.0000, 0.0000, 0.0000, 1.0000///Head
L_Mayu3_Joint///1.0000, 0.0000, -0.0000, 0.0485,-0.0000, -0.0000, -1.0000, -0.0844,-0.0000, 1.0000, -0.0000, 1.2731,0.0000, 0.0000, 0.0000, 1.0000///Head
L_Mayu1_Joint///1.0000, -0.0000, -0.0000, 0.0139,-0.0000, -0.0000, -1.0000, -0.0953,0.0000, 1.0000, -0.0000, 1.2554,0.0000, 0.0000, 0.0000, 1.0000///Head
R_Mayu3_Joint///1.0000, -0.0000, 0.0000, -0.0485,0.0000, -0.0000, -1.0000, -0.0844,0.0000, 1.0000, -0.0000, 1.2731,0.0000, 0.0000, 0.0000, 1.0000///Head
R_Mayu2_Joint///1.0000, -0.0000, -0.0000, -0.0308,-0.0000, -0.0000, -1.0000, -0.0937,0.0000, 1.0000, -0.0000, 1.2658,0.0000, 0.0000, 0.0000, 1.0000///Head
R_Mayu1_Joint///1.0000, -0.0000, -0.0000, -0.0139,-0.0000, -0.0000, -1.0000, -0.0953,0.0000, 1.0000, -0.0000, 1.2554,0.0000, 0.0000, 0.0000, 1.0000///Head
R_Eyecorner///1.0000, -0.0000, 0.0000, -0.0349,0.0000, -0.0000, -1.0000, -0.0729,0.0000, 1.0000, -0.0000, 1.2520,0.0000, 0.0000, 0.0000, 1.0000///Head
R_UwaMabuta_Joint///1.0000, -0.0000, 0.0000, -0.0349,0.0000, -0.0000, -1.0000, -0.0670,0.0000, 1.0000, -0.0000, 1.2480,0.0000, 0.0000, 0.0000, 1.0000///Head
R_UpEyelid1///1.0000, -0.0000, -0.0000, -0.0249,-0.0000, -0.0000, -1.0000, -0.0884,0.0000, 1.0000, -0.0000, 1.2541,0.0000, 0.0000, 0.0000, 1.0000///R_UwaMabuta_Joint
R_UpEyelid2///1.0000, -0.0000, 0.0000, -0.0429,0.0000, -0.0000, -1.0000, -0.0838,0.0000, 1.0000, -0.0000, 1.2556,0.0000, 0.0000, 0.0000, 1.0000///R_UwaMabuta_Joint
L_UwaMabuta_Joint///1.0000, -0.0000, 0.0000, 0.0349,0.0000, -0.0000, -1.0000, -0.0670,0.0000, 1.0000, -0.0000, 1.2480,0.0000, 0.0000, 0.0000, 1.0000///Head
L_UpEyelid2///1.0000, -0.0000, 0.0000, 0.0429,0.0000, -0.0000, -1.0000, -0.0838,0.0000, 1.0000, -0.0000, 1.2556,0.0000, 0.0000, 0.0000, 1.0000///L_UwaMabuta_Joint
L_UpEyelid1///1.0000, -0.0000, 0.0000, 0.0249,0.0000, -0.0000, -1.0000, -0.0884,0.0000, 1.0000, -0.0000, 1.2541,0.0000, 0.0000, 0.0000, 1.0000///L_UwaMabuta_Joint
L_Eyecorner///1.0000, -0.0000, 0.0000, 0.0349,0.0000, -0.0000, -1.0000, -0.0729,0.0000, 1.0000, -0.0000, 1.2520,0.0000, 0.0000, 0.0000, 1.0000///Head
L_Eye_Joint///1.0000, -0.0000, 0.0000, 0.0298,0.0000, -0.0000, -1.0000, -0.0659,0.0000, 1.0000, -0.0000, 1.2500,0.0000, 0.0000, 0.0000, 1.0000///Head
R_Eye_Joint///1.0000, -0.0000, -0.0000, -0.0298,-0.0000, -0.0000, -1.0000, -0.0659,0.0000, 1.0000, -0.0000, 1.2500,0.0000, 0.0000, 0.0000, 1.0000///Head
R_SitaMabuta_Joint///1.0000, -0.0000, 0.0000, -0.0349,0.0000, -0.0000, -1.0000, -0.0667,0.0000, 1.0000, -0.0000, 1.2474,0.0000, 0.0000, 0.0000, 1.0000///Head
R_LowEyelid1///1.0000, -0.0000, -0.0000, -0.0264,-0.0000, -0.0000, -1.0000, -0.0856,0.0000, 1.0000, -0.0000, 1.2419,0.0000, 0.0000, 0.0000, 1.0000///R_SitaMabuta_Joint
R_LowEyelid2///1.0000, -0.0000, 0.0000, -0.0421,0.0000, -0.0000, -1.0000, -0.0829,0.0000, 1.0000, -0.0000, 1.2428,0.0000, 0.0000, 0.0000, 1.0000///R_SitaMabuta_Joint
L_SitaMabuta_Joint///1.0000, -0.0000, 0.0000, 0.0349,0.0000, -0.0000, -1.0000, -0.0667,0.0000, 1.0000, -0.0000, 1.2474,0.0000, 0.0000, 0.0000, 1.0000///Head
L_LowEyelid2///1.0000, -0.0000, 0.0000, 0.0421,0.0000, -0.0000, -1.0000, -0.0829,0.0000, 1.0000, -0.0000, 1.2428,0.0000, 0.0000, 0.0000, 1.0000///L_SitaMabuta_Joint
L_LowEyelid1///1.0000, -0.0000, -0.0000, 0.0264,-0.0000, -0.0000, -1.0000, -0.0856,0.0000, 1.0000, -0.0000, 1.2419,0.0000, 0.0000, 0.0000, 1.0000///L_SitaMabuta_Joint
L_Hoho_Joint///1.0000, -0.0000, 0.0000, 0.0493,0.0000, -0.0000, -1.0000, -0.0788,0.0000, 1.0000, -0.0000, 1.2277,0.0000, 0.0000, 0.0000, 1.0000///Head
L_Hana_Joint///1.0000, -0.0000, -0.0000, 0.0113,-0.0000, -0.0000, -1.0000, -0.0899,0.0000, 1.0000, -0.0000, 1.2344,0.0000, 0.0000, 0.0000, 1.0000///Head
R_Hana_Joint///1.0000, -0.0000, -0.0000, -0.0113,-0.0000, -0.0000, -1.0000, -0.0899,0.0000, 1.0000, -0.0000, 1.2344,0.0000, 0.0000, 0.0000, 1.0000///Head
R_Hoho_Joint///1.0000, -0.0000, 0.0000, -0.0493,0.0000, -0.0000, -1.0000, -0.0788,0.0000, 1.0000, -0.0000, 1.2277,0.0000, 0.0000, 0.0000, 1.0000///Head
L_Kobana_Joint///1.0000, -0.0000, -0.0000, 0.0102,-0.0000, -0.0000, -1.0000, -0.0985,0.0000, 1.0000, -0.0000, 1.2163,0.0000, 0.0000, 0.0000, 1.0000///Head
R_Kobana_Joint///1.0000, -0.0000, -0.0000, -0.0102,-0.0000, -0.0000, -1.0000, -0.0985,0.0000, 1.0000, -0.0000, 1.2163,0.0000, 0.0000, 0.0000, 1.0000///Head
L_Chobo_Joint///1.0000, -0.0000, 0.0000, 0.0485,0.0000, -0.0000, -1.0000, -0.0728,0.0000, 1.0000, -0.0000, 1.2003,0.0000, 0.0000, 0.0000, 1.0000///Head
R_Chobo_Joint///1.0000, -0.0000, 0.0000, -0.0485,0.0000, -0.0000, -1.0000, -0.0728,0.0000, 1.0000, -0.0000, 1.2003,0.0000, 0.0000, 0.0000, 1.0000///Head
L_LipU_Joint///1.0000, -0.0000, -0.0000, 0.0128,-0.0000, -0.0000, -1.0000, -0.0933,0.0000, 1.0000, -0.0000, 1.1914,0.0000, 0.0000, 0.0000, 1.0000///Head
R_LipU_Joint///1.0000, -0.0000, -0.0000, -0.0128,-0.0000, -0.0000, -1.0000, -0.0932,0.0000, 1.0000, -0.0000, 1.1914,0.0000, 0.0000, 0.0000, 1.0000///Head
M_LipU_Joint///1.0000, -0.0000, -0.0000, -0.0000,-0.0000, -0.0000, -1.0000, -0.0966,0.0000, 1.0000, -0.0000, 1.1925,0.0000, 0.0000, 0.0000, 1.0000///Head
Jaw_Joint///1.0000, -0.0000, -0.0000, -0.0000,-0.0000, -0.0000, -1.0000, -0.0234,0.0000, 1.0000, -0.0000, 1.2000,0.0000, 0.0000, 0.0000, 1.0000///Head
L_LipD_Joint///1.0000, -0.0000, -0.0000, 0.0102,-0.0000, -0.0000, -1.0000, -0.0903,0.0000, 1.0000, -0.0000, 1.1800,0.0000, 0.0000, 0.0000, 1.0000///Jaw_Joint
R_LipD_Joint///1.0000, -0.0000, -0.0000, -0.0102,-0.0000, -0.0000, -1.0000, -0.0904,0.0000, 1.0000, -0.0000, 1.1800,0.0000, 0.0000, 0.0000, 1.0000///Jaw_Joint
M_LipD_Joint///1.0000, -0.0000, -0.0000, -0.0000,-0.0000, -0.0000, -1.0000, -0.0911,0.0000, 1.0000, -0.0000, 1.1795,0.0000, 0.0000, 0.0000, 1.0000///Jaw_Joint
L_LipE_Joint///1.0000, -0.0000, -0.0000, 0.0198,-0.0000, -0.0000, -1.0000, -0.0869,0.0000, 1.0000, -0.0000, 1.1831,0.0000, 0.0000, 0.0000, 1.0000///Jaw_Joint
R_LipE_Joint///1.0000, -0.0000, -0.0000, -0.0198,-0.0000, -0.0000, -1.0000, -0.0869,0.0000, 1.0000, -0.0000, 1.1831,0.0000, 0.0000, 0.0000, 1.0000///Jaw_Joint
Bero1_Joint///-0.0002, 0.0008, -1.0000, -0.0000,-0.9772, -0.2124, 0.0000, -0.0422,-0.2124, 0.9772, 0.0008, 1.1902,0.0000, 0.0000, 0.0000, 1.0000///Jaw_Joint
Bero1_Joint_pos///-0.0000, 0.0000, -1.0000, -0.0000,-0.9588, -0.2841, -0.0000, -0.0558,-0.2841, 0.9588, 0.0000, 1.1888,0.0000, 0.0000, 0.0000, 1.0000///Bero1_Joint
Bero2_Joint///-0.0000, 0.0000, -1.0000, -0.0000,-0.9588, -0.2841, -0.0000, -0.0558,-0.2841, 0.9588, 0.0000, 1.1888,0.0000, 0.0000, 0.0000, 1.0000///Bero1_Joint_pos
Bero3_Joint///-0.0000, 0.0000, -1.0000, -0.0000,-0.9588, -0.2841, -0.0000, -0.0693,-0.2841, 0.9588, 0.0000, 1.1849,0.0000, 0.0000, 0.0000, 1.0000///Bero2_Joint
Neck__offset///0.0000, -0.0000, 1.0000, 0.0000,-0.0000, -1.0000, -0.0000, 0.0000,1.0000, 0.0000, -0.0000, 1.1052,0.0000, 0.0000, 0.0000, 1.0000///Neck
Neck_back__offset///0.0000, -0.0001, 1.0000, 0.0000,0.0001, -1.0000, -0.0001, 0.0000,1.0000, 0.0001, -0.0000, 1.1054,0.0000, 0.0000, 0.0000, 1.0000///Neck
L_Shoulder///1.0000, -0.0000, -0.0000, 0.0770,-0.0000, -0.0000, -1.0000, 0.0000,0.0000, 1.0000, -0.0000, 1.0745,0.0000, 0.0000, 0.0000, 1.0000///Spine2
L_Arm///1.0000, -0.0000, -0.0000, 0.1417,0.0000, 1.0000, 0.0000, 0.0000,0.0000, -0.0000, 1.0000, 1.0745,0.0000, 0.0000, 0.0000, 1.0000///L_Shoulder
L_ForeArm///1.0000, 0.0000, -0.0000, 0.3681,-0.0000, 1.0000, 0.0000, 0.0000,0.0000, -0.0000, 1.0000, 1.0745,0.0000, 0.0000, 0.0000, 1.0000///L_Arm
L_Hand///1.0000, -0.0000, -0.0000, 0.5416,-0.0000, 0.0000, -1.0000, 0.0000,0.0000, 1.0000, 0.0000, 1.0745,0.0000, 0.0000, 0.0000, 1.0000///L_ForeArm
L_FingerBase///1.0000, 0.0000, -0.0000, 0.5451,-0.0000, 0.0000, -1.0000, -0.0139,0.0000, 1.0000, 0.0000, 1.0745,0.0000, 0.0000, 0.0000, 1.0000///L_Hand
L_Middle///1.0000, 0.0000, -0.0000, 0.5451,-0.0000, 0.0000, -1.0000, -0.0069,0.0000, 1.0000, 0.0000, 1.0745,0.0000, 0.0000, 0.0000, 1.0000///L_FingerBase
L_Ring///1.0000, 0.0000, -0.0000, 0.5451,-0.0000, 0.0000, -1.0000, 0.0000,0.0000, 1.0000, 0.0000, 1.0745,0.0000, 0.0000, 0.0000, 1.0000///L_Middle
L_Pinky///1.0000, 0.0000, -0.0000, 0.5451,-0.0000, 0.0000, -1.0000, 0.0069,0.0000, 1.0000, 0.0000, 1.0745,0.0000, 0.0000, 0.0000, 1.0000///L_Ring
L_Pinky1///1.0000, -0.0000, -0.0000, 0.6164,-0.0000, 0.0000, -1.0000, 0.0267,0.0000, 1.0000, 0.0000, 1.0756,0.0000, 0.0000, 0.0000, 1.0000///L_Pinky
L_Pinky2///1.0000, -0.0000, -0.0000, 0.6497,-0.0000, 0.0000, -1.0000, 0.0267,0.0000, 1.0000, 0.0000, 1.0756,0.0000, 0.0000, 0.0000, 1.0000///L_Pinky1
L_Pinky3///1.0000, -0.0000, -0.0000, 0.6647,-0.0000, 0.0000, -1.0000, 0.0267,0.0000, 1.0000, 0.0000, 1.0756,0.0000, 0.0000, 0.0000, 1.0000///L_Pinky2
L_Pinky4__null///1.0000, -0.0000, -0.0000, 0.6855,-0.0000, 0.0000, -1.0000, 0.0267,0.0000, 1.0000, 0.0000, 1.0756,0.0000, 0.0000, 0.0000, 1.0000///L_Pinky3
L_Ring1///1.0000, -0.0000, -0.0000, 0.6256,-0.0000, 0.0000, -1.0000, 0.0099,0.0000, 1.0000, 0.0000, 1.0769,0.0000, 0.0000, 0.0000, 1.0000///L_Ring
L_Ring2///1.0000, -0.0000, -0.0000, 0.6625,-0.0000, 0.0000, -1.0000, 0.0099,0.0000, 1.0000, 0.0000, 1.0769,0.0000, 0.0000, 0.0000, 1.0000///L_Ring1
L_Ring3///1.0000, -0.0000, -0.0000, 0.6842,-0.0000, 0.0000, -1.0000, 0.0099,0.0000, 1.0000, 0.0000, 1.0769,0.0000, 0.0000, 0.0000, 1.0000///L_Ring2
L_Ring4__null///1.0000, -0.0000, -0.0000, 0.7050,-0.0000, 0.0000, -1.0000, 0.0099,0.0000, 1.0000, 0.0000, 1.0769,0.0000, 0.0000, 0.0000, 1.0000///L_Ring3
L_Middle1///1.0000, -0.0000, -0.0000, 0.6281,-0.0000, 0.0000, -1.0000, -0.0089,0.0000, 1.0000, 0.0000, 1.0782,0.0000, 0.0000, 0.0000, 1.0000///L_Middle
L_Middle2///1.0000, -0.0000, -0.0000, 0.6686,-0.0000, 0.0000, -1.0000, -0.0089,0.0000, 1.0000, 0.0000, 1.0782,0.0000, 0.0000, 0.0000, 1.0000///L_Middle1
L_Middle3///1.0000, -0.0000, -0.0000, 0.6922,-0.0000, 0.0000, -1.0000, -0.0089,0.0000, 1.0000, 0.0000, 1.0782,0.0000, 0.0000, 0.0000, 1.0000///L_Middle2
L_Middle4__null///1.0000, -0.0000, -0.0000, 0.7130,-0.0000, 0.0000, -1.0000, -0.0089,0.0000, 1.0000, 0.0000, 1.0782,0.0000, 0.0000, 0.0000, 1.0000///L_Middle3
L_Index1///1.0000, -0.0000, -0.0000, 0.6281,-0.0000, 0.0000, -1.0000, -0.0285,0.0000, 1.0000, 0.0000, 1.0782,0.0000, 0.0000, 0.0000, 1.0000///L_FingerBase
L_Index2///1.0000, -0.0000, -0.0000, 0.6664,-0.0000, 0.0000, -1.0000, -0.0285,0.0000, 1.0000, 0.0000, 1.0782,0.0000, 0.0000, 0.0000, 1.0000///L_Index1
L_Index3///1.0000, -0.0000, -0.0000, 0.6887,-0.0000, 0.0000, -1.0000, -0.0285,0.0000, 1.0000, 0.0000, 1.0782,0.0000, 0.0000, 0.0000, 1.0000///L_Index2
L_Index4__null///1.0000, -0.0000, -0.0000, 0.7094,-0.0000, 0.0000, -1.0000, -0.0285,0.0000, 1.0000, 0.0000, 1.0782,0.0000, 0.0000, 0.0000, 1.0000///L_Index3
L_Thumb1///0.8053, -0.2750, -0.5252, 0.5585,-0.5122, -0.7689, -0.3827, -0.0309,-0.2986, 0.5772, -0.7601, 1.0644,0.0000, 0.0000, 0.0000, 1.0000///L_FingerBase
L_Thumb2///0.8053, -0.2750, -0.5252, 0.5947,-0.5122, -0.7689, -0.3827, -0.0540,-0.2986, 0.5772, -0.7600, 1.0509,0.0000, 0.0000, 0.0000, 1.0000///L_Thumb1
L_Thumb3///0.8053, -0.2750, -0.5252, 0.6165,-0.5122, -0.7689, -0.3827, -0.0678,-0.2986, 0.5772, -0.7600, 1.0428,0.0000, 0.0000, 0.0000, 1.0000///L_Thumb2
L_Thumb4__null///0.8053, -0.2750, -0.5252, 0.6333,-0.5122, -0.7689, -0.3827, -0.0785,-0.2986, 0.5772, -0.7600, 1.0366,0.0000, 0.0000, 0.0000, 1.0000///L_Thumb3
HLP_L_ForeArm_Mid__offset///1.0000, -0.0000, -0.0000, 0.4662,-0.0000, 0.0000, -1.0000, 0.0000,0.0000, 1.0000, 0.0000, 1.0745,0.0000, 0.0000, 0.0000, 1.0000///L_ForeArm
HLP_L_ForeArm_Btm__offset///1.0000, -0.0000, -0.0000, 0.5265,-0.0000, 0.0000, -1.0000, 0.0000,0.0000, 1.0000, 0.0000, 1.0745,0.0000, 0.0000, 0.0000, 1.0000///L_ForeArm
HLP_L_Elbow__offset///1.0000, 0.0000, -0.0000, 0.3681,-0.0000, 1.0000, 0.0000, 0.0217,0.0000, -0.0000, 1.0000, 1.0745,0.0000, 0.0000, 0.0000, 1.0000///L_ForeArm
L_ForeArm_Slide__offset///1.0000, -0.0000, -0.0000, 0.4493,0.0000, 1.0000, 0.0000, 0.0000,0.0000, -0.0000, 1.0000, 1.0745,0.0000, 0.0000, 0.0000, 1.0000///L_ForeArm
L_ForeArm__offset///1.0000, 0.0000, -0.0000, 0.3681,-0.0000, 1.0000, 0.0000, 0.0000,0.0000, -0.0000, 1.0000, 1.0745,0.0000, 0.0000, 0.0000, 1.0000///L_ForeArm
HLP_L_Arm_Top__offset///1.0000, 0.0000, -0.0000, 0.1418,0.0000, 1.0000, 0.0000, 0.0000,0.0000, 0.0000, 1.0000, 1.0745,0.0000, 0.0000, 0.0000, 1.0000///L_Arm
HLP_L_Arm_Mid__offset///1.0000, -0.0000, -0.0000, 0.2472,0.0000, 1.0000, 0.0000, 0.0000,0.0000, -0.0000, 1.0000, 1.0745,0.0000, 0.0000, 0.0000, 1.0000///L_Arm
L_Bicep_Slide__offset///1.0000, -0.0000, -0.0000, 0.2620,0.0000, 1.0000, 0.0000, -0.0011,0.0000, -0.0000, 1.0000, 1.0745,0.0000, 0.0000, 0.0000, 1.0000///L_Arm
L_Tricep_Slide__offset///1.0000, -0.0000, -0.0000, 0.2620,0.0000, 1.0000, 0.0000, 0.0003,0.0000, -0.0000, 1.0000, 1.0745,0.0000, 0.0000, 0.0000, 1.0000///L_Arm
L_Arm_Btm__offset///1.0000, -0.0000, -0.0000, 0.3680,0.0000, 1.0000, 0.0000, 0.0000,0.0000, -0.0000, 1.0000, 1.0745,0.0000, 0.0000, 0.0000, 1.0000///L_Arm
HLP_L_ShldrBlade__offset///1.0000, -0.0000, -0.0000, 0.1137,0.0000, 1.0000, 0.0000, -0.0007,0.0000, -0.0000, 1.0000, 1.0599,0.0000, 0.0000, 0.0000, 1.0000///L_Shoulder
HLP_L_Shldr_B__offset///1.0000, -0.0000, -0.0000, 0.1416,0.0000, 1.0000, 0.0000, 0.0000,0.0000, -0.0000, 1.0000, 1.0745,0.0000, 0.0000, 0.0000, 1.0000///L_Shoulder
R_Shoulder///-1.0000, -0.0000, -0.0000, -0.0770,0.0000, 0.0000, -1.0000, 0.0000,0.0000, -1.0000, -0.0000, 1.0745,0.0000, 0.0000, 0.0000, 1.0000///Spine2
R_Arm///-1.0000, 0.0000, 0.0000, -0.1417,0.0000, 1.0000, -0.0000, 0.0000,-0.0000, -0.0000, -1.0000, 1.0745,0.0000, 0.0000, 0.0000, 1.0000///R_Shoulder
R_ForeArm///-1.0000, -0.0000, 0.0000, -0.3681,-0.0000, 1.0000, -0.0000, 0.0000,-0.0000, -0.0000, -1.0000, 1.0745,0.0000, 0.0000, 0.0000, 1.0000///R_Arm
R_Hand///-1.0000, 0.0000, 0.0000, -0.5416,-0.0000, -0.0000, -1.0000, 0.0000,0.0000, -1.0000, 0.0000, 1.0745,0.0000, 0.0000, 0.0000, 1.0000///R_ForeArm
R_FingerBase///-1.0000, -0.0000, 0.0000, -0.5451,-0.0000, -0.0000, -1.0000, -0.0139,0.0000, -1.0000, 0.0000, 1.0745,0.0000, 0.0000, 0.0000, 1.0000///R_Hand
R_Middle///-1.0000, -0.0000, 0.0000, -0.5451,-0.0000, -0.0000, -1.0000, -0.0069,0.0000, -1.0000, 0.0000, 1.0745,0.0000, 0.0000, 0.0000, 1.0000///R_FingerBase
R_Ring///-1.0000, -0.0000, 0.0000, -0.5451,-0.0000, -0.0000, -1.0000, 0.0000,0.0000, -1.0000, 0.0000, 1.0745,0.0000, 0.0000, 0.0000, 1.0000///R_Middle
R_Pinky///-1.0000, -0.0000, 0.0000, -0.5451,-0.0000, -0.0000, -1.0000, 0.0069,0.0000, -1.0000, 0.0000, 1.0745,0.0000, 0.0000, 0.0000, 1.0000///R_Ring
R_Pinky1///-1.0000, 0.0000, 0.0000, -0.6164,-0.0000, -0.0000, -1.0000, 0.0267,0.0000, -1.0000, 0.0000, 1.0756,0.0000, 0.0000, 0.0000, 1.0000///R_Pinky
R_Pinky2///-1.0000, 0.0000, 0.0000, -0.6497,-0.0000, -0.0000, -1.0000, 0.0267,0.0000, -1.0000, 0.0000, 1.0756,0.0000, 0.0000, 0.0000, 1.0000///R_Pinky1
R_Pinky3///-1.0000, 0.0000, 0.0000, -0.6647,-0.0000, -0.0000, -1.0000, 0.0267,0.0000, -1.0000, 0.0000, 1.0756,0.0000, 0.0000, 0.0000, 1.0000///R_Pinky2
R_Pinky4__null///-1.0000, 0.0000, 0.0000, -0.6855,-0.0000, -0.0000, -1.0000, 0.0267,0.0000, -1.0000, 0.0000, 1.0756,0.0000, 0.0000, 0.0000, 1.0000///R_Pinky3
R_Ring1///-1.0000, 0.0000, 0.0000, -0.6256,-0.0000, -0.0000, -1.0000, 0.0099,0.0000, -1.0000, 0.0000, 1.0769,0.0000, 0.0000, 0.0000, 1.0000///R_Ring
R_Ring2///-1.0000, 0.0000, 0.0000, -0.6625,-0.0000, -0.0000, -1.0000, 0.0099,0.0000, -1.0000, 0.0000, 1.0769,0.0000, 0.0000, 0.0000, 1.0000///R_Ring1
R_Ring3///-1.0000, 0.0000, 0.0000, -0.6842,-0.0000, -0.0000, -1.0000, 0.0099,0.0000, -1.0000, 0.0000, 1.0769,0.0000, 0.0000, 0.0000, 1.0000///R_Ring2
R_Ring4__null///-1.0000, 0.0000, 0.0000, -0.7050,-0.0000, -0.0000, -1.0000, 0.0099,0.0000, -1.0000, 0.0000, 1.0769,0.0000, 0.0000, 0.0000, 1.0000///R_Ring3
R_Middle1///-1.0000, 0.0000, 0.0000, -0.6281,-0.0000, -0.0000, -1.0000, -0.0089,0.0000, -1.0000, 0.0000, 1.0782,0.0000, 0.0000, 0.0000, 1.0000///R_Middle
R_Middle2///-1.0000, 0.0000, 0.0000, -0.6686,-0.0000, -0.0000, -1.0000, -0.0089,0.0000, -1.0000, 0.0000, 1.0782,0.0000, 0.0000, 0.0000, 1.0000///R_Middle1
R_Middle3///-1.0000, 0.0000, 0.0000, -0.6922,-0.0000, -0.0000, -1.0000, -0.0089,0.0000, -1.0000, 0.0000, 1.0782,0.0000, 0.0000, 0.0000, 1.0000///R_Middle2
R_Middle4__null///-1.0000, 0.0000, 0.0000, -0.7130,-0.0000, -0.0000, -1.0000, -0.0089,0.0000, -1.0000, 0.0000, 1.0782,0.0000, 0.0000, 0.0000, 1.0000///R_Middle3
R_Index1///-1.0000, 0.0000, 0.0000, -0.6281,-0.0000, -0.0000, -1.0000, -0.0285,0.0000, -1.0000, 0.0000, 1.0782,0.0000, 0.0000, 0.0000, 1.0000///R_FingerBase
R_Index2///-1.0000, 0.0000, 0.0000, -0.6664,-0.0000, -0.0000, -1.0000, -0.0285,0.0000, -1.0000, 0.0000, 1.0782,0.0000, 0.0000, 0.0000, 1.0000///R_Index1
R_Index3///-1.0000, 0.0000, 0.0000, -0.6887,-0.0000, -0.0000, -1.0000, -0.0285,0.0000, -1.0000, 0.0000, 1.0782,0.0000, 0.0000, 0.0000, 1.0000///R_Index2
R_Index4__null///-1.0000, 0.0000, 0.0000, -0.7094,-0.0000, -0.0000, -1.0000, -0.0285,0.0000, -1.0000, 0.0000, 1.0782,0.0000, 0.0000, 0.0000, 1.0000///R_Index3
R_Thumb1///-0.8053, -0.2750, 0.5252, -0.5585,-0.5122, 0.7689, -0.3827, -0.0309,-0.2986, -0.5772, -0.7600, 1.0644,0.0000, 0.0000, 0.0000, 1.0000///R_FingerBase
R_Thumb2///-0.8053, -0.2750, 0.5252, -0.5947,-0.5122, 0.7689, -0.3827, -0.0540,-0.2986, -0.5772, -0.7600, 1.0509,0.0000, 0.0000, 0.0000, 1.0000///R_Thumb1
R_Thumb3///-0.8053, -0.2750, 0.5252, -0.6165,-0.5122, 0.7689, -0.3827, -0.0678,-0.2986, -0.5772, -0.7600, 1.0428,0.0000, 0.0000, 0.0000, 1.0000///R_Thumb2
R_Thumb4__null///-0.8053, -0.2750, 0.5252, -0.6333,-0.5122, 0.7689, -0.3827, -0.0785,-0.2986, -0.5772, -0.7600, 1.0366,0.0000, 0.0000, 0.0000, 1.0000///R_Thumb3
HLP_R_ForeArm_Mid__offset///-1.0000, 0.0000, 0.0000, -0.4662,-0.0000, -0.0000, -1.0000, 0.0000,-0.0000, -1.0000, 0.0000, 1.0745,0.0000, 0.0000, 0.0000, 1.0000///R_ForeArm
HLP_R_ForeArm_Btm__offset///-1.0000, 0.0000, 0.0000, -0.5265,-0.0000, -0.0000, -1.0000, 0.0000,0.0000, -1.0000, 0.0000, 1.0745,0.0000, 0.0000, 0.0000, 1.0000///R_ForeArm
HLP_R_Elbow__offset///-1.0000, -0.0000, 0.0000, -0.3681,-0.0000, 1.0000, -0.0000, 0.0217,-0.0000, -0.0000, -1.0000, 1.0745,0.0000, 0.0000, 0.0000, 1.0000///R_ForeArm
R_ForeArm_Slide__offset///-1.0000, 0.0000, 0.0000, -0.4493,-0.0000, -0.0000, -1.0000, 0.0000,-0.0000, -1.0000, 0.0000, 1.0745,0.0000, 0.0000, 0.0000, 1.0000///R_ForeArm
R_ForeArm__offset///-1.0000, -0.0000, 0.0000, -0.3681,-0.0000, 1.0000, -0.0000, 0.0000,-0.0000, -0.0000, -1.0000, 1.0745,0.0000, 0.0000, 0.0000, 1.0000///R_ForeArm
HLP_R_Arm_Top__offset///-1.0000, 0.0000, -0.0000, -0.1418,0.0000, 1.0000, 0.0000, 0.0000,0.0000, 0.0000, -1.0000, 1.0745,0.0000, 0.0000, 0.0000, 1.0000///R_Arm
HLP_R_Arm_Mid__offset///-1.0000, 0.0000, 0.0000, -0.2472,0.0000, 1.0000, -0.0000, 0.0000,-0.0000, -0.0000, -1.0000, 1.0745,0.0000, 0.0000, 0.0000, 1.0000///R_Arm
R_Bicep_Slide__offset///-1.0000, 0.0000, 0.0000, -0.2620,0.0000, 1.0000, -0.0000, -0.0011,-0.0000, -0.0000, -1.0000, 1.0745,0.0000, 0.0000, 0.0000, 1.0000///R_Arm
R_Tricep_Slide__offset///-1.0000, 0.0000, 0.0000, -0.2620,0.0000, 1.0000, -0.0000, 0.0003,-0.0000, -0.0000, -1.0000, 1.0745,0.0000, 0.0000, 0.0000, 1.0000///R_Arm
R_Arm_Btm__offset///-1.0000, 0.0000, 0.0000, -0.3680,0.0000, 1.0000, -0.0000, 0.0000,-0.0000, -0.0000, -1.0000, 1.0745,0.0000, 0.0000, 0.0000, 1.0000///R_Arm
HLP_R_ShldrBlade__offset///-1.0000, 0.0000, 0.0000, -0.1137,0.0000, 1.0000, -0.0000, -0.0007,-0.0000, -0.0000, -1.0000, 1.0599,0.0000, 0.0000, 0.0000, 1.0000///R_Shoulder
HLP_R_Shldr_B__offset///-1.0000, 0.0000, 0.0000, -0.1416,0.0000, 1.0000, -0.0000, 0.0000,-0.0000, -0.0000, -1.0000, 1.0745,0.0000, 0.0000, 0.0000, 1.0000///R_Shoulder
HLP_L_CollarBone__offset///0.9611, -0.0002, 0.2761, 0.0077,0.2761, -0.0001, -0.9611, -0.0385,0.0002, 1.0000, -0.0000, 1.0745,0.0000, 0.0000, 0.0000, 1.0000///Spine2
HLP_L_Shldr_F__offset///0.9800, 0.1613, 0.1163, 0.1025,0.1148, 0.0189, -0.9932, -0.0311,-0.1624, 0.9867, 0.0000, 1.1185,0.0000, 0.0000, 0.0000, 1.0000///HLP_L_CollarBone__offset
L_Shldr_F1__null///0.9800, 0.1613, 0.1163, 0.1779,0.1148, 0.0189, -0.9932, -0.0223,-0.1624, 0.9867, -0.0000, 1.1060,0.0000, 0.0000, 0.0000, 1.0000///HLP_L_Shldr_F__offset
HLP_L_CollarBone_up__offset///0.9611, -0.0002, 0.2761, 0.0077,0.2761, -0.0001, -0.9611, -0.0384,0.0002, 1.0000, -0.0000, 1.0745,0.0000, 0.0000, 0.0000, 1.0000///HLP_L_CollarBone__offset
L_CollarBone1__null///0.9611, -0.0002, 0.2761, 0.1483,0.2761, -0.0001, -0.9611, 0.0019,0.0002, 1.0000, -0.0000, 1.0745,0.0000, 0.0000, 0.0000, 1.0000///HLP_L_CollarBone__offset
HLP_R_CollarBone__offset///-0.9611, -0.0002, -0.2761, -0.0077,0.2761, 0.0001, -0.9611, -0.0385,0.0002, -1.0000, 0.0000, 1.0745,0.0000, 0.0000, 0.0000, 1.0000///Spine2
HLP_R_Shldr_F__offset///-0.9800, -0.1613, 0.1163, -0.1025,0.1148, 0.0189, 0.9932, -0.0311,-0.1624, 0.9867, -0.0000, 1.1185,0.0000, 0.0000, 0.0000, 1.0000///HLP_R_CollarBone__offset
R_Shldr_F1__null///-0.9800, -0.1613, 0.1163, -0.1779,0.1148, 0.0189, 0.9932, -0.0223,-0.1624, 0.9867, 0.0000, 1.1060,0.0000, 0.0000, 0.0000, 1.0000///HLP_R_Shldr_F__offset
HLP_R_CollarBone_up__offset///-0.9611, -0.0002, -0.2761, -0.0077,0.2761, 0.0001, -0.9611, -0.0384,0.0002, -1.0000, 0.0000, 1.0745,0.0000, 0.0000, 0.0000, 1.0000///HLP_R_CollarBone__offset
R_CollarBone1__null///-0.9611, -0.0002, -0.2761, -0.1483,0.2761, 0.0001, -0.9611, 0.0019,0.0002, -1.0000, 0.0000, 1.0745,0.0000, 0.0000, 0.0000, 1.0000///HLP_R_CollarBone__offset
HLP_L_Pectoral__offset///0.9692, -0.2390, 0.0591, 0.0001,0.0574, -0.0141, -0.9983, -0.0146,0.2394, 0.9709, 0.0000, 1.0134,0.0000, 0.0000, 0.0000, 1.0000///Spine2
L_Pectoral__null///0.9692, -0.2390, 0.0591, 0.1493,0.0574, -0.0141, -0.9983, -0.0058,0.2394, 0.9709, 0.0000, 1.0503,0.0000, 0.0000, 0.0000, 1.0000///HLP_L_Pectoral__offset
HLP_L_Pectoral_side__offset///0.9692, -0.2390, 0.0591, 0.0001,0.0574, -0.0141, -0.9983, -0.0146,0.2394, 0.9709, 0.0000, 1.0135,0.0000, 0.0000, 0.0000, 1.0000///HLP_L_Pectoral__offset
HLP_R_Pectoral__offset///-0.9692, 0.2390, 0.0591, -0.0001,0.0574, -0.0141, 0.9983, -0.0146,0.2394, 0.9709, -0.0000, 1.0134,0.0000, 0.0000, 0.0000, 1.0000///Spine2
R_Pectoral__null///-0.9692, 0.2390, 0.0591, -0.1493,0.0574, -0.0141, 0.9983, -0.0058,0.2394, 0.9709, 0.0000, 1.0503,0.0000, 0.0000, 0.0000, 1.0000///HLP_R_Pectoral__offset
HLP_R_Pectoral_side__offset///-0.9692, 0.2390, 0.0591, -0.0001,0.0574, -0.0141, 0.9983, -0.0146,0.2394, 0.9709, 0.0000, 1.0135,0.0000, 0.0000, 0.0000, 1.0000///HLP_R_Pectoral__offset
Spine2__offset///0.0000, -0.0000, 1.0000, 0.0000,-0.0000, -1.0000, -0.0000, 0.0000,1.0000, -0.0000, -0.0000, 0.9050,0.0000, 0.0000, 0.0000, 1.0000///Spine2
Spine2_breast__offset///0.0000, -0.0000, 1.0000, 0.0000,-0.0000, -1.0000, -0.0000, 0.0001,1.0000, -0.0000, -0.0000, 0.9351,0.0000, 0.0000, 0.0000, 1.0000///Spine2__offset
Spine2up__offset///0.0000, -0.0000, 1.0000, 0.0000,-0.0000, -1.0000, -0.0000, 0.0000,1.0000, -0.0000, -0.0000, 0.9051,0.0000, 0.0000, 0.0000, 1.0000///Spine2__offset
Spine2side__offset///0.0000, -0.0000, 1.0000, 0.0000,-0.0000, -1.0000, -0.0000, 0.0000,1.0000, -0.0000, -0.0000, 0.9049,0.0000, 0.0000, 0.0000, 1.0000///Spine2
OPT0_bustL///0.3127, -0.0846, -0.9461, 0.0169,-0.9461, 0.0601, -0.3181, 0.0601,0.0838, 0.9946, -0.0612, 0.9574,0.0000, 0.0000, 0.0000, 1.0000///Spine2
OPT1_bustL///-0.3127, -0.0846, 0.9461, 0.0805,0.9461, 0.0601, 0.3181, -0.1322,-0.0838, 0.9946, 0.0612, 0.9744,0.0000, 0.0000, 0.0000, 1.0000///OPT0_bustL
OPT1_bustL_end///0.9983, -0.0464, 0.0341, 0.0624,0.0316, -0.0539, -0.9980, -0.0772,0.0482, 0.9975, -0.0523, 0.9696,0.0000, 0.0000, 0.0000, 1.0000///OPT1_bustL
OPT2_bustR///0.3127, -0.0845, -0.9461, -0.0168,0.9461, -0.0601, 0.3181, 0.0601,-0.0838, -0.9946, 0.0612, 0.9574,0.0000, 0.0000, 0.0000, 1.0000///Spine2
OPT3_bustR///-0.3127, -0.0845, 0.9461, -0.0804,-0.9461, -0.0601, -0.3181, -0.1322,0.0838, -0.9946, -0.0612, 0.9744,0.0000, 0.0000, 0.0000, 1.0000///OPT2_bustR
OPT1_bustR_end///0.9983, -0.0464, 0.0341, -0.0622,-0.0316, 0.0539, 0.9980, -0.0772,-0.0481, -0.9975, 0.0523, 0.9696,0.0000, 0.0000, 0.0000, 1.0000///OPT3_bustR
Spine1__offset///0.0000, -0.0000, 1.0000, 0.0000,-0.0000, -1.0000, -0.0000, 0.0000,1.0000, -0.0000, -0.0000, 0.8049,0.0000, 0.0000, 0.0000, 1.0000///Spine1
Spine1_front__offset///0.0000, -0.0000, 1.0000, 0.0000,-0.0000, -1.0000, -0.0000, 0.0000,1.0000, -0.0000, -0.0000, 0.8051,0.0000, 0.0000, 0.0000, 1.0000///Spine1
transform7///1.0000, 0.0000, -0.0000, -0.0000,-0.0000, 1.0000, 0.0000, 0.0000,0.0000, 0.0000, 1.0000, 0.8050,0.0000, 0.0000, 0.0000, 1.0000///Spine1
Hip_OPT004///-0.0000, 0.0000, -1.0000, 0.0347,-0.5373, -0.8434, -0.0000, -0.1079,-0.8434, 0.5373, 0.0000, 0.7994,0.0000, 0.0000, 0.0000, 1.0000///transform7
Hip_OPT005///-0.0000, 0.0000, -1.0000, 0.0347,-0.5373, -0.8434, -0.0000, -0.1616,-0.8434, 0.5373, 0.0000, 0.7151,0.0000, 0.0000, 0.0000, 1.0000///Hip_OPT004
Hip_OPT006///-0.0000, 0.0000, -1.0000, 0.0347,-0.5373, -0.8434, -0.0000, -0.2154,-0.8434, 0.5373, 0.0000, 0.6307,0.0000, 0.0000, 0.0000, 1.0000///Hip_OPT005
transform8///1.0000, 0.0000, -0.0000, -0.0000,-0.0000, 1.0000, 0.0000, 0.0000,0.0000, 0.0000, 1.0000, 0.8050,0.0000, 0.0000, 0.0000, 1.0000///Spine1
Hip_OPT001///-0.0000, 0.0000, -1.0000, -0.0286,-0.5373, -0.8434, -0.0000, -0.1079,-0.8434, 0.5373, 0.0000, 0.7994,0.0000, 0.0000, 0.0000, 1.0000///transform8
Hip_OPT002///-0.0000, 0.0000, -1.0000, -0.0286,-0.5373, -0.8434, -0.0000, -0.1616,-0.8434, 0.5373, 0.0000, 0.7151,0.0000, 0.0000, 0.0000, 1.0000///Hip_OPT001
Hip_OPT003///-0.0000, 0.0000, -1.0000, -0.0286,-0.5373, -0.8434, -0.0000, -0.2154,-0.8434, 0.5373, 0.0000, 0.6307,0.0000, 0.0000, 0.0000, 1.0000///Hip_OPT002
Hip///-0.0000, -0.0000, 1.0000, 0.0000,-0.0000, 1.0000, 0.0000, 0.0000,-1.0000, 0.0000, -0.0000, 0.8050,0.0000, 0.0000, 0.0000, 1.0000///BASE
L_UpLeg///0.0000, 0.0000, 1.0000, 0.0700,-0.0001, 1.0000, -0.0000, -0.0000,-1.0000, -0.0001, 0.0000, 0.6930,0.0000, 0.0000, 0.0000, 1.0000///Hip
L_Leg///0.0000, 0.0000, 1.0000, 0.0700,0.0001, 1.0000, -0.0000, -0.0000,-1.0000, 0.0001, 0.0000, 0.3850,0.0000, 0.0000, 0.0000, 1.0000///L_UpLeg
L_Foot///-0.0000, 0.0000, 1.0000, 0.0700,0.0000, 1.0000, -0.0000, -0.0000,-1.0000, 0.0000, -0.0000, 0.0910,0.0000, 0.0000, 0.0000, 1.0000///L_Leg
L_Toe///-0.0000, 0.0000, 1.0000, 0.0700,-1.0000, 0.0000, -0.0000, -0.1071,0.0000, -1.0000, 0.0000, 0.0211,0.0000, 0.0000, 0.0000, 1.0000///L_Foot
L_Toe1__null///-0.0000, 0.0000, 1.0000, 0.0700,-1.0000, 0.0000, -0.0000, -0.1981,-0.0000, -1.0000, 0.0000, 0.0211,0.0000, 0.0000, 0.0000, 1.0000///L_Toe
L_Toe__offset///-0.0000, 0.0000, 1.0000, 0.0700,-1.0000, 0.0000, -0.0000, -0.1072,0.0000, -1.0000, 0.0000, 0.0211,0.0000, 0.0000, 0.0000, 1.0000///L_Toe
ATH_L_Toe_Btm///1.0000, 0.0000, -0.0000, 0.0700,-0.0000, 1.0000, -0.0000, -0.1120,0.0000, 0.0000, 1.0000, -0.0034,0.0000, 0.0000, 0.0000, 1.0000///L_Toe
L_Foot__offset///-0.0000, 0.0000, 1.0000, 0.0700,0.0000, 1.0000, -0.0000, -0.0000,-1.0000, 0.0000, -0.0000, 0.0909,0.0000, 0.0000, 0.0000, 1.0000///L_Foot
L_Ankle__offset///-0.0000, 0.0000, 1.0000, 0.0700,0.0000, 1.0000, -0.0000, -0.0000,-1.0000, 0.0000, -0.0000, 0.0911,0.0000, 0.0000, 0.0000, 1.0000///L_Foot
ATH_L_Foot_Btm///1.0000, 0.0000, 0.0000, 0.0700,-0.0000, 1.0000, -0.0000, -0.0000,-0.0000, 0.0000, 1.0000, -0.0035,0.0000, 0.0000, 0.0000, 1.0000///L_Foot
L_Calf_Slide__offset///1.0000, -0.0000, -0.0000, 0.0700,-0.0000, -0.0001, -1.0000, -0.0000,0.0000, 1.0000, -0.0001, 0.2380,0.0000, 0.0000, 0.0000, 1.0000///L_Leg
L_Leg__offset///-0.0000, 0.0000, 1.0000, 0.0700,0.0000, 1.0000, -0.0000, -0.0000,-1.0000, 0.0000, -0.0000, 0.3849,0.0000, 0.0000, 0.0000, 1.0000///L_Leg
HLP_L_Knee__offset///-0.0000, 0.0000, 1.0000, 0.0700,0.0000, 1.0000, -0.0000, -0.0141,-1.0000, 0.0000, -0.0000, 0.3850,0.0000, 0.0000, 0.0000, 1.0000///L_UpLeg
HLP_L_UpLeg_Top__offset///-0.0000, -0.0000, 1.0000, 0.0700,-0.0000, 1.0000, 0.0000, -0.0000,-1.0000, 0.0000, -0.0000, 0.6931,0.0000, 0.0000, 0.0000, 1.0000///L_UpLeg
HLP_L_UpLeg_Mid__offset///-0.0000, 0.0000, 1.0000, 0.0700,0.0000, 1.0000, -0.0000, -0.0000,-1.0000, 0.0000, -0.0000, 0.5530,0.0000, 0.0000, 0.0000, 1.0000///L_UpLeg
L_Thigh_Slide__offset///1.0000, -0.0000, -0.0000, 0.0700,-0.0000, 0.0001, -1.0000, -0.0007,0.0000, 1.0000, 0.0001, 0.5390,0.0000, 0.0000, 0.0000, 1.0000///L_UpLeg
L_UpLeg__offset///-0.0000, 0.0000, 1.0000, 0.0700,0.0000, 1.0000, -0.0000, -0.0000,-1.0000, 0.0000, -0.0000, 0.6929,0.0000, 0.0000, 0.0000, 1.0000///L_UpLeg
R_UpLeg///0.0000, 0.0000, 1.0000, -0.0700,-0.0001, 1.0000, 0.0000, -0.0000,-1.0000, -0.0001, 0.0000, 0.6930,0.0000, 0.0000, 0.0000, 1.0000///Hip
R_Leg///0.0000, 0.0000, 1.0000, -0.0700,0.0001, 1.0000, -0.0000, -0.0000,-1.0000, 0.0001, 0.0000, 0.3850,0.0000, 0.0000, 0.0000, 1.0000///R_UpLeg
R_Foot///0.0013, 0.0000, 1.0000, -0.0700,0.0000, 1.0000, -0.0000, -0.0000,-1.0000, 0.0000, 0.0013, 0.0910,0.0000, 0.0000, 0.0000, 1.0000///R_Leg
R_Toe///-0.0000, 0.0013, 1.0000, -0.0699,-1.0000, 0.0000, -0.0000, -0.1071,-0.0000, -1.0000, 0.0013, 0.0211,0.0000, 0.0000, 0.0000, 1.0000///R_Foot
R_Toe1__null///-0.0000, 0.0013, 1.0000, -0.0699,-1.0000, 0.0000, -0.0000, -0.1981,-0.0000, -1.0000, 0.0013, 0.0211,0.0000, 0.0000, 0.0000, 1.0000///R_Toe
R_Toe__offset///0.0000, 0.0013, 1.0000, -0.0699,-1.0000, 0.0000, 0.0000, -0.1072,0.0000, -1.0000, 0.0013, 0.0211,0.0000, 0.0000, 0.0000, 1.0000///R_Toe
ATH_R_Toe_Btm///1.0000, 0.0000, 0.0000, -0.0699,-0.0000, 1.0000, 0.0000, -0.1120,-0.0000, -0.0000, 1.0000, -0.0034,0.0000, 0.0000, 0.0000, 1.0000///R_Toe
R_Foot__offset///-0.0000, 0.0000, 1.0000, -0.0700,0.0000, 1.0000, -0.0000, -0.0000,-1.0000, 0.0000, -0.0000, 0.0909,0.0000, 0.0000, 0.0000, 1.0000///R_Foot
R_Ankle__offset///0.0000, -0.0000, 1.0000, -0.0700,-0.0000, -1.0000, -0.0000, -0.0000,1.0000, -0.0000, -0.0000, 0.0911,0.0000, 0.0000, 0.0000, 1.0000///R_Foot
ATH_R_Foot_Btm///1.0000, 0.0000, 0.0000, -0.0699,-0.0000, 1.0000, -0.0000, -0.0000,-0.0000, 0.0000, 1.0000, -0.0035,0.0000, 0.0000, 0.0000, 1.0000///R_Foot
R_Calf_Slide__offset///1.0000, -0.0000, 0.0000, -0.0700,0.0000, -0.0001, -1.0000, -0.0000,0.0000, 1.0000, -0.0001, 0.2380,0.0000, 0.0000, 0.0000, 1.0000///R_Leg
R_Leg__offset///-0.0000, 0.0000, 1.0000, -0.0700,0.0000, 1.0000, 0.0000, -0.0000,-1.0000, 0.0000, -0.0000, 0.3849,0.0000, 0.0000, 0.0000, 1.0000///R_Leg
HLP_R_Knee__offset///-0.0000, 0.0000, 1.0000, -0.0700,0.0000, 1.0000, 0.0000, -0.0141,-1.0000, 0.0000, -0.0000, 0.3850,0.0000, 0.0000, 0.0000, 1.0000///R_UpLeg
HLP_R_UpLeg_Top__offset///-0.0000, -0.0000, 1.0000, -0.0700,-0.0000, 1.0000, 0.0000, -0.0000,-1.0000, 0.0000, -0.0000, 0.6931,0.0000, 0.0000, 0.0000, 1.0000///R_UpLeg
HLP_R_UpLeg_Mid__offset///-0.0000, -0.0000, 1.0000, -0.0700,-0.0000, 1.0000, 0.0000, -0.0000,-1.0000, 0.0000, -0.0000, 0.5530,0.0000, 0.0000, 0.0000, 1.0000///R_UpLeg
R_Thigh_Slide__offset///1.0000, -0.0000, 0.0000, -0.0700,0.0000, 0.0001, -1.0000, -0.0007,0.0000, 1.0000, 0.0001, 0.5390,0.0000, 0.0000, 0.0000, 1.0000///R_UpLeg
R_UpLeg__offset///-0.0000, 0.0000, 1.0000, -0.0700,0.0000, 1.0000, 0.0000, -0.0000,-1.0000, 0.0000, -0.0000, 0.6929,0.0000, 0.0000, 0.0000, 1.0000///R_UpLeg
HLP_L_Butt__offset///-0.0000, -0.0000, 1.0000, 0.0701,-0.0000, 1.0000, 0.0000, 0.0001,-1.0000, 0.0000, -0.0000, 0.6929,0.0000, 0.0000, 0.0000, 1.0000///Hip
HLP_R_Butt__offset///-0.0000, -0.0000, 1.0000, -0.0701,-0.0000, 1.0000, 0.0000, 0.0001,-1.0000, 0.0000, -0.0000, 0.6929,0.0000, 0.0000, 0.0000, 1.0000///Hip
HLP_L_Inguinal__offset///-0.1165, -0.0101, -0.9931, 0.1169,0.0867, -0.9962, 0.0000, -0.0349,-0.9894, -0.0861, 0.1169, 0.7833,0.0000, 0.0000, 0.0000, 1.0000///Hip
L_Inguinal1__null///-0.1165, -0.0101, -0.9932, 0.0924,0.0867, -0.9962, -0.0000, -0.0167,-0.9894, -0.0861, 0.1169, 0.5755,0.0000, 0.0000, 0.0000, 1.0000///HLP_L_Inguinal__offset
HLP_R_Inguinal__offset///0.1165, 0.0101, -0.9931, -0.1169,0.0867, -0.9962, 0.0000, -0.0349,-0.9894, -0.0861, -0.1169, 0.7833,0.0000, 0.0000, 0.0000, 1.0000///Hip
R_Inguinal__null///0.1165, 0.0101, -0.9931, -0.0924,0.0867, -0.9962, -0.0000, -0.0167,-0.9894, -0.0861, -0.1169, 0.5755,0.0000, 0.0000, 0.0000, 1.0000///HLP_R_Inguinal__offset
Hip__offset///-0.0000, -0.0000, 1.0000, 0.0000,-0.0000, 1.0000, 0.0000, 0.0000,-1.0000, 0.0000, -0.0000, 0.8051,0.0000, 0.0000, 0.0000, 1.0000///Hip
Hip_front__offset///-0.0000, -0.0000, 1.0000, -0.0000,-0.0000, 1.0000, 0.0000, 0.0000,-1.0000, 0.0000, -0.0000, 0.8049,0.0000, 0.0000, 0.0000, 1.0000///Hip
EDIT__null///1.0000, 0.0000, 0.0000, 0.0014,0.0000, 1.0000, 0.0000, 0.0000,0.0000, 0.0000, 1.0000, -0.0000,0.0000, 0.0000, 0.0000, 1.0000///MODEL_00
Deform__null///1.0000, 0.0000, 0.0000, 0.0083,0.0000, 1.0000, 0.0000, 0.0015,0.0000, 0.0000, 1.0000, -0.0002,0.0000, 0.0000, 0.0000, 1.0000///EDIT__null
