MODEL_00///1.0000, 0.0000, 0.0000, 0.0000,0.0000, 1.0000, 0.0000, -0.0000,0.0000, 0.0000, 1.0000, 0.0000,0.0000, 0.0000, 0.0000, 1.0000///
BODY_SCALE__group///1.0000, 0.0000, 0.0000, 0.0000,0.0000, 0.0000, -1.0000, 0.0000,0.0000, 1.0000, 0.0000, 0.0000,0.0000, 0.0000, 0.0000, 1.0000///MODEL_00
BASE///1.0000, 0.0000, 0.0000, 0.0000,0.0000, -0.0000, -1.0000, 0.0000,0.0000, 1.0000, -0.0000, 1.1270,0.0000, 0.0000, 0.0000, 1.0000///BODY_SCALE__group
Spine1///0.0000, -0.0000, 1.0000, 0.0000,-0.0000, -1.0000, -0.0000, 0.0000,1.0000, -0.0000, -0.0000, 1.1270,0.0000, 0.0000, 0.0000, 1.0000///BASE
Spine2///0.0000, -0.0000, 1.0000, 0.0000,-0.0000, -1.0000, -0.0000, 0.0000,1.0000, -0.0000, -0.0000, 1.2429,0.0000, 0.0000, 0.0000, 1.0000///Spine1
Neck///0.0000, -0.0000, 1.0000, 0.0000,-0.0000, -1.0000, -0.0000, 0.0000,1.0000, -0.0000, -0.0000, 1.4837,0.0000, 0.0000, 0.0000, 1.0000///Spine2
Head///-0.0000, 1.0000, -0.0000, 0.0000,-1.0000, -0.0000, -0.0000, 0.0000,-0.0000, 0.0000, 1.0000, 1.5818,0.0000, 0.0000, 0.0000, 1.0000///Neck
Head__offset///-0.0000, 1.0000, -0.0000, 0.0000,-1.0000, -0.0000, 0.0003, 0.0000,0.0003, 0.0000, 1.0000, 1.5819,0.0000, 0.0000, 0.0000, 1.0000///Head
ATH_Head_Top///1.0000, 0.0000, -0.0000, -0.0000,-0.0000, 1.0000, 0.0000, 0.0000,0.0000, 0.0000, 1.0000, 1.7290,0.0000, 0.0000, 0.0000, 1.0000///Head
L_Mayu2_Joint///1.0000, -0.0000, -0.0000, 0.0354,-0.0000, -0.0000, -1.0000, -0.1073,0.0000, 1.0000, -0.0000, 1.6461,0.0000, 0.0000, 0.0000, 1.0000///Head
L_Mayu3_Joint///1.0000, 0.0000, -0.0000, 0.0554,-0.0000, -0.0000, -1.0000, -0.0859,-0.0000, 1.0000, -0.0000, 1.6441,0.0000, 0.0000, 0.0000, 1.0000///Head
L_Mayu1_Joint///1.0000, -0.0000, -0.0000, 0.0139,-0.0000, -0.0000, -1.0000, -0.1137,0.0000, 1.0000, -0.0000, 1.6413,0.0000, 0.0000, 0.0000, 1.0000///Head
R_Mayu3_Joint///1.0000, -0.0000, -0.0000, -0.0554,-0.0000, -0.0000, -1.0000, -0.0859,0.0000, 1.0000, -0.0000, 1.6441,0.0000, 0.0000, 0.0000, 1.0000///Head
R_Mayu2_Joint///1.0000, -0.0000, -0.0000, -0.0354,-0.0000, -0.0000, -1.0000, -0.1073,0.0000, 1.0000, -0.0000, 1.6461,0.0000, 0.0000, 0.0000, 1.0000///Head
R_Mayu1_Joint///1.0000, -0.0000, -0.0000, -0.0139,-0.0000, -0.0000, -1.0000, -0.1137,0.0000, 1.0000, -0.0000, 1.6413,0.0000, 0.0000, 0.0000, 1.0000///Head
R_Eyecorner///1.0000, -0.0000, -0.0000, -0.0455,-0.0000, -0.0000, -1.0000, -0.0918,0.0000, 1.0000, -0.0000, 1.6292,0.0000, 0.0000, 0.0000, 1.0000///Head
R_UwaMabuta_Joint///1.0000, -0.0000, -0.0000, -0.0307,-0.0000, -0.1294, -0.9916, -0.0836,0.0000, 0.9916, -0.1294, 1.6278,0.0000, 0.0000, 0.0000, 1.0000///Head
R_UpEyelid1///1.0000, -0.0000, -0.0000, -0.0260,-0.0000, -0.1294, -0.9916, -0.1021,0.0000, 0.9916, -0.1294, 1.6320,0.0000, 0.0000, 0.0000, 1.0000///R_UwaMabuta_Joint
R_UpEyelid2///1.0000, -0.0000, -0.0000, -0.0387,-0.0000, -0.1294, -0.9916, -0.0997,0.0000, 0.9916, -0.1294, 1.6323,0.0000, 0.0000, 0.0000, 1.0000///R_UwaMabuta_Joint
L_UwaMabuta_Joint///1.0000, 0.0000, 0.0000, 0.0307,0.0000, -0.1294, -0.9916, -0.0836,0.0000, 0.9916, -0.1294, 1.6281,0.0000, 0.0000, 0.0000, 1.0000///Head
L_UpEyelid2///1.0000, 0.0000, 0.0000, 0.0387,0.0000, -0.1294, -0.9916, -0.0997,0.0000, 0.9916, -0.1294, 1.6326,0.0000, 0.0000, 0.0000, 1.0000///L_UwaMabuta_Joint
L_UpEyelid1///1.0000, 0.0000, 0.0000, 0.0261,0.0000, -0.1294, -0.9916, -0.1021,0.0000, 0.9916, -0.1294, 1.6323,0.0000, 0.0000, 0.0000, 1.0000///L_UwaMabuta_Joint
L_Eyecorner///1.0000, -0.0000, -0.0000, 0.0455,-0.0000, -0.0000, -1.0000, -0.0918,0.0000, 1.0000, -0.0000, 1.6292,0.0000, 0.0000, 0.0000, 1.0000///Head
L_Eye_Joint///1.0000, -0.0000, 0.0000, 0.0298,0.0000, -0.0000, -1.0000, -0.0840,0.0000, 1.0000, -0.0000, 1.6269,0.0000, 0.0000, 0.0000, 1.0000///Head
R_Eye_Joint///1.0000, -0.0000, -0.0000, -0.0298,-0.0000, -0.0000, -1.0000, -0.0840,0.0000, 1.0000, -0.0000, 1.6269,0.0000, 0.0000, 0.0000, 1.0000///Head
R_SitaMabuta_Joint///1.0000, -0.0000, -0.0000, -0.0307,-0.0000, -0.0000, -1.0000, -0.0839,0.0000, 1.0000, -0.0000, 1.6268,0.0000, 0.0000, 0.0000, 1.0000///Head
R_LowEyelid1///1.0000, -0.0000, -0.0000, -0.0296,-0.0000, -0.0000, -1.0000, -0.1005,0.0000, 1.0000, -0.0000, 1.6220,0.0000, 0.0000, 0.0000, 1.0000///R_SitaMabuta_Joint
R_LowEyelid2///1.0000, -0.0000, -0.0000, -0.0414,-0.0000, -0.0000, -1.0000, -0.0960,0.0000, 1.0000, -0.0000, 1.6220,0.0000, 0.0000, 0.0000, 1.0000///R_SitaMabuta_Joint
L_SitaMabuta_Joint///1.0000, -0.0000, -0.0000, 0.0307,-0.0000, -0.0000, -1.0000, -0.0839,0.0000, 1.0000, -0.0000, 1.6268,0.0000, 0.0000, 0.0000, 1.0000///Head
L_LowEyelid2///1.0000, -0.0000, -0.0000, 0.0414,-0.0000, -0.0000, -1.0000, -0.0960,0.0000, 1.0000, -0.0000, 1.6220,0.0000, 0.0000, 0.0000, 1.0000///L_SitaMabuta_Joint
L_LowEyelid1///1.0000, -0.0000, -0.0000, 0.0296,-0.0000, -0.0000, -1.0000, -0.1005,0.0000, 1.0000, -0.0000, 1.6220,0.0000, 0.0000, 0.0000, 1.0000///L_SitaMabuta_Joint
L_Hoho_Joint///1.0000, -0.0000, -0.0000, 0.0469,-0.0000, -0.0000, -1.0000, -0.0842,0.0000, 1.0000, -0.0000, 1.6079,0.0000, 0.0000, 0.0000, 1.0000///Head
L_Hana_Joint///1.0000, -0.0000, -0.0000, 0.0148,-0.0000, -0.0000, -1.0000, -0.0970,0.0000, 1.0000, -0.0000, 1.6118,0.0000, 0.0000, 0.0000, 1.0000///Head
R_Hana_Joint///1.0000, -0.0000, -0.0000, -0.0148,-0.0000, -0.0000, -1.0000, -0.0970,0.0000, 1.0000, -0.0000, 1.6118,0.0000, 0.0000, 0.0000, 1.0000///Head
R_Hoho_Joint///1.0000, -0.0000, -0.0000, -0.0469,-0.0000, -0.0000, -1.0000, -0.0842,0.0000, 1.0000, -0.0000, 1.6079,0.0000, 0.0000, 0.0000, 1.0000///Head
L_Kobana_Joint///1.0000, -0.0000, -0.0000, 0.0129,-0.0000, -0.0000, -1.0000, -0.1052,0.0000, 1.0000, -0.0000, 1.5970,0.0000, 0.0000, 0.0000, 1.0000///Head
R_Kobana_Joint///1.0000, -0.0000, -0.0000, -0.0129,-0.0000, -0.0000, -1.0000, -0.1052,0.0000, 1.0000, -0.0000, 1.5970,0.0000, 0.0000, 0.0000, 1.0000///Head
L_Chobo_Joint///1.0000, -0.0000, -0.0000, 0.0499,-0.0000, -0.0000, -1.0000, -0.0638,0.0000, 1.0000, -0.0000, 1.5796,0.0000, 0.0000, 0.0000, 1.0000///Head
R_Chobo_Joint///1.0000, -0.0000, -0.0000, -0.0499,-0.0000, -0.0000, -1.0000, -0.0638,0.0000, 1.0000, -0.0000, 1.5796,0.0000, 0.0000, 0.0000, 1.0000///Head
L_LipU_Joint///1.0000, -0.0000, -0.0000, 0.0115,-0.0000, -0.0000, -1.0000, -0.1086,0.0000, 1.0000, -0.0000, 1.5681,0.0000, 0.0000, 0.0000, 1.0000///Head
R_LipU_Joint///1.0000, -0.0000, -0.0000, -0.0115,-0.0000, -0.0000, -1.0000, -0.1086,0.0000, 1.0000, -0.0000, 1.5681,0.0000, 0.0000, 0.0000, 1.0000///Head
M_LipU_Joint///1.0000, -0.0000, -0.0000, -0.0000,-0.0000, -0.0000, -1.0000, -0.1143,0.0000, 1.0000, -0.0000, 1.5689,0.0000, 0.0000, 0.0000, 1.0000///Head
Jaw_Joint///1.0000, -0.0000, -0.0000, -0.0000,-0.0000, -0.0000, -1.0000, -0.0355,0.0000, 1.0000, -0.0000, 1.5896,0.0000, 0.0000, 0.0000, 1.0000///Head
L_LipD_Joint///1.0000, -0.0000, -0.0000, 0.0122,-0.0000, -0.0000, -1.0000, -0.1031,0.0000, 1.0000, -0.0000, 1.5588,0.0000, 0.0000, 0.0000, 1.0000///Jaw_Joint
R_LipD_Joint///1.0000, -0.0000, -0.0000, -0.0122,-0.0000, -0.0000, -1.0000, -0.1031,0.0000, 1.0000, -0.0000, 1.5588,0.0000, 0.0000, 0.0000, 1.0000///Jaw_Joint
M_LipD_Joint///1.0000, -0.0000, -0.0000, -0.0000,-0.0000, -0.0000, -1.0000, -0.1093,0.0000, 1.0000, -0.0000, 1.5566,0.0000, 0.0000, 0.0000, 1.0000///Jaw_Joint
L_LipE_Joint///1.0000, -0.0000, -0.0000, 0.0232,-0.0000, -0.0000, -1.0000, -0.0956,0.0000, 1.0000, -0.0000, 1.5659,0.0000, 0.0000, 0.0000, 1.0000///Jaw_Joint
R_LipE_Joint///1.0000, -0.0000, -0.0000, -0.0232,-0.0000, -0.0000, -1.0000, -0.0956,0.0000, 1.0000, -0.0000, 1.5659,0.0000, 0.0000, 0.0000, 1.0000///Jaw_Joint
Bero1_Joint///-0.0002, 0.0008, -1.0000, -0.0000,-0.9772, -0.2124, 0.0000, -0.0573,-0.2124, 0.9772, 0.0008, 1.5702,0.0000, 0.0000, 0.0000, 1.0000///Jaw_Joint
Bero1_Joint_pos///-0.0000, 0.0000, -1.0000, -0.0000,-0.9588, -0.2841, -0.0000, -0.0745,-0.2841, 0.9588, 0.0000, 1.5689,0.0000, 0.0000, 0.0000, 1.0000///Bero1_Joint
Bero2_Joint///-0.0000, 0.0000, -1.0000, -0.0000,-0.9588, -0.2841, -0.0000, -0.0745,-0.2841, 0.9588, 0.0000, 1.5689,0.0000, 0.0000, 0.0000, 1.0000///Bero1_Joint_pos
Bero3_Joint///-0.0000, 0.0000, -1.0000, -0.0000,-0.9588, -0.2841, -0.0000, -0.0914,-0.2841, 0.9588, 0.0000, 1.5638,0.0000, 0.0000, 0.0000, 1.0000///Bero2_Joint
Neck__offset///0.0000, -0.0000, 1.0000, 0.0000,-0.0000, -1.0000, -0.0000, 0.0000,1.0000, -0.0000, -0.0000, 1.4836,0.0000, 0.0000, 0.0000, 1.0000///Neck
Neck_back__offset///0.0000, -0.0001, 1.0000, 0.0000,0.0001, -1.0000, -0.0001, 0.0000,1.0000, 0.0001, -0.0000, 1.4838,0.0000, 0.0000, 0.0000, 1.0000///Neck
L_Shoulder///1.0000, -0.0000, -0.0000, 0.0892,-0.0000, -0.0000, -1.0000, 0.0000,0.0000, 1.0000, -0.0000, 1.4391,0.0000, 0.0000, 0.0000, 1.0000///Spine2
L_Arm///1.0000, -0.0000, -0.0000, 0.1703,0.0000, 1.0000, 0.0000, 0.0000,0.0000, -0.0000, 1.0000, 1.4391,0.0000, 0.0000, 0.0000, 1.0000///L_Shoulder
L_ForeArm///1.0000, 0.0000, -0.0000, 0.4550,-0.0000, 1.0000, 0.0000, 0.0000,0.0000, -0.0000, 1.0000, 1.4391,0.0000, 0.0000, 0.0000, 1.0000///L_Arm
L_Hand///1.0000, -0.0000, -0.0000, 0.6997,-0.0000, 0.0000, -1.0000, -0.0000,0.0000, 1.0000, 0.0000, 1.4391,0.0000, 0.0000, 0.0000, 1.0000///L_ForeArm
L_FingerBase///1.0000, -0.0000, -0.0000, 0.7036,-0.0000, 0.0000, -1.0000, -0.0157,0.0000, 1.0000, 0.0000, 1.4391,0.0000, 0.0000, 0.0000, 1.0000///L_Hand
L_Middle///1.0000, -0.0000, -0.0000, 0.7036,-0.0000, 0.0000, -1.0000, -0.0078,0.0000, 1.0000, 0.0000, 1.4391,0.0000, 0.0000, 0.0000, 1.0000///L_FingerBase
L_Ring///1.0000, -0.0000, -0.0000, 0.7036,-0.0000, 0.0000, -1.0000, 0.0000,0.0000, 1.0000, 0.0000, 1.4391,0.0000, 0.0000, 0.0000, 1.0000///L_Middle
L_Pinky///1.0000, -0.0000, -0.0000, 0.7036,-0.0000, 0.0000, -1.0000, 0.0079,0.0000, 1.0000, 0.0000, 1.4391,0.0000, 0.0000, 0.0000, 1.0000///L_Ring
L_Pinky1///1.0000, -0.0000, -0.0000, 0.7844,-0.0000, 0.0000, -1.0000, 0.0302,0.0000, 1.0000, 0.0000, 1.4404,0.0000, 0.0000, 0.0000, 1.0000///L_Pinky
L_Pinky2///1.0000, -0.0000, -0.0000, 0.8220,-0.0000, 0.0000, -1.0000, 0.0302,0.0000, 1.0000, 0.0000, 1.4404,0.0000, 0.0000, 0.0000, 1.0000///L_Pinky1
L_Pinky3///1.0000, -0.0000, -0.0000, 0.8391,-0.0000, 0.0000, -1.0000, 0.0302,0.0000, 1.0000, 0.0000, 1.4404,0.0000, 0.0000, 0.0000, 1.0000///L_Pinky2
L_Pinky4__null///1.0000, -0.0000, -0.0000, 0.8627,-0.0000, 0.0000, -1.0000, 0.0302,0.0000, 1.0000, 0.0000, 1.4404,0.0000, 0.0000, 0.0000, 1.0000///L_Pinky3
L_Ring1///1.0000, -0.0000, -0.0000, 0.7948,-0.0000, 0.0000, -1.0000, 0.0113,0.0000, 1.0000, 0.0000, 1.4418,0.0000, 0.0000, 0.0000, 1.0000///L_Ring
L_Ring2///1.0000, -0.0000, -0.0000, 0.8365,-0.0000, 0.0000, -1.0000, 0.0113,0.0000, 1.0000, 0.0000, 1.4418,0.0000, 0.0000, 0.0000, 1.0000///L_Ring1
L_Ring3///1.0000, -0.0000, -0.0000, 0.8611,-0.0000, 0.0000, -1.0000, 0.0113,0.0000, 1.0000, 0.0000, 1.4418,0.0000, 0.0000, 0.0000, 1.0000///L_Ring2
L_Ring4__null///1.0000, -0.0000, -0.0000, 0.8847,-0.0000, 0.0000, -1.0000, 0.0113,0.0000, 1.0000, 0.0000, 1.4418,0.0000, 0.0000, 0.0000, 1.0000///L_Ring3
L_Middle1///1.0000, -0.0000, -0.0000, 0.7976,-0.0000, 0.0000, -1.0000, -0.0100,0.0000, 1.0000, 0.0000, 1.4433,0.0000, 0.0000, 0.0000, 1.0000///L_Middle
L_Middle2///1.0000, -0.0000, -0.0000, 0.8435,-0.0000, 0.0000, -1.0000, -0.0100,0.0000, 1.0000, 0.0000, 1.4433,0.0000, 0.0000, 0.0000, 1.0000///L_Middle1
L_Middle3///1.0000, -0.0000, -0.0000, 0.8702,-0.0000, 0.0000, -1.0000, -0.0100,0.0000, 1.0000, 0.0000, 1.4433,0.0000, 0.0000, 0.0000, 1.0000///L_Middle2
L_Middle4__null///1.0000, -0.0000, -0.0000, 0.8938,-0.0000, 0.0000, -1.0000, -0.0100,0.0000, 1.0000, 0.0000, 1.4433,0.0000, 0.0000, 0.0000, 1.0000///L_Middle3
L_Index1///1.0000, -0.0000, -0.0000, 0.7976,-0.0000, 0.0000, -1.0000, -0.0323,0.0000, 1.0000, 0.0000, 1.4433,0.0000, 0.0000, 0.0000, 1.0000///L_FingerBase
L_Index2///1.0000, -0.0000, -0.0000, 0.8411,-0.0000, 0.0000, -1.0000, -0.0323,0.0000, 1.0000, 0.0000, 1.4433,0.0000, 0.0000, 0.0000, 1.0000///L_Index1
L_Index3///1.0000, -0.0000, -0.0000, 0.8662,-0.0000, 0.0000, -1.0000, -0.0323,0.0000, 1.0000, 0.0000, 1.4433,0.0000, 0.0000, 0.0000, 1.0000///L_Index2
L_Index4__null///1.0000, -0.0000, -0.0000, 0.8898,-0.0000, 0.0000, -1.0000, -0.0323,0.0000, 1.0000, 0.0000, 1.4433,0.0000, 0.0000, 0.0000, 1.0000///L_Index3
L_Thumb1///0.8053, -0.2750, -0.5252, 0.7188,-0.5122, -0.7689, -0.3827, -0.0350,-0.2986, 0.5772, -0.7600, 1.4277,0.0000, 0.0000, 0.0000, 1.0000///L_FingerBase
L_Thumb2///0.8053, -0.2750, -0.5252, 0.7598,-0.5122, -0.7689, -0.3827, -0.0611,-0.2986, 0.5772, -0.7600, 1.4125,0.0000, 0.0000, 0.0000, 1.0000///L_Thumb1
L_Thumb3///0.8053, -0.2750, -0.5252, 0.7845,-0.5122, -0.7689, -0.3827, -0.0768,-0.2986, 0.5772, -0.7600, 1.4033,0.0000, 0.0000, 0.0000, 1.0000///L_Thumb2
L_Thumb4__null///0.8053, -0.2750, -0.5252, 0.8035,-0.5122, -0.7689, -0.3827, -0.0889,-0.2986, 0.5772, -0.7601, 1.3963,0.0000, 0.0000, 0.0000, 1.0000///L_Thumb3
HLP_L_ForeArm_Mid__offset///1.0000, -0.0000, -0.0000, 0.5933,-0.0000, 0.0000, -1.0000, 0.0000,0.0000, 1.0000, 0.0000, 1.4391,0.0000, 0.0000, 0.0000, 1.0000///L_ForeArm
HLP_L_ForeArm_Btm__offset///1.0000, -0.0000, -0.0000, 0.6784,-0.0000, 0.0000, -1.0000, 0.0000,0.0000, 1.0000, 0.0000, 1.4391,0.0000, 0.0000, 0.0000, 1.0000///L_ForeArm
HLP_L_Elbow__offset///1.0000, 0.0000, -0.0000, 0.4550,-0.0000, 1.0000, 0.0000, 0.0251,0.0000, -0.0000, 1.0000, 1.4391,0.0000, 0.0000, 0.0000, 1.0000///L_ForeArm
L_ForeArm_Slide__offset///1.0000, -0.0000, -0.0000, 0.5696,0.0000, 1.0000, 0.0000, 0.0000,0.0000, -0.0000, 1.0000, 1.4391,0.0000, 0.0000, 0.0000, 1.0000///L_ForeArm
L_ForeArm__offset///1.0000, 0.0000, -0.0000, 0.4551,-0.0000, 1.0000, 0.0000, 0.0000,0.0000, -0.0000, 1.0000, 1.4391,0.0000, 0.0000, 0.0000, 1.0000///L_ForeArm
HLP_L_Arm_Top__offset///1.0000, 0.0000, -0.0000, 0.1704,0.0000, 1.0000, 0.0000, 0.0000,0.0000, 0.0000, 1.0000, 1.4391,0.0000, 0.0000, 0.0000, 1.0000///L_Arm
HLP_L_Arm_Mid__offset///1.0000, -0.0000, -0.0000, 0.3031,0.0000, 1.0000, 0.0000, 0.0000,0.0000, -0.0000, 1.0000, 1.4391,0.0000, 0.0000, 0.0000, 1.0000///L_Arm
L_Bicep_Slide__offset///1.0000, -0.0000, -0.0000, 0.3217,0.0000, 1.0000, 0.0000, -0.0013,0.0000, -0.0000, 1.0000, 1.4392,0.0000, 0.0000, 0.0000, 1.0000///L_Arm
L_Tricep_Slide__offset///1.0000, -0.0000, -0.0000, 0.3217,0.0000, 1.0000, 0.0000, 0.0004,0.0000, -0.0000, 1.0000, 1.4392,0.0000, 0.0000, 0.0000, 1.0000///L_Arm
L_Arm_Btm__offset///1.0000, -0.0000, -0.0000, 0.4549,0.0000, 1.0000, 0.0000, 0.0000,0.0000, -0.0000, 1.0000, 1.4391,0.0000, 0.0000, 0.0000, 1.0000///L_Arm
HLP_L_ShldrBlade__offset///1.0000, -0.0000, -0.0000, 0.1316,0.0000, 1.0000, 0.0000, -0.0008,0.0000, -0.0000, 1.0000, 1.4222,0.0000, 0.0000, 0.0000, 1.0000///L_Shoulder
HLP_L_Shldr_B__offset///1.0000, -0.0000, -0.0000, 0.1703,0.0000, 1.0000, 0.0000, 0.0000,0.0000, -0.0000, 1.0000, 1.4391,0.0000, 0.0000, 0.0000, 1.0000///L_Shoulder
R_Shoulder///-1.0000, -0.0000, -0.0000, -0.0892,0.0000, 0.0000, -1.0000, 0.0000,0.0000, -1.0000, -0.0000, 1.4391,0.0000, 0.0000, 0.0000, 1.0000///Spine2
R_Arm///-1.0000, 0.0000, 0.0000, -0.1703,0.0000, 1.0000, -0.0000, 0.0000,-0.0000, -0.0000, -1.0000, 1.4391,0.0000, 0.0000, 0.0000, 1.0000///R_Shoulder
R_ForeArm///-1.0000, -0.0000, 0.0000, -0.4550,-0.0000, 1.0000, -0.0000, 0.0000,-0.0000, -0.0000, -1.0000, 1.4391,0.0000, 0.0000, 0.0000, 1.0000///R_Arm
R_Hand///-1.0000, 0.0000, 0.0000, -0.6997,-0.0000, -0.0000, -1.0000, 0.0000,0.0000, -1.0000, 0.0000, 1.4391,0.0000, 0.0000, 0.0000, 1.0000///R_ForeArm
R_FingerBase///-1.0000, -0.0000, 0.0000, -0.7036,-0.0000, -0.0000, -1.0000, -0.0157,0.0000, -1.0000, 0.0000, 1.4391,0.0000, 0.0000, 0.0000, 1.0000///R_Hand
R_Middle///-1.0000, -0.0000, 0.0000, -0.7036,-0.0000, -0.0000, -1.0000, -0.0078,0.0000, -1.0000, 0.0000, 1.4391,0.0000, 0.0000, 0.0000, 1.0000///R_FingerBase
R_Ring///-1.0000, -0.0000, 0.0000, -0.7036,-0.0000, -0.0000, -1.0000, 0.0000,0.0000, -1.0000, 0.0000, 1.4391,0.0000, 0.0000, 0.0000, 1.0000///R_Middle
R_Pinky///-1.0000, -0.0000, 0.0000, -0.7036,-0.0000, -0.0000, -1.0000, 0.0079,0.0000, -1.0000, 0.0000, 1.4391,0.0000, 0.0000, 0.0000, 1.0000///R_Ring
R_Pinky1///-1.0000, 0.0000, 0.0000, -0.7844,-0.0000, -0.0000, -1.0000, 0.0302,0.0000, -1.0000, 0.0000, 1.4404,0.0000, 0.0000, 0.0000, 1.0000///R_Pinky
R_Pinky2///-1.0000, 0.0000, 0.0000, -0.8220,-0.0000, -0.0000, -1.0000, 0.0302,0.0000, -1.0000, 0.0000, 1.4404,0.0000, 0.0000, 0.0000, 1.0000///R_Pinky1
R_Pinky3///-1.0000, 0.0000, 0.0000, -0.8391,-0.0000, -0.0000, -1.0000, 0.0302,0.0000, -1.0000, 0.0000, 1.4404,0.0000, 0.0000, 0.0000, 1.0000///R_Pinky2
R_Pinky4__null///-1.0000, 0.0000, 0.0000, -0.8627,-0.0000, -0.0000, -1.0000, 0.0302,0.0000, -1.0000, 0.0000, 1.4404,0.0000, 0.0000, 0.0000, 1.0000///R_Pinky3
R_Ring1///-1.0000, 0.0000, 0.0000, -0.7948,-0.0000, -0.0000, -1.0000, 0.0113,0.0000, -1.0000, 0.0000, 1.4418,0.0000, 0.0000, 0.0000, 1.0000///R_Ring
R_Ring2///-1.0000, 0.0000, 0.0000, -0.8365,-0.0000, -0.0000, -1.0000, 0.0113,0.0000, -1.0000, 0.0000, 1.4418,0.0000, 0.0000, 0.0000, 1.0000///R_Ring1
R_Ring3///-1.0000, 0.0000, 0.0000, -0.8611,-0.0000, -0.0000, -1.0000, 0.0113,0.0000, -1.0000, 0.0000, 1.4418,0.0000, 0.0000, 0.0000, 1.0000///R_Ring2
R_Ring4__null///-1.0000, 0.0000, 0.0000, -0.8847,-0.0000, -0.0000, -1.0000, 0.0113,0.0000, -1.0000, 0.0000, 1.4418,0.0000, 0.0000, 0.0000, 1.0000///R_Ring3
R_Middle1///-1.0000, 0.0000, 0.0000, -0.7976,-0.0000, -0.0000, -1.0000, -0.0100,0.0000, -1.0000, 0.0000, 1.4433,0.0000, 0.0000, 0.0000, 1.0000///R_Middle
R_Middle2///-1.0000, 0.0000, 0.0000, -0.8435,-0.0000, -0.0000, -1.0000, -0.0100,0.0000, -1.0000, 0.0000, 1.4433,0.0000, 0.0000, 0.0000, 1.0000///R_Middle1
R_Middle3///-1.0000, 0.0000, 0.0000, -0.8702,-0.0000, -0.0000, -1.0000, -0.0100,0.0000, -1.0000, 0.0000, 1.4433,0.0000, 0.0000, 0.0000, 1.0000///R_Middle2
R_Middle4__null///-1.0000, 0.0000, 0.0000, -0.8938,-0.0000, -0.0000, -1.0000, -0.0100,0.0000, -1.0000, 0.0000, 1.4433,0.0000, 0.0000, 0.0000, 1.0000///R_Middle3
R_Index1///-1.0000, 0.0000, 0.0000, -0.7976,-0.0000, -0.0000, -1.0000, -0.0323,0.0000, -1.0000, 0.0000, 1.4433,0.0000, 0.0000, 0.0000, 1.0000///R_FingerBase
R_Index2///-1.0000, 0.0000, 0.0000, -0.8411,-0.0000, -0.0000, -1.0000, -0.0323,0.0000, -1.0000, 0.0000, 1.4433,0.0000, 0.0000, 0.0000, 1.0000///R_Index1
R_Index3///-1.0000, 0.0000, 0.0000, -0.8662,-0.0000, -0.0000, -1.0000, -0.0323,0.0000, -1.0000, 0.0000, 1.4433,0.0000, 0.0000, 0.0000, 1.0000///R_Index2
R_Index4__null///-1.0000, 0.0000, 0.0000, -0.8898,-0.0000, -0.0000, -1.0000, -0.0323,0.0000, -1.0000, 0.0000, 1.4433,0.0000, 0.0000, 0.0000, 1.0000///R_Index3
R_Thumb1///-0.8053, -0.2750, 0.5252, -0.7188,-0.5122, 0.7689, -0.3827, -0.0350,-0.2986, -0.5772, -0.7601, 1.4276,0.0000, 0.0000, 0.0000, 1.0000///R_FingerBase
R_Thumb2///-0.8053, -0.2750, 0.5252, -0.7598,-0.5122, 0.7689, -0.3827, -0.0611,-0.2986, -0.5772, -0.7601, 1.4124,0.0000, 0.0000, 0.0000, 1.0000///R_Thumb1
R_Thumb3///-0.8053, -0.2750, 0.5252, -0.7845,-0.5122, 0.7689, -0.3827, -0.0768,-0.2986, -0.5772, -0.7601, 1.4033,0.0000, 0.0000, 0.0000, 1.0000///R_Thumb2
R_Thumb4__null///-0.8053, -0.2750, 0.5252, -0.8035,-0.5122, 0.7689, -0.3827, -0.0889,-0.2986, -0.5772, -0.7601, 1.3962,0.0000, 0.0000, 0.0000, 1.0000///R_Thumb3
HLP_R_ForeArm_Mid__offset///-1.0000, 0.0000, 0.0000, -0.5933,-0.0000, -0.0000, -1.0000, 0.0000,-0.0000, -1.0000, 0.0000, 1.4391,0.0000, 0.0000, 0.0000, 1.0000///R_ForeArm
HLP_R_ForeArm_Btm__offset///-1.0000, 0.0000, 0.0000, -0.6784,-0.0000, -0.0000, -1.0000, 0.0000,0.0000, -1.0000, 0.0000, 1.4391,0.0000, 0.0000, 0.0000, 1.0000///R_ForeArm
HLP_R_Elbow__offset///-1.0000, -0.0000, 0.0000, -0.4550,-0.0000, 1.0000, -0.0000, 0.0251,-0.0000, -0.0000, -1.0000, 1.4391,0.0000, 0.0000, 0.0000, 1.0000///R_ForeArm
R_ForeArm_Slide__offset///-1.0000, 0.0000, 0.0000, -0.5696,-0.0000, -0.0000, -1.0000, 0.0000,-0.0000, -1.0000, 0.0000, 1.4391,0.0000, 0.0000, 0.0000, 1.0000///R_ForeArm
R_ForeArm__offset///-1.0000, -0.0000, 0.0000, -0.4551,-0.0000, 1.0000, -0.0000, 0.0000,-0.0000, -0.0000, -1.0000, 1.4391,0.0000, 0.0000, 0.0000, 1.0000///R_ForeArm
HLP_R_Arm_Top__offset///-1.0000, 0.0000, -0.0000, -0.1704,0.0000, 1.0000, 0.0000, 0.0000,0.0000, 0.0000, -1.0000, 1.4391,0.0000, 0.0000, 0.0000, 1.0000///R_Arm
HLP_R_Arm_Mid__offset///-1.0000, 0.0000, 0.0000, -0.3031,0.0000, 1.0000, -0.0000, 0.0000,-0.0000, -0.0000, -1.0000, 1.4391,0.0000, 0.0000, 0.0000, 1.0000///R_Arm
R_Bicep_Slide__offset///-1.0000, 0.0000, 0.0000, -0.3217,0.0000, 1.0000, -0.0000, -0.0013,-0.0000, -0.0000, -1.0000, 1.4392,0.0000, 0.0000, 0.0000, 1.0000///R_Arm
R_Tricep_Slide__offset///-1.0000, 0.0000, 0.0000, -0.3217,0.0000, 1.0000, -0.0000, 0.0004,-0.0000, -0.0000, -1.0000, 1.4392,0.0000, 0.0000, 0.0000, 1.0000///R_Arm
R_Arm_Btm__offset///-1.0000, 0.0000, 0.0000, -0.4549,0.0000, 1.0000, -0.0000, 0.0000,-0.0000, -0.0000, -1.0000, 1.4391,0.0000, 0.0000, 0.0000, 1.0000///R_Arm
HLP_R_ShldrBlade__offset///-1.0000, 0.0000, 0.0000, -0.1316,0.0000, 1.0000, -0.0000, -0.0008,-0.0000, -0.0000, -1.0000, 1.4222,0.0000, 0.0000, 0.0000, 1.0000///R_Shoulder
HLP_R_Shldr_B__offset///-1.0000, 0.0000, 0.0000, -0.1703,0.0000, 1.0000, -0.0000, 0.0000,-0.0000, -0.0000, -1.0000, 1.4391,0.0000, 0.0000, 0.0000, 1.0000///R_Shoulder
HLP_L_CollarBone__offset///0.9639, -0.0002, 0.2662, 0.0089,0.2662, -0.0000, -0.9639, -0.0446,0.0002, 1.0000, -0.0000, 1.4391,0.0000, 0.0000, 0.0000, 1.0000///Spine2
HLP_L_Shldr_F__offset///0.9737, 0.1498, 0.1717, 0.1211,0.1714, 0.0152, -0.9851, -0.0458,-0.1501, 0.9886, -0.0109, 1.5040,0.0000, 0.0000, 0.0000, 1.0000///HLP_L_CollarBone__offset
L_Shldr_F1__null///0.9737, 0.1498, 0.1717, 0.2080,0.1714, 0.0152, -0.9851, -0.0305,-0.1501, 0.9886, -0.0109, 1.4907,0.0000, 0.0000, 0.0000, 1.0000///HLP_L_Shldr_F__offset
HLP_L_CollarBone_up__offset///0.9639, -0.0002, 0.2662, 0.0089,0.2662, -0.0000, -0.9639, -0.0445,0.0002, 1.0000, -0.0000, 1.4391,0.0000, 0.0000, 0.0000, 1.0000///HLP_L_CollarBone__offset
L_CollarBone1__null///0.9639, -0.0002, 0.2662, 0.1722,0.2662, -0.0000, -0.9639, 0.0005,0.0002, 1.0000, -0.0000, 1.4391,0.0000, 0.0000, 0.0000, 1.0000///HLP_L_CollarBone__offset
HLP_R_CollarBone__offset///-0.9639, -0.0002, -0.2662, -0.0089,0.2662, 0.0001, -0.9639, -0.0446,0.0002, -1.0000, 0.0000, 1.4391,0.0000, 0.0000, 0.0000, 1.0000///Spine2
HLP_R_Shldr_F__offset///-0.9737, -0.1498, 0.1718, -0.1211,0.1714, 0.0152, 0.9851, -0.0458,-0.1501, 0.9886, 0.0109, 1.5040,0.0000, 0.0000, 0.0000, 1.0000///HLP_R_CollarBone__offset
R_Shldr_F1__null///-0.9737, -0.1498, 0.1718, -0.2080,0.1714, 0.0152, 0.9851, -0.0305,-0.1501, 0.9886, 0.0109, 1.4907,0.0000, 0.0000, 0.0000, 1.0000///HLP_R_Shldr_F__offset
HLP_R_CollarBone_up__offset///-0.9639, -0.0002, -0.2662, -0.0089,0.2662, 0.0000, -0.9639, -0.0445,0.0002, -1.0000, 0.0000, 1.4391,0.0000, 0.0000, 0.0000, 1.0000///HLP_R_CollarBone__offset
R_CollarBone1__null///-0.9639, -0.0002, -0.2662, -0.1723,0.2662, 0.0000, -0.9639, 0.0005,0.0002, -1.0000, 0.0000, 1.4391,0.0000, 0.0000, 0.0000, 1.0000///HLP_R_CollarBone__offset
HLP_L_Pectoral__offset///0.9724, -0.2266, 0.0558, 0.0001,0.0544, -0.0127, -0.9984, -0.0169,0.2270, 0.9739, 0.0000, 1.3684,0.0000, 0.0000, 0.0000, 1.0000///Spine2
L_Pectoral__null///0.9724, -0.2266, 0.0558, 0.1735,0.0544, -0.0127, -0.9984, -0.0072,0.2270, 0.9739, -0.0000, 1.4089,0.0000, 0.0000, 0.0000, 1.0000///HLP_L_Pectoral__offset
HLP_L_Pectoral_side__offset///0.9724, -0.2266, 0.0558, 0.0001,0.0544, -0.0127, -0.9984, -0.0169,0.2270, 0.9739, -0.0000, 1.3685,0.0000, 0.0000, 0.0000, 1.0000///HLP_L_Pectoral__offset
HLP_R_Pectoral__offset///-0.9724, 0.2266, 0.0558, -0.0001,0.0544, -0.0127, 0.9984, -0.0169,0.2270, 0.9739, -0.0000, 1.3684,0.0000, 0.0000, 0.0000, 1.0000///Spine2
R_Pectoral__null///-0.9724, 0.2266, 0.0558, -0.1735,0.0544, -0.0127, 0.9984, -0.0072,0.2270, 0.9739, -0.0000, 1.4089,0.0000, 0.0000, 0.0000, 1.0000///HLP_R_Pectoral__offset
HLP_R_Pectoral_side__offset///-0.9724, 0.2266, 0.0558, -0.0001,0.0544, -0.0127, 0.9984, -0.0169,0.2270, 0.9739, -0.0000, 1.3685,0.0000, 0.0000, 0.0000, 1.0000///HLP_R_Pectoral__offset
Spine2__offset///0.0000, -0.0000, 1.0000, 0.0000,-0.0000, -1.0000, -0.0000, 0.0000,1.0000, -0.0000, -0.0000, 1.2428,0.0000, 0.0000, 0.0000, 1.0000///Spine2
Spine2_breast__offset///0.0000, -0.0000, 1.0000, 0.0000,-0.0000, -1.0000, -0.0000, 0.0001,1.0000, -0.0000, -0.0000, 1.2777,0.0000, 0.0000, 0.0000, 1.0000///Spine2__offset
Spine2up__offset///0.0000, -0.0000, 1.0000, 0.0000,-0.0000, -1.0000, -0.0000, 0.0000,1.0000, -0.0000, -0.0000, 1.2429,0.0000, 0.0000, 0.0000, 1.0000///Spine2__offset
Spine2side__offset///0.0000, -0.0000, 1.0000, 0.0000,-0.0000, -1.0000, -0.0000, 0.0000,1.0000, -0.0000, -0.0000, 1.2428,0.0000, 0.0000, 0.0000, 1.0000///Spine2
OPT0_bustL///0.3127, -0.0846, -0.9461, 0.0196,-0.9461, 0.0601, -0.3181, 0.0696,0.0838, 0.9946, -0.0612, 1.3035,0.0000, 0.0000, 0.0000, 1.0000///Spine2
OPT1_bustL///-0.3127, -0.0846, 0.9461, 0.1010,0.9461, 0.0601, 0.3181, -0.1766,-0.0838, 0.9946, 0.0612, 1.3253,0.0000, 0.0000, 0.0000, 1.0000///OPT0_bustL
OPT1_bustL_end///0.9983, -0.0464, 0.0341, 0.0689,0.0316, -0.0539, -0.9980, -0.0794,0.0482, 0.9975, -0.0523, 1.3167,0.0000, 0.0000, 0.0000, 1.0000///OPT1_bustL
OPT2_bustR///0.3127, -0.0845, -0.9461, -0.0195,0.9461, -0.0601, 0.3181, 0.0696,-0.0838, -0.9946, 0.0612, 1.3035,0.0000, 0.0000, 0.0000, 1.0000///Spine2
OPT3_bustR///-0.3127, -0.0845, 0.9461, -0.1008,-0.9461, -0.0601, -0.3181, -0.1766,0.0838, -0.9946, -0.0612, 1.3253,0.0000, 0.0000, 0.0000, 1.0000///OPT2_bustR
OPT1_bustR_end///0.9983, -0.0464, 0.0341, -0.0687,-0.0316, 0.0539, 0.9980, -0.0794,-0.0481, -0.9975, 0.0523, 1.3167,0.0000, 0.0000, 0.0000, 1.0000///OPT3_bustR
SWG_OPT0_bustL__swing///0.3127, -0.9139, 0.2588, 0.0196,-0.9461, -0.3238, 0.0000, 0.0696,0.0838, -0.2448, -0.9659, 1.3035,0.0000, 0.0000, 0.0000, 1.0000///Spine2
SWG_OPT1_bustL__swing///-0.3127, 0.2406, 0.9189, 0.1010,0.9461, 0.1642, 0.2790, -0.1766,-0.0838, 0.9566, -0.2790, 1.3253,0.0000, 0.0000, 0.0000, 1.0000///SWG_OPT0_bustL__swing
SWG_OPT_bustL__null///0.3127, -0.2824, 0.9069, 0.0689,-0.9461, -0.1768, 0.2712, -0.0794,0.0838, -0.9429, -0.3225, 1.3167,0.0000, 0.0000, 0.0000, 1.0000///SWG_OPT1_bustL__swing
SWG_OPT2_bustR__swing///-0.3127, -0.9139, -0.2588, -0.0195,-0.9461, 0.3238, -0.0000, 0.0696,0.0838, 0.2448, -0.9659, 1.3035,0.0000, 0.0000, 0.0000, 1.0000///Spine2
SWG_OPT3_bustR__swing///0.3127, -0.2406, 0.9189, -0.1008,0.9461, 0.1642, -0.2790, -0.1766,-0.0838, 0.9566, 0.2790, 1.3253,0.0000, 0.0000, 0.0000, 1.0000///SWG_OPT2_bustR__swing
SWG_OPT_bustR__null///-0.3127, 0.2824, 0.9069, -0.0687,-0.9461, -0.1768, -0.2712, -0.0794,0.0838, -0.9429, 0.3225, 1.3167,0.0000, 0.0000, 0.0000, 1.0000///SWG_OPT3_bustR__swing
Spine1__offset///0.0000, -0.0000, 1.0000, 0.0000,-0.0000, -1.0000, -0.0000, 0.0000,1.0000, -0.0000, -0.0000, 1.1269,0.0000, 0.0000, 0.0000, 1.0000///Spine1
Spine1_front__offset///0.0000, -0.0000, 1.0000, 0.0000,-0.0000, -1.0000, -0.0000, 0.0000,1.0000, -0.0000, -0.0000, 1.1271,0.0000, 0.0000, 0.0000, 1.0000///Spine1
Hip///-0.0000, -0.0000, 1.0000, 0.0000,-0.0000, 1.0000, 0.0000, 0.0000,-1.0000, 0.0000, -0.0000, 1.1270,0.0000, 0.0000, 0.0000, 1.0000///BASE
L_UpLeg///0.0000, 0.0000, 1.0000, 0.0980,-0.0001, 1.0000, -0.0000, -0.0000,-1.0000, -0.0001, 0.0000, 0.9702,0.0000, 0.0000, 0.0000, 1.0000///Hip
L_Leg///0.0000, 0.0000, 1.0000, 0.0980,0.0001, 1.0000, -0.0000, -0.0000,-1.0000, 0.0001, 0.0000, 0.5390,0.0000, 0.0000, 0.0000, 1.0000///L_UpLeg
L_Foot///-0.0000, 0.0000, 1.0000, 0.0980,0.0000, 1.0000, -0.0000, -0.0000,-1.0000, 0.0000, -0.0000, 0.1274,0.0000, 0.0000, 0.0000, 1.0000///L_Leg
L_Toe///-0.0000, 0.0000, 1.0000, 0.0980,-1.0000, 0.0000, -0.0000, -0.1500,0.0000, -1.0000, 0.0000, 0.0296,0.0000, 0.0000, 0.0000, 1.0000///L_Foot
L_Toe1__null///-0.0000, 0.0000, 1.0000, 0.0980,-1.0000, 0.0000, -0.0000, -0.2774,-0.0000, -1.0000, 0.0000, 0.0296,0.0000, 0.0000, 0.0000, 1.0000///L_Toe
L_Toe__offset///-0.0000, 0.0000, 1.0000, 0.0980,-1.0000, 0.0000, -0.0000, -0.1501,0.0000, -1.0000, 0.0000, 0.0296,0.0000, 0.0000, 0.0000, 1.0000///L_Toe
ATH_L_Toe_Btm///1.0000, 0.0000, -0.0000, 0.0980,-0.0000, 1.0000, -0.0000, -0.1568,0.0000, 0.0000, 1.0000, 0.0002,0.0000, 0.0000, 0.0000, 1.0000///L_Toe
L_Foot__offset///-0.0000, 0.0000, 1.0000, 0.0980,0.0000, 1.0000, -0.0000, -0.0000,-1.0000, 0.0000, -0.0000, 0.1273,0.0000, 0.0000, 0.0000, 1.0000///L_Foot
L_Ankle__offset///-0.0000, 0.0000, 1.0000, 0.0980,0.0000, 1.0000, -0.0000, -0.0000,-1.0000, 0.0000, -0.0000, 0.1275,0.0000, 0.0000, 0.0000, 1.0000///L_Foot
ATH_L_Foot_Btm///1.0000, 0.0000, 0.0000, 0.0980,-0.0000, 1.0000, 0.0000, -0.0000,-0.0000, -0.0000, 1.0000, 0.0000,0.0000, 0.0000, 0.0000, 1.0000///L_Foot
L_Calf_Slide__offset///1.0000, -0.0000, -0.0000, 0.0980,-0.0000, -0.0001, -1.0000, -0.0000,0.0000, 1.0000, -0.0001, 0.3332,0.0000, 0.0000, 0.0000, 1.0000///L_Leg
L_Leg__offset///0.0000, 0.0000, 1.0000, 0.0980,0.0001, 1.0000, -0.0000, -0.0000,-1.0000, 0.0001, 0.0000, 0.5389,0.0000, 0.0000, 0.0000, 1.0000///L_Leg
HLP_L_Knee__offset///0.0000, 0.0000, 1.0000, 0.0980,0.0000, 1.0000, -0.0000, -0.0197,-1.0000, 0.0000, 0.0000, 0.5390,0.0000, 0.0000, 0.0000, 1.0000///L_UpLeg
HLP_L_UpLeg_Top__offset///0.0000, -0.0000, 1.0000, 0.0980,0.0000, 1.0000, 0.0000, -0.0000,-1.0000, 0.0000, 0.0000, 0.9703,0.0000, 0.0000, 0.0000, 1.0000///L_UpLeg
HLP_L_UpLeg_Mid__offset///0.0000, 0.0000, 1.0000, 0.0980,-0.0000, 1.0000, -0.0000, -0.0000,-1.0000, -0.0000, 0.0000, 0.7742,0.0000, 0.0000, 0.0000, 1.0000///L_UpLeg
L_Thigh_Slide__offset///1.0000, -0.0000, -0.0000, 0.0980,-0.0000, 0.0001, -1.0000, -0.0010,0.0000, 1.0000, 0.0001, 0.7546,0.0000, 0.0000, 0.0000, 1.0000///L_UpLeg
L_UpLeg__offset///0.0000, 0.0000, 1.0000, 0.0980,-0.0001, 1.0000, -0.0000, -0.0000,-1.0000, -0.0001, 0.0000, 0.9701,0.0000, 0.0000, 0.0000, 1.0000///L_UpLeg
R_UpLeg///0.0000, 0.0000, 1.0000, -0.0980,-0.0001, 1.0000, 0.0000, -0.0000,-1.0000, -0.0001, 0.0000, 0.9702,0.0000, 0.0000, 0.0000, 1.0000///Hip
R_Leg///0.0000, 0.0000, 1.0000, -0.0980,0.0001, 1.0000, -0.0000, -0.0000,-1.0000, 0.0001, 0.0000, 0.5390,0.0000, 0.0000, 0.0000, 1.0000///R_UpLeg
R_Foot///0.0013, 0.0000, 1.0000, -0.0980,0.0000, 1.0000, -0.0000, -0.0000,-1.0000, 0.0000, 0.0013, 0.1274,0.0000, 0.0000, 0.0000, 1.0000///R_Leg
R_Toe///-0.0000, 0.0013, 1.0000, -0.0979,-1.0000, 0.0000, -0.0000, -0.1500,-0.0000, -1.0000, 0.0013, 0.0296,0.0000, 0.0000, 0.0000, 1.0000///R_Foot
R_Toe1__null///-0.0000, 0.0013, 1.0000, -0.0979,-1.0000, 0.0000, -0.0000, -0.2774,0.0000, -1.0000, 0.0013, 0.0296,0.0000, 0.0000, 0.0000, 1.0000///R_Toe
R_Toe__offset///-0.0000, 0.0013, 1.0000, -0.0979,-1.0000, 0.0000, -0.0000, -0.1501,-0.0000, -1.0000, 0.0013, 0.0296,0.0000, 0.0000, 0.0000, 1.0000///R_Toe
ATH_R_Toe_Btm///1.0000, 0.0000, 0.0000, -0.0978,-0.0000, 1.0000, 0.0000, -0.1568,-0.0000, -0.0000, 1.0000, 0.0002,0.0000, 0.0000, 0.0000, 1.0000///R_Toe
R_Foot__offset///0.0013, 0.0000, 1.0000, -0.0980,0.0000, 1.0000, -0.0000, -0.0000,-1.0000, 0.0000, 0.0013, 0.1273,0.0000, 0.0000, 0.0000, 1.0000///R_Foot
R_Ankle__offset///-0.0013, 0.0000, 1.0000, -0.0980,-0.0000, -1.0000, -0.0000, -0.0000,1.0000, -0.0000, 0.0013, 0.1275,0.0000, 0.0000, 0.0000, 1.0000///R_Foot
ATH_R_Foot_Btm///1.0000, 0.0000, 0.0000, -0.0978,-0.0000, 1.0000, 0.0000, -0.0000,-0.0000, -0.0000, 1.0000, 0.0000,0.0000, 0.0000, 0.0000, 1.0000///R_Foot
R_Calf_Slide__offset///1.0000, -0.0000, 0.0000, -0.0980,0.0000, -0.0001, -1.0000, -0.0000,0.0000, 1.0000, -0.0001, 0.3332,0.0000, 0.0000, 0.0000, 1.0000///R_Leg
R_Leg__offset///0.0000, 0.0000, 1.0000, -0.0980,0.0001, 1.0000, -0.0000, -0.0000,-1.0000, 0.0001, 0.0000, 0.5389,0.0000, 0.0000, 0.0000, 1.0000///R_Leg
HLP_R_Knee__offset///0.0000, 0.0000, 1.0000, -0.0980,0.0000, 1.0000, -0.0000, -0.0197,-1.0000, 0.0000, 0.0000, 0.5390,0.0000, 0.0000, 0.0000, 1.0000///R_UpLeg
HLP_R_UpLeg_Top__offset///0.0000, -0.0000, 1.0000, -0.0980,0.0000, 1.0000, 0.0000, -0.0000,-1.0000, 0.0000, 0.0000, 0.9703,0.0000, 0.0000, 0.0000, 1.0000///R_UpLeg
HLP_R_UpLeg_Mid__offset///0.0000, -0.0000, 1.0000, -0.0980,-0.0000, 1.0000, 0.0000, -0.0000,-1.0000, -0.0000, 0.0000, 0.7742,0.0000, 0.0000, 0.0000, 1.0000///R_UpLeg
R_Thigh_Slide__offset///1.0000, -0.0000, 0.0000, -0.0980,0.0000, 0.0001, -1.0000, -0.0010,0.0000, 1.0000, 0.0001, 0.7546,0.0000, 0.0000, 0.0000, 1.0000///R_UpLeg
R_UpLeg__offset///0.0000, 0.0000, 1.0000, -0.0980,-0.0001, 1.0000, 0.0000, -0.0000,-1.0000, -0.0001, 0.0000, 0.9701,0.0000, 0.0000, 0.0000, 1.0000///R_UpLeg
HLP_L_Butt__offset///0.0000, -0.0000, 1.0000, 0.0981,0.0000, 1.0000, 0.0000, 0.0001,-1.0000, 0.0000, 0.0000, 0.9701,0.0000, 0.0000, 0.0000, 1.0000///Hip
HLP_R_Butt__offset///0.0000, -0.0000, 1.0000, -0.0981,0.0000, 1.0000, 0.0000, 0.0001,-1.0000, 0.0000, 0.0000, 0.9701,0.0000, 0.0000, 0.0000, 1.0000///Hip
HLP_L_Inguinal__offset///-0.1165, -0.0101, -0.9932, 0.1637,0.0867, -0.9962, -0.0000, -0.0489,-0.9894, -0.0861, 0.1169, 1.0966,0.0000, 0.0000, 0.0000, 1.0000///Hip
L_Inguinal1__null///-0.1165, -0.0101, -0.9932, 0.1294,0.0867, -0.9962, -0.0000, -0.0234,-0.9894, -0.0861, 0.1169, 0.8057,0.0000, 0.0000, 0.0000, 1.0000///HLP_L_Inguinal__offset
HLP_R_Inguinal__offset///0.1165, 0.0101, -0.9932, -0.1637,0.0867, -0.9962, -0.0000, -0.0489,-0.9894, -0.0861, -0.1169, 1.0966,0.0000, 0.0000, 0.0000, 1.0000///Hip
R_Inguinal__null///0.1165, 0.0101, -0.9932, -0.1294,0.0867, -0.9962, -0.0000, -0.0234,-0.9894, -0.0861, -0.1169, 0.8057,0.0000, 0.0000, 0.0000, 1.0000///HLP_R_Inguinal__offset
Hip__offset///-0.0000, -0.0000, 1.0000, 0.0000,-0.0000, 1.0000, 0.0000, 0.0000,-1.0000, 0.0000, -0.0000, 1.1271,0.0000, 0.0000, 0.0000, 1.0000///Hip
Hip_front__offset///-0.0000, -0.0000, 1.0000, -0.0000,-0.0000, 1.0000, 0.0000, 0.0000,-1.0000, 0.0000, -0.0000, 1.1269,0.0000, 0.0000, 0.0000, 1.0000///Hip
EDIT__null///1.0000, 0.0000, 0.0000, 0.0014,0.0000, 1.0000, 0.0000, 0.0000,0.0000, 0.0000, 1.0000, -0.0000,0.0000, 0.0000, 0.0000, 1.0000///MODEL_00
Deform__null///1.0000, 0.0000, 0.0000, 0.0083,0.0000, 1.0000, 0.0000, 0.0015,0.0000, 0.0000, 1.0000, -0.0002,0.0000, 0.0000, 0.0000, 1.0000///EDIT__null
