MODEL_00///1.0000, 0.0000, 0.0000, 0.0000,0.0000, 1.0000, -0.0000, 0.0000,0.0000, 0.0000, 1.0000, 0.0000,0.0000, 0.0000, 0.0000, 1.0000///
BODY_SCALE__group///1.0000, 0.0000, 0.0000, 0.0000,0.0000, 0.0000, -1.0000, 0.0000,0.0000, 1.0000, 0.0000, 0.0000,0.0000, 0.0000, 0.0000, 1.0000///MODEL_00
Base///1.0000, 0.0000, 0.0000, 0.0000,0.0000, 0.0000, -1.0000, 0.0000,0.0000, 1.0000, 0.0000, 1.1155,0.0000, 0.0000, 0.0000, 1.0000///BODY_SCALE__group
Spine1///0.0000, -0.0000, 1.0000, 0.0000,-0.0000, -1.0000, -0.0000, 0.0000,1.0000, -0.0000, -0.0000, 1.1155,0.0000, 0.0000, 0.0000, 1.0000///Base
Spine2///0.0000, -0.0000, 1.0000, 0.0000,-0.0000, -1.0000, -0.0000, 0.0000,1.0000, -0.0000, -0.0000, 1.2416,0.0000, 0.0000, 0.0000, 1.0000///Spine1
Neck///0.0000, -0.0000, 1.0000, 0.0000,-0.0000, -1.0000, -0.0000, 0.0000,1.0000, -0.0000, -0.0000, 1.4890,0.0000, 0.0000, 0.0000, 1.0000///Spine2
HEAD///-0.0000, 1.0000, -0.0000, 0.0000,-1.0000, 0.0000, -0.0000, 0.0000,-0.0000, 0.0000, 1.0000, 1.6054,0.0000, 0.0000, 0.0000, 1.0000///Neck
Head__offset///-0.0000, 1.0000, -0.0000, 0.0000,-1.0000, -0.0000, 0.0003, 0.0000,0.0003, 0.0000, 1.0000, 1.6055,0.0000, 0.0000, 0.0000, 1.0000///HEAD
ATH_Head_Top///1.0000, 0.0000, 0.0000, -0.0000,-0.0000, 1.0000, -0.0000, 0.0000,-0.0000, 0.0000, 1.0000, 1.7752,0.0000, 0.0000, 0.0000, 1.0000///HEAD
L_Mayu2_Joint///1.0000, 0.0000, -0.0000, 0.0361,-0.0000, 0.0000, -1.0000, -0.1160,0.0000, 1.0000, 0.0000, 1.6678,0.0000, 0.0000, 0.0000, 1.0000///HEAD
L_Mayu3_Joint///1.0000, 0.0000, -0.0000, 0.0528,-0.0000, 0.0000, -1.0000, -0.1025,-0.0000, 1.0000, 0.0000, 1.6622,0.0000, 0.0000, 0.0000, 1.0000///HEAD
L_Mayu1_Joint///1.0000, 0.0000, -0.0000, 0.0159,-0.0000, 0.0000, -1.0000, -0.1195,0.0000, 1.0000, 0.0000, 1.6608,0.0000, 0.0000, 0.0000, 1.0000///HEAD
R_Mayu3_Joint///1.0000, 0.0000, -0.0000, -0.0528,-0.0000, 0.0000, -1.0000, -0.1025,0.0000, 1.0000, 0.0000, 1.6622,0.0000, 0.0000, 0.0000, 1.0000///HEAD
R_Mayu2_Joint///1.0000, 0.0000, -0.0000, -0.0361,-0.0000, 0.0000, -1.0000, -0.1160,0.0000, 1.0000, 0.0000, 1.6678,0.0000, 0.0000, 0.0000, 1.0000///HEAD
R_Mayu1_Joint///1.0000, 0.0000, -0.0000, -0.0159,-0.0000, 0.0000, -1.0000, -0.1195,0.0000, 1.0000, 0.0000, 1.6608,0.0000, 0.0000, 0.0000, 1.0000///HEAD
R_Eyecorner///1.0000, 0.0000, -0.0000, -0.0465,-0.0000, 0.0000, -1.0000, -0.0973,0.0000, 1.0000, 0.0000, 1.6471,0.0000, 0.0000, 0.0000, 1.0000///HEAD
R_UwaMabuta_Joint///1.0000, 0.0000, -0.0000, -0.0300,-0.0000, 0.0000, -1.0000, -0.0917,0.0000, 1.0000, 0.0000, 1.6457,0.0000, 0.0000, 0.0000, 1.0000///HEAD
R_UpEyelid1///1.0000, 0.0000, -0.0000, -0.0256,-0.0000, 0.0000, -1.0000, -0.1091,-0.0000, 1.0000, 0.0000, 1.6499,0.0000, 0.0000, 0.0000, 1.0000///R_UwaMabuta_Joint
R_UpEyelid2///1.0000, 0.0000, -0.0000, -0.0402,-0.0000, 0.0000, -1.0000, -0.1055,-0.0000, 1.0000, 0.0000, 1.6506,0.0000, 0.0000, 0.0000, 1.0000///R_UwaMabuta_Joint
L_UwaMabuta_Joint///1.0000, 0.0000, 0.0000, 0.0300,0.0000, -0.0000, -1.0000, -0.0917,-0.0000, 1.0000, -0.0000, 1.6457,0.0000, 0.0000, 0.0000, 1.0000///HEAD
L_UpEyelid2///1.0000, 0.0000, 0.0000, 0.0402,0.0000, -0.0000, -1.0000, -0.1055,-0.0000, 1.0000, -0.0000, 1.6506,0.0000, 0.0000, 0.0000, 1.0000///L_UwaMabuta_Joint
L_UpEyelid1///1.0000, 0.0000, 0.0000, 0.0256,0.0000, -0.0000, -1.0000, -0.1091,-0.0000, 1.0000, -0.0000, 1.6499,0.0000, 0.0000, 0.0000, 1.0000///L_UwaMabuta_Joint
L_Eyecorner///1.0000, 0.0000, -0.0000, 0.0465,-0.0000, 0.0000, -1.0000, -0.0973,0.0000, 1.0000, 0.0000, 1.6471,0.0000, 0.0000, 0.0000, 1.0000///HEAD
L_Eye_Joint///1.0000, 0.0000, 0.0000, 0.0300,0.0000, -0.0000, -1.0000, -0.0922,-0.0000, 1.0000, -0.0000, 1.6460,0.0000, 0.0000, 0.0000, 1.0000///HEAD
R_Eye_Joint///1.0000, 0.0000, -0.0000, -0.0300,-0.0000, 0.0000, -1.0000, -0.0922,0.0000, 1.0000, 0.0000, 1.6460,0.0000, 0.0000, 0.0000, 1.0000///HEAD
R_SitaMabuta_Joint///1.0000, 0.0000, -0.0000, -0.0300,-0.0000, 0.0000, -1.0000, -0.0917,0.0000, 1.0000, 0.0000, 1.6452,0.0000, 0.0000, 0.0000, 1.0000///HEAD
R_LowEyelid1///1.0000, 0.0000, -0.0000, -0.0277,-0.0000, 0.0000, -1.0000, -0.1089,-0.0000, 1.0000, 0.0000, 1.6389,0.0000, 0.0000, 0.0000, 1.0000///R_SitaMabuta_Joint
R_LowEyelid2///1.0000, 0.0000, -0.0000, -0.0415,-0.0000, 0.0000, -1.0000, -0.1051,-0.0000, 1.0000, 0.0000, 1.6413,0.0000, 0.0000, 0.0000, 1.0000///R_SitaMabuta_Joint
L_SitaMabuta_Joint///1.0000, 0.0000, -0.0000, 0.0300,-0.0000, 0.0000, -1.0000, -0.0917,0.0000, 1.0000, 0.0000, 1.6452,0.0000, 0.0000, 0.0000, 1.0000///HEAD
L_LowEyelid2///1.0000, 0.0000, -0.0000, 0.0415,-0.0000, 0.0000, -1.0000, -0.1051,-0.0000, 1.0000, 0.0000, 1.6413,0.0000, 0.0000, 0.0000, 1.0000///L_SitaMabuta_Joint
L_LowEyelid1///1.0000, 0.0000, -0.0000, 0.0277,-0.0000, 0.0000, -1.0000, -0.1089,-0.0000, 1.0000, 0.0000, 1.6389,0.0000, 0.0000, 0.0000, 1.0000///L_SitaMabuta_Joint
L_Hoho_Joint///1.0000, 0.0000, -0.0000, 0.0488,-0.0000, 0.0000, -1.0000, -0.0991,0.0000, 1.0000, 0.0000, 1.6243,0.0000, 0.0000, 0.0000, 1.0000///HEAD
L_Hana_Joint///1.0000, 0.0000, -0.0000, 0.0161,-0.0000, 0.0000, -1.0000, -0.1122,0.0000, 1.0000, 0.0000, 1.6299,0.0000, 0.0000, 0.0000, 1.0000///HEAD
R_Hana_Joint///1.0000, 0.0000, -0.0000, -0.0161,-0.0000, 0.0000, -1.0000, -0.1122,0.0000, 1.0000, 0.0000, 1.6299,0.0000, 0.0000, 0.0000, 1.0000///HEAD
R_Hoho_Joint///1.0000, 0.0000, -0.0000, -0.0488,-0.0000, 0.0000, -1.0000, -0.0991,0.0000, 1.0000, 0.0000, 1.6243,0.0000, 0.0000, 0.0000, 1.0000///HEAD
L_Kobana_Joint///1.0000, -0.0000, -0.0000, 0.0119,-0.0000, 0.0000, -1.0000, -0.1165,0.0000, 1.0000, 0.0000, 1.6143,0.0000, 0.0000, 0.0000, 1.0000///HEAD
R_Kobana_Joint///1.0000, -0.0000, -0.0000, -0.0119,-0.0000, 0.0000, -1.0000, -0.1165,0.0000, 1.0000, 0.0000, 1.6143,0.0000, 0.0000, 0.0000, 1.0000///HEAD
L_Chobo_Joint///1.0000, 0.0000, -0.0000, 0.0514,-0.0000, 0.0000, -1.0000, -0.0754,0.0000, 1.0000, 0.0000, 1.5964,0.0000, 0.0000, 0.0000, 1.0000///HEAD
R_Chobo_Joint///1.0000, 0.0000, -0.0000, -0.0514,-0.0000, 0.0000, -1.0000, -0.0754,0.0000, 1.0000, 0.0000, 1.5964,0.0000, 0.0000, 0.0000, 1.0000///HEAD
L_LipU_Joint///1.0000, -0.0000, -0.0000, 0.0132,-0.0000, 0.0000, -1.0000, -0.1151,0.0000, 1.0000, 0.0000, 1.5856,0.0000, 0.0000, 0.0000, 1.0000///HEAD
R_LipU_Joint///1.0000, -0.0000, -0.0000, -0.0132,-0.0000, 0.0000, -1.0000, -0.1151,0.0000, 1.0000, 0.0000, 1.5856,0.0000, 0.0000, 0.0000, 1.0000///HEAD
M_LipU_Joint///1.0000, -0.0000, -0.0000, -0.0000,-0.0000, 0.0000, -1.0000, -0.1212,0.0000, 1.0000, 0.0000, 1.5866,0.0000, 0.0000, 0.0000, 1.0000///HEAD
Jaw_Joint///1.0000, -0.0000, -0.0000, -0.0000,-0.0000, 0.0000, -1.0000, -0.0314,0.0000, 1.0000, 0.0000, 1.5932,0.0000, 0.0000, 0.0000, 1.0000///HEAD
L_LipD_Joint///1.0000, 0.0000, -0.0000, 0.0117,-0.0000, 0.0000, -1.0000, -0.1136,-0.0000, 1.0000, 0.0000, 1.5764,0.0000, 0.0000, 0.0000, 1.0000///Jaw_Joint
R_LipD_Joint///1.0000, 0.0000, -0.0000, -0.0117,-0.0000, 0.0000, -1.0000, -0.1137,-0.0000, 1.0000, 0.0000, 1.5764,0.0000, 0.0000, 0.0000, 1.0000///Jaw_Joint
M_LipD_Joint///1.0000, 0.0000, -0.0000, -0.0000,-0.0000, 0.0000, -1.0000, -0.1159,-0.0000, 1.0000, 0.0000, 1.5743,0.0000, 0.0000, 0.0000, 1.0000///Jaw_Joint
L_LipE_Joint///1.0000, 0.0000, -0.0000, 0.0209,-0.0000, 0.0000, -1.0000, -0.1054,-0.0000, 1.0000, 0.0000, 1.5824,0.0000, 0.0000, 0.0000, 1.0000///Jaw_Joint
R_LipE_Joint///1.0000, -0.0000, -0.0000, -0.0209,-0.0000, 0.0000, -1.0000, -0.1054,0.0000, 1.0000, -0.0000, 1.5824,0.0000, 0.0000, 0.0000, 1.0000///Jaw_Joint
Bero1_Joint///-0.0000, -0.0000, -1.0000, -0.0000,-0.9880, 0.1547, 0.0000, -0.0568,0.1547, 0.9880, -0.0000, 1.5874,0.0000, 0.0000, 0.0000, 1.0000///Jaw_Joint
Bero1_Joint_pos///1.0000, 0.0000, -0.0000, -0.0000,-0.0000, 0.1547, -0.9880, -0.0758,-0.0000, 0.9880, 0.1547, 1.5863,0.0000, 0.0000, 0.0000, 1.0000///Bero1_Joint
Bero2_Joint///-0.0000, 0.0001, -1.0000, -0.0000,-0.9669, -0.2550, 0.0000, -0.0758,-0.2550, 0.9669, 0.0001, 1.5863,0.0000, 0.0000, 0.0000, 1.0000///Bero1_Joint_pos
Bero3_Joint///1.0000, 0.0001, -0.0000, -0.0000,-0.0000, 0.1547, -0.9880, -0.0954,-0.0001, 0.9880, 0.1547, 1.5837,0.0000, 0.0000, 0.0000, 1.0000///Bero2_Joint
Neck__offset///0.0000, -0.0000, 1.0000, 0.0000,-0.0000, -1.0000, -0.0000, 0.0000,1.0000, -0.0000, -0.0000, 1.4889,0.0000, 0.0000, 0.0000, 1.0000///Neck
Neck_back__offset///0.0000, -0.0001, 1.0000, 0.0000,0.0001, -1.0000, -0.0001, 0.0000,1.0000, 0.0001, -0.0000, 1.4890,0.0000, 0.0000, 0.0000, 1.0000///Neck
L_Shoulder///1.0000, 0.0000, -0.0000, 0.0970,-0.0000, 0.0000, -1.0000, 0.0000,-0.0000, 1.0000, -0.0000, 1.4550,0.0000, 0.0000, 0.0000, 1.0000///Spine2
L_Arm///1.0000, -0.0000, -0.0000, 0.1581,0.0000, 1.0000, 0.0000, 0.0000,0.0000, -0.0000, 1.0000, 1.4550,0.0000, 0.0000, 0.0000, 1.0000///L_Shoulder
L_ForeArm///1.0000, 0.0000, -0.0000, 0.4318,-0.0000, 1.0000, 0.0000, 0.0000,0.0000, -0.0000, 1.0000, 1.4550,0.0000, 0.0000, 0.0000, 1.0000///L_Arm
L_Hand///1.0000, 0.0000, -0.0000, 0.6465,-0.0000, 0.0000, -1.0000, 0.0000,0.0000, 1.0000, 0.0000, 1.4550,0.0000, 0.0000, 0.0000, 1.0000///L_ForeArm
L_FingerBase///1.0000, 0.0000, -0.0000, 0.6505,-0.0000, 0.0000, -1.0000, -0.0161,0.0000, 1.0000, 0.0000, 1.4550,0.0000, 0.0000, 0.0000, 1.0000///L_Hand
L_Middle///1.0000, 0.0000, -0.0000, 0.6505,-0.0000, 0.0000, -1.0000, -0.0080,0.0000, 1.0000, 0.0000, 1.4550,0.0000, 0.0000, 0.0000, 1.0000///L_FingerBase
L_Ring///1.0000, 0.0000, -0.0000, 0.6505,-0.0000, 0.0000, -1.0000, 0.0000,0.0000, 1.0000, 0.0000, 1.4550,0.0000, 0.0000, 0.0000, 1.0000///L_Middle
L_Pinky///1.0000, 0.0000, -0.0000, 0.6505,-0.0000, 0.0000, -1.0000, 0.0081,0.0000, 1.0000, 0.0000, 1.4550,0.0000, 0.0000, 0.0000, 1.0000///L_Ring
L_Pinky1///1.0000, 0.0000, -0.0000, 0.7334,-0.0000, 0.0000, -1.0000, 0.0310,0.0000, 1.0000, 0.0000, 1.4563,0.0000, 0.0000, 0.0000, 1.0000///L_Pinky
L_Pinky2///1.0000, 0.0000, -0.0000, 0.7720,-0.0000, 0.0000, -1.0000, 0.0310,0.0000, 1.0000, 0.0000, 1.4563,0.0000, 0.0000, 0.0000, 1.0000///L_Pinky1
L_Pinky3///1.0000, 0.0000, -0.0000, 0.7896,-0.0000, 0.0000, -1.0000, 0.0310,0.0000, 1.0000, 0.0000, 1.4563,0.0000, 0.0000, 0.0000, 1.0000///L_Pinky2
L_Pinky4__null///1.0000, 0.0000, -0.0000, 0.8137,-0.0000, 0.0000, -1.0000, 0.0310,0.0000, 1.0000, 0.0000, 1.4563,0.0000, 0.0000, 0.0000, 1.0000///L_Pinky3
L_Ring1///1.0000, 0.0000, -0.0000, 0.7441,-0.0000, 0.0000, -1.0000, 0.0116,0.0000, 1.0000, 0.0000, 1.4578,0.0000, 0.0000, 0.0000, 1.0000///L_Ring
L_Ring2///1.0000, 0.0000, -0.0000, 0.7869,-0.0000, 0.0000, -1.0000, 0.0115,0.0000, 1.0000, 0.0000, 1.4578,0.0000, 0.0000, 0.0000, 1.0000///L_Ring1
L_Ring3///1.0000, 0.0000, -0.0000, 0.8121,-0.0000, 0.0000, -1.0000, 0.0115,0.0000, 1.0000, 0.0000, 1.4578,0.0000, 0.0000, 0.0000, 1.0000///L_Ring2
L_Ring4__null///1.0000, 0.0000, -0.0000, 0.8363,-0.0000, 0.0000, -1.0000, 0.0115,0.0000, 1.0000, 0.0000, 1.4578,0.0000, 0.0000, 0.0000, 1.0000///L_Ring3
L_Middle1///1.0000, 0.0000, -0.0000, 0.7469,-0.0000, 0.0000, -1.0000, -0.0103,0.0000, 1.0000, 0.0000, 1.4593,0.0000, 0.0000, 0.0000, 1.0000///L_Middle
L_Middle2///1.0000, 0.0000, -0.0000, 0.7940,-0.0000, 0.0000, -1.0000, -0.0103,0.0000, 1.0000, 0.0000, 1.4593,0.0000, 0.0000, 0.0000, 1.0000///L_Middle1
L_Middle3///1.0000, 0.0000, -0.0000, 0.8214,-0.0000, 0.0000, -1.0000, -0.0103,0.0000, 1.0000, 0.0000, 1.4593,0.0000, 0.0000, 0.0000, 1.0000///L_Middle2
L_Middle4__null///1.0000, 0.0000, -0.0000, 0.8456,-0.0000, 0.0000, -1.0000, -0.0103,0.0000, 1.0000, 0.0000, 1.4593,0.0000, 0.0000, 0.0000, 1.0000///L_Middle3
L_Index1///1.0000, 0.0000, -0.0000, 0.7469,-0.0000, 0.0000, -1.0000, -0.0331,0.0000, 1.0000, 0.0000, 1.4593,0.0000, 0.0000, 0.0000, 1.0000///L_FingerBase
L_Index2///1.0000, 0.0000, -0.0000, 0.7915,-0.0000, 0.0000, -1.0000, -0.0331,0.0000, 1.0000, 0.0000, 1.4593,0.0000, 0.0000, 0.0000, 1.0000///L_Index1
L_Index3///1.0000, 0.0000, -0.0000, 0.8173,-0.0000, 0.0000, -1.0000, -0.0332,0.0000, 1.0000, 0.0000, 1.4593,0.0000, 0.0000, 0.0000, 1.0000///L_Index2
L_Index4__null///1.0000, 0.0000, -0.0000, 0.8415,-0.0000, 0.0000, -1.0000, -0.0332,0.0000, 1.0000, 0.0000, 1.4593,0.0000, 0.0000, 0.0000, 1.0000///L_Index3
L_Thumb1///0.8053, -0.2750, -0.5252, 0.6661,-0.5122, -0.7689, -0.3827, -0.0359,-0.2986, 0.5772, -0.7600, 1.4432,0.0000, 0.0000, 0.0000, 1.0000///L_FingerBase
L_Thumb2///0.8053, -0.2750, -0.5252, 0.7082,-0.5122, -0.7689, -0.3827, -0.0627,-0.2986, 0.5772, -0.7600, 1.4276,0.0000, 0.0000, 0.0000, 1.0000///L_Thumb1
L_Thumb3///0.8053, -0.2750, -0.5252, 0.7335,-0.5122, -0.7689, -0.3827, -0.0788,-0.2986, 0.5772, -0.7600, 1.4182,0.0000, 0.0000, 0.0000, 1.0000///L_Thumb2
L_Thumb4__null///0.8053, -0.2750, -0.5252, 0.7530,-0.5122, -0.7689, -0.3827, -0.0912,-0.2986, 0.5772, -0.7600, 1.4110,0.0000, 0.0000, 0.0000, 1.0000///L_Thumb3
HLP_L_ForeArm_Mid__offset///1.0000, 0.0000, -0.0000, 0.5532,-0.0000, 0.0000, -1.0000, 0.0000,0.0000, 1.0000, 0.0000, 1.4550,0.0000, 0.0000, 0.0000, 1.0000///L_ForeArm
HLP_L_ForeArm_Btm__offset///1.0000, 0.0000, -0.0000, 0.6278,-0.0000, 0.0000, -1.0000, 0.0000,0.0000, 1.0000, 0.0000, 1.4550,0.0000, 0.0000, 0.0000, 1.0000///L_ForeArm
HLP_L_Elbow__offset///1.0000, 0.0000, -0.0000, 0.4318,-0.0000, 1.0000, 0.0000, 0.0273,0.0000, -0.0000, 1.0000, 1.4550,0.0000, 0.0000, 0.0000, 1.0000///L_ForeArm
L_ForeArm_Slide__offset///1.0000, -0.0000, -0.0000, 0.5323,0.0000, 1.0000, 0.0000, 0.0000,0.0000, -0.0000, 1.0000, 1.4550,0.0000, 0.0000, 0.0000, 1.0000///L_ForeArm
L_ForeArm__offset///1.0000, 0.0000, -0.0000, 0.4319,-0.0000, 1.0000, 0.0000, 0.0000,0.0000, -0.0000, 1.0000, 1.4550,0.0000, 0.0000, 0.0000, 1.0000///L_ForeArm
HLP_L_Arm_Top__offset///1.0000, 0.0000, 0.0000, 0.1582,0.0000, 1.0000, 0.0000, 0.0000,-0.0000, 0.0000, 1.0000, 1.4550,0.0000, 0.0000, 0.0000, 1.0000///L_Arm
HLP_L_Arm_Mid__offset///1.0000, -0.0000, -0.0000, 0.2857,0.0000, 1.0000, 0.0000, 0.0000,0.0000, -0.0000, 1.0000, 1.4550,0.0000, 0.0000, 0.0000, 1.0000///L_Arm
L_Bicep_Slide__offset///1.0000, -0.0000, -0.0000, 0.3036,0.0000, 1.0000, 0.0000, -0.0014,0.0000, -0.0000, 1.0000, 1.4550,0.0000, 0.0000, 0.0000, 1.0000///L_Arm
L_Tricep_Slide__offset///1.0000, -0.0000, -0.0000, 0.3036,0.0000, 1.0000, 0.0000, 0.0004,0.0000, -0.0000, 1.0000, 1.4550,0.0000, 0.0000, 0.0000, 1.0000///L_Arm
L_Arm_Btm__offset///1.0000, -0.0000, -0.0000, 0.4317,0.0000, 1.0000, 0.0000, 0.0000,0.0000, -0.0000, 1.0000, 1.4550,0.0000, 0.0000, 0.0000, 1.0000///L_Arm
HLP_L_ShldrBlade__offset///1.0000, -0.0000, -0.0000, 0.1432,0.0000, 1.0000, 0.0000, -0.0009,0.0000, -0.0000, 1.0000, 1.4366,0.0000, 0.0000, 0.0000, 1.0000///L_Shoulder
HLP_L_Shldr_B__offset///1.0000, -0.0000, -0.0000, 0.1581,0.0000, 1.0000, 0.0000, 0.0000,0.0000, -0.0000, 1.0000, 1.4550,0.0000, 0.0000, 0.0000, 1.0000///L_Shoulder
R_Shoulder///-1.0000, -0.0000, -0.0000, -0.0970,0.0000, 0.0000, -1.0000, 0.0000,0.0000, -1.0000, -0.0000, 1.4550,0.0000, 0.0000, 0.0000, 1.0000///Spine2
R_Arm///-1.0000, 0.0000, 0.0000, -0.1581,0.0000, 1.0000, -0.0000, 0.0000,-0.0000, -0.0000, -1.0000, 1.4550,0.0000, 0.0000, 0.0000, 1.0000///R_Shoulder
R_ForeArm///-1.0000, -0.0000, 0.0000, -0.4318,-0.0000, 1.0000, -0.0000, 0.0000,-0.0000, -0.0000, -1.0000, 1.4550,0.0000, 0.0000, 0.0000, 1.0000///R_Arm
R_Hand///-1.0000, 0.0000, 0.0000, -0.6465,-0.0000, -0.0000, -1.0000, 0.0000,0.0000, -1.0000, 0.0000, 1.4550,0.0000, 0.0000, 0.0000, 1.0000///R_ForeArm
R_FingerBase///-1.0000, -0.0000, 0.0000, -0.6505,-0.0000, -0.0000, -1.0000, -0.0161,0.0000, -1.0000, 0.0000, 1.4550,0.0000, 0.0000, 0.0000, 1.0000///R_Hand
R_Middle///-1.0000, -0.0000, 0.0000, -0.6505,-0.0000, -0.0000, -1.0000, -0.0080,0.0000, -1.0000, 0.0000, 1.4550,0.0000, 0.0000, 0.0000, 1.0000///R_FingerBase
R_Ring///-1.0000, -0.0000, 0.0000, -0.6505,-0.0000, -0.0000, -1.0000, 0.0000,0.0000, -1.0000, 0.0000, 1.4550,0.0000, 0.0000, 0.0000, 1.0000///R_Middle
R_Pinky///-1.0000, -0.0000, 0.0000, -0.6505,-0.0000, -0.0000, -1.0000, 0.0081,0.0000, -1.0000, 0.0000, 1.4550,0.0000, 0.0000, 0.0000, 1.0000///R_Ring
R_Pinky1///-1.0000, 0.0000, 0.0000, -0.7334,-0.0000, -0.0000, -1.0000, 0.0310,0.0000, -1.0000, 0.0000, 1.4563,0.0000, 0.0000, 0.0000, 1.0000///R_Pinky
R_Pinky2///-1.0000, 0.0000, 0.0000, -0.7720,-0.0000, -0.0000, -1.0000, 0.0310,0.0000, -1.0000, 0.0000, 1.4563,0.0000, 0.0000, 0.0000, 1.0000///R_Pinky1
R_Pinky3///-1.0000, 0.0000, 0.0000, -0.7896,-0.0000, -0.0000, -1.0000, 0.0310,0.0000, -1.0000, 0.0000, 1.4563,0.0000, 0.0000, 0.0000, 1.0000///R_Pinky2
R_Pinky4__null///-1.0000, 0.0000, 0.0000, -0.8137,-0.0000, -0.0000, -1.0000, 0.0310,0.0000, -1.0000, 0.0000, 1.4563,0.0000, 0.0000, 0.0000, 1.0000///R_Pinky3
R_Ring1///-1.0000, 0.0000, 0.0000, -0.7441,-0.0000, -0.0000, -1.0000, 0.0116,0.0000, -1.0000, 0.0000, 1.4578,0.0000, 0.0000, 0.0000, 1.0000///R_Ring
R_Ring2///-1.0000, 0.0000, 0.0000, -0.7869,-0.0000, -0.0000, -1.0000, 0.0116,0.0000, -1.0000, 0.0000, 1.4578,0.0000, 0.0000, 0.0000, 1.0000///R_Ring1
R_Ring3///-1.0000, 0.0000, 0.0000, -0.8121,-0.0000, -0.0000, -1.0000, 0.0116,0.0000, -1.0000, 0.0000, 1.4578,0.0000, 0.0000, 0.0000, 1.0000///R_Ring2
R_Ring4__null///-1.0000, 0.0000, 0.0000, -0.8363,-0.0000, -0.0000, -1.0000, 0.0116,0.0000, -1.0000, 0.0000, 1.4578,0.0000, 0.0000, 0.0000, 1.0000///R_Ring3
R_Middle1///-1.0000, 0.0000, 0.0000, -0.7469,-0.0000, -0.0000, -1.0000, -0.0103,0.0000, -1.0000, 0.0000, 1.4593,0.0000, 0.0000, 0.0000, 1.0000///R_Middle
R_Middle2///-1.0000, 0.0000, 0.0000, -0.7940,-0.0000, -0.0000, -1.0000, -0.0103,0.0000, -1.0000, 0.0000, 1.4593,0.0000, 0.0000, 0.0000, 1.0000///R_Middle1
R_Middle3///-1.0000, 0.0000, 0.0000, -0.8214,-0.0000, -0.0000, -1.0000, -0.0103,0.0000, -1.0000, 0.0000, 1.4593,0.0000, 0.0000, 0.0000, 1.0000///R_Middle2
R_Middle4__null///-1.0000, 0.0000, 0.0000, -0.8456,-0.0000, -0.0000, -1.0000, -0.0103,0.0000, -1.0000, 0.0000, 1.4593,0.0000, 0.0000, 0.0000, 1.0000///R_Middle3
R_Index1///-1.0000, 0.0000, 0.0000, -0.7469,-0.0000, -0.0000, -1.0000, -0.0331,0.0000, -1.0000, 0.0000, 1.4593,0.0000, 0.0000, 0.0000, 1.0000///R_FingerBase
R_Index2///-1.0000, 0.0000, 0.0000, -0.7915,-0.0000, -0.0000, -1.0000, -0.0331,0.0000, -1.0000, 0.0000, 1.4593,0.0000, 0.0000, 0.0000, 1.0000///R_Index1
R_Index3///-1.0000, 0.0000, 0.0000, -0.8173,-0.0000, -0.0000, -1.0000, -0.0331,0.0000, -1.0000, 0.0000, 1.4593,0.0000, 0.0000, 0.0000, 1.0000///R_Index2
R_Index4__null///-1.0000, 0.0000, 0.0000, -0.8415,-0.0000, -0.0000, -1.0000, -0.0331,0.0000, -1.0000, 0.0000, 1.4593,0.0000, 0.0000, 0.0000, 1.0000///R_Index3
R_Thumb1///-0.8053, -0.2750, 0.5252, -0.6661,-0.5122, 0.7689, -0.3827, -0.0359,-0.2986, -0.5772, -0.7601, 1.4432,0.0000, 0.0000, 0.0000, 1.0000///R_FingerBase
R_Thumb2///-0.8053, -0.2750, 0.5252, -0.7082,-0.5122, 0.7689, -0.3827, -0.0627,-0.2986, -0.5772, -0.7601, 1.4276,0.0000, 0.0000, 0.0000, 1.0000///R_Thumb1
R_Thumb3///-0.8053, -0.2750, 0.5252, -0.7335,-0.5122, 0.7689, -0.3827, -0.0788,-0.2986, -0.5772, -0.7601, 1.4182,0.0000, 0.0000, 0.0000, 1.0000///R_Thumb2
R_Thumb4__null///-0.8053, -0.2750, 0.5252, -0.7530,-0.5122, 0.7689, -0.3827, -0.0912,-0.2986, -0.5772, -0.7601, 1.4110,0.0000, 0.0000, 0.0000, 1.0000///R_Thumb3
HLP_R_ForeArm_Mid__offset///-1.0000, 0.0000, 0.0000, -0.5532,-0.0000, -0.0000, -1.0000, 0.0000,-0.0000, -1.0000, 0.0000, 1.4550,0.0000, 0.0000, 0.0000, 1.0000///R_ForeArm
HLP_R_ForeArm_Btm__offset///-1.0000, 0.0000, 0.0000, -0.6278,-0.0000, -0.0000, -1.0000, -0.0000,0.0000, -1.0000, 0.0000, 1.4550,0.0000, 0.0000, 0.0000, 1.0000///R_ForeArm
HLP_R_Elbow__offset///-1.0000, -0.0000, 0.0000, -0.4318,-0.0000, 1.0000, -0.0000, 0.0273,-0.0000, -0.0000, -1.0000, 1.4550,0.0000, 0.0000, 0.0000, 1.0000///R_ForeArm
R_ForeArm_Slide__offset///-1.0000, 0.0000, 0.0000, -0.5323,-0.0000, -0.0000, -1.0000, 0.0000,-0.0000, -1.0000, 0.0000, 1.4550,0.0000, 0.0000, 0.0000, 1.0000///R_ForeArm
R_ForeArm__offset///-1.0000, -0.0000, 0.0000, -0.4319,-0.0000, 1.0000, -0.0000, 0.0000,-0.0000, -0.0000, -1.0000, 1.4550,0.0000, 0.0000, 0.0000, 1.0000///R_ForeArm
HLP_R_Arm_Top__offset///-1.0000, 0.0000, -0.0000, -0.1582,0.0000, 1.0000, 0.0000, 0.0000,0.0000, 0.0000, -1.0000, 1.4550,0.0000, 0.0000, 0.0000, 1.0000///R_Arm
HLP_R_Arm_Mid__offset///-1.0000, 0.0000, 0.0000, -0.2857,0.0000, 1.0000, -0.0000, 0.0000,-0.0000, -0.0000, -1.0000, 1.4550,0.0000, 0.0000, 0.0000, 1.0000///R_Arm
R_Bicep_Slide__offset///-1.0000, 0.0000, 0.0000, -0.3036,0.0000, 1.0000, -0.0000, -0.0014,-0.0000, -0.0000, -1.0000, 1.4550,0.0000, 0.0000, 0.0000, 1.0000///R_Arm
R_Tricep_Slide__offset///-1.0000, 0.0000, 0.0000, -0.3036,0.0000, 1.0000, -0.0000, 0.0004,-0.0000, -0.0000, -1.0000, 1.4550,0.0000, 0.0000, 0.0000, 1.0000///R_Arm
R_Arm_Btm__offset///-1.0000, 0.0000, 0.0000, -0.4317,0.0000, 1.0000, -0.0000, 0.0000,-0.0000, -0.0000, -1.0000, 1.4550,0.0000, 0.0000, 0.0000, 1.0000///R_Arm
HLP_R_ShldrBlade__offset///-1.0000, 0.0000, 0.0000, -0.1432,-0.0000, 1.0000, -0.0000, -0.0009,-0.0000, -0.0000, -1.0000, 1.4366,0.0000, 0.0000, 0.0000, 1.0000///R_Shoulder
HLP_R_Shldr_B__offset///-1.0000, 0.0000, 0.0000, -0.1581,0.0000, 1.0000, -0.0000, 0.0000,-0.0000, -0.0000, -1.0000, 1.4550,0.0000, 0.0000, 0.0000, 1.0000///R_Shoulder
HLP_L_CollarBone__offset///0.9506, -0.0002, 0.3105, 0.0097,0.3105, -0.0001, -0.9506, -0.0485,0.0002, 1.0000, 0.0000, 1.4550,0.0000, 0.0000, 0.0000, 1.0000///Spine2
HLP_L_Shldr_F__offset///0.9774, 0.1776, 0.1144, 0.1287,0.1125, 0.0204, -0.9934, -0.0349,-0.1788, 0.9839, -0.0000, 1.5104,0.0000, 0.0000, 0.0000, 1.0000///HLP_L_CollarBone__offset
L_Shldr_F1__null///0.9774, 0.1776, 0.1144, 0.2235,0.1125, 0.0204, -0.9934, -0.0240,-0.1788, 0.9839, -0.0000, 1.4931,0.0000, 0.0000, 0.0000, 1.0000///HLP_L_Shldr_F__offset
HLP_L_CollarBone_up__offset///0.9506, -0.0002, 0.3105, 0.0097,0.3105, -0.0001, -0.9506, -0.0484,0.0002, 1.0000, 0.0000, 1.4550,0.0000, 0.0000, 0.0000, 1.0000///HLP_L_CollarBone__offset
L_CollarBone1__null///0.9506, -0.0002, 0.3105, 0.1849,0.3105, -0.0001, -0.9506, 0.0087,0.0002, 1.0000, 0.0000, 1.4550,0.0000, 0.0000, 0.0000, 1.0000///HLP_L_CollarBone__offset
HLP_R_CollarBone__offset///-0.9506, -0.0002, -0.3106, -0.0097,0.3106, 0.0001, -0.9506, -0.0485,0.0002, -1.0000, -0.0000, 1.4550,0.0000, 0.0000, 0.0000, 1.0000///Spine2
HLP_R_Shldr_F__offset///-0.9774, -0.1776, 0.1144, -0.1287,0.1125, 0.0204, 0.9934, -0.0349,-0.1788, 0.9839, 0.0000, 1.5104,0.0000, 0.0000, 0.0000, 1.0000///HLP_R_CollarBone__offset
R_Shldr_F1__null///-0.9774, -0.1776, 0.1144, -0.2235,0.1125, 0.0204, 0.9934, -0.0240,-0.1788, 0.9839, 0.0000, 1.4931,0.0000, 0.0000, 0.0000, 1.0000///HLP_R_Shldr_F__offset
HLP_R_CollarBone_up__offset///-0.9506, -0.0002, -0.3106, -0.0097,0.3106, 0.0001, -0.9506, -0.0484,0.0002, -1.0000, 0.0000, 1.4550,0.0000, 0.0000, 0.0000, 1.0000///HLP_R_CollarBone__offset
R_CollarBone1__null///-0.9506, -0.0002, -0.3106, -0.1849,0.3106, 0.0001, -0.9506, 0.0088,0.0002, -1.0000, 0.0000, 1.4550,0.0000, 0.0000, 0.0000, 1.0000///HLP_R_CollarBone__offset
HLP_L_Pectoral__offset///0.9637, -0.2590, 0.0644, 0.0001,0.0622, -0.0167, -0.9979, -0.0184,0.2595, 0.9657, 0.0000, 1.3781,0.0000, 0.0000, 0.0000, 1.0000///Spine2
L_Pectoral__null///0.9637, -0.2590, 0.0644, 0.1871,0.0622, -0.0167, -0.9979, -0.0064,0.2595, 0.9657, 0.0000, 1.4284,0.0000, 0.0000, 0.0000, 1.0000///HLP_L_Pectoral__offset
HLP_L_Pectoral_side__offset///0.9637, -0.2590, 0.0644, 0.0001,0.0622, -0.0167, -0.9979, -0.0184,0.2595, 0.9657, 0.0000, 1.3782,0.0000, 0.0000, 0.0000, 1.0000///HLP_L_Pectoral__offset
HLP_R_Pectoral__offset///-0.9637, 0.2590, 0.0644, -0.0001,0.0622, -0.0167, 0.9979, -0.0184,0.2595, 0.9657, -0.0000, 1.3781,0.0000, 0.0000, 0.0000, 1.0000///Spine2
R_Pectoral__null///-0.9637, 0.2590, 0.0644, -0.1871,0.0622, -0.0167, 0.9979, -0.0064,0.2595, 0.9657, -0.0000, 1.4284,0.0000, 0.0000, 0.0000, 1.0000///HLP_R_Pectoral__offset
HLP_R_Pectoral_side__offset///-0.9637, 0.2590, 0.0644, -0.0001,0.0622, -0.0167, 0.9979, -0.0184,0.2595, 0.9657, -0.0000, 1.3782,0.0000, 0.0000, 0.0000, 1.0000///HLP_R_Pectoral__offset
Spine2__offset///0.0000, -0.0000, 1.0000, 0.0000,-0.0000, -1.0000, -0.0000, 0.0000,1.0000, -0.0000, -0.0000, 1.2415,0.0000, 0.0000, 0.0000, 1.0000///Spine2
Spine2_breast__offset///0.0000, -0.0000, 1.0000, 0.0000,-0.0000, -1.0000, -0.0000, 0.0001,1.0000, -0.0000, -0.0000, 1.2794,0.0000, 0.0000, 0.0000, 1.0000///Spine2__offset
Spine2up__offset///0.0000, -0.0000, 1.0000, 0.0000,-0.0000, -1.0000, -0.0000, 0.0000,1.0000, -0.0000, -0.0000, 1.2416,0.0000, 0.0000, 0.0000, 1.0000///Spine2__offset
Spine2side__offset///0.0000, -0.0000, 1.0000, 0.0000,-0.0000, -1.0000, -0.0000, 0.0000,1.0000, -0.0000, -0.0000, 1.2414,0.0000, 0.0000, 0.0000, 1.0000///Spine2
OPT0_bustL///0.3127, -0.0846, -0.9461, 0.0214,-0.9461, 0.0601, -0.3181, 0.0757,0.0838, 0.9946, -0.0612, 1.3075,0.0000, 0.0000, 0.0000, 1.0000///Spine2
OPT1_bustL///-0.3127, -0.0846, 0.9461, 0.1092,0.9461, 0.0601, 0.3181, -0.1900,-0.0838, 0.9946, 0.0612, 1.3310,0.0000, 0.0000, 0.0000, 1.0000///OPT0_bustL
OPT1_bustL_end///0.9983, -0.0464, 0.0341, 0.0752,0.0316, -0.0539, -0.9980, -0.0872,0.0482, 0.9975, -0.0523, 1.3219,0.0000, 0.0000, 0.0000, 1.0000///OPT1_bustL
OPT2_bustR///0.3127, -0.0845, -0.9461, -0.0212,0.9461, -0.0601, 0.3181, 0.0757,-0.0838, -0.9946, 0.0612, 1.3075,0.0000, 0.0000, 0.0000, 1.0000///Spine2
OPT3_bustR///-0.3127, -0.0845, 0.9461, -0.1090,-0.9461, -0.0601, -0.3181, -0.1900,0.0838, -0.9946, -0.0612, 1.3310,0.0000, 0.0000, 0.0000, 1.0000///OPT2_bustR
OPT1_bustR_end///0.9983, -0.0464, 0.0341, -0.0750,-0.0316, 0.0539, 0.9980, -0.0872,-0.0481, -0.9975, 0.0523, 1.3219,0.0000, 0.0000, 0.0000, 1.0000///OPT3_bustR
SWG_OPT0_bustL__swing///0.3127, -0.9139, 0.2588, 0.0214,-0.9461, -0.3238, 0.0000, 0.0757,0.0838, -0.2448, -0.9659, 1.3075,0.0000, 0.0000, 0.0000, 1.0000///Spine2
SWG_OPT1_bustL__swing///-0.3127, 0.2406, 0.9189, 0.1092,0.9461, 0.1642, 0.2790, -0.1900,-0.0838, 0.9566, -0.2790, 1.3310,0.0000, 0.0000, 0.0000, 1.0000///SWG_OPT0_bustL__swing
SWG_OPT_bustL__null///0.3127, -0.2406, 0.9189, 0.0752,-0.9461, -0.1642, 0.2790, -0.0872,0.0838, -0.9566, -0.2790, 1.3219,0.0000, 0.0000, 0.0000, 1.0000///SWG_OPT1_bustL__swing
SWG_OPT2_bustR__swing///-0.3127, -0.9139, -0.2588, -0.0212,-0.9461, 0.3238, 0.0000, 0.0757,0.0838, 0.2448, -0.9659, 1.3075,0.0000, 0.0000, 0.0000, 1.0000///Spine2
SWG_OPT3_bustR__swing///0.3127, -0.2406, 0.9189, -0.1090,0.9461, 0.1642, -0.2790, -0.1900,-0.0838, 0.9566, 0.2790, 1.3310,0.0000, 0.0000, 0.0000, 1.0000///SWG_OPT2_bustR__swing
SWG_OPT_bustR__null///-0.3127, 0.2406, 0.9189, -0.0750,-0.9461, -0.1642, -0.2790, -0.0872,0.0838, -0.9566, 0.2790, 1.3219,0.0000, 0.0000, 0.0000, 1.0000///SWG_OPT3_bustR__swing
Spine1__offset///0.0000, -0.0000, 1.0000, 0.0000,-0.0000, -1.0000, -0.0000, 0.0000,1.0000, -0.0000, -0.0000, 1.1154,0.0000, 0.0000, 0.0000, 1.0000///Spine1
Spine1_front__offset///0.0000, -0.0000, 1.0000, 0.0000,-0.0000, -1.0000, -0.0000, 0.0000,1.0000, -0.0000, -0.0000, 1.1156,0.0000, 0.0000, 0.0000, 1.0000///Spine1
Hip///-0.0000, -0.0000, 1.0000, 0.0000,-0.0000, 1.0000, 0.0000, 0.0000,-1.0000, 0.0000, -0.0000, 1.1155,0.0000, 0.0000, 0.0000, 1.0000///Base
L_UpLeg///0.0000, 0.0000, 1.0000, 0.0970,-0.0001, 1.0000, -0.0000, -0.0000,-1.0000, -0.0001, 0.0000, 0.9603,0.0000, 0.0000, 0.0000, 1.0000///Hip
L_Leg///0.0000, 0.0000, 1.0000, 0.0970,0.0001, 1.0000, -0.0000, -0.0000,-1.0000, 0.0001, 0.0000, 0.5335,0.0000, 0.0000, 0.0000, 1.0000///L_UpLeg
L_Foot///0.0000, 0.0000, 1.0000, 0.0970,-0.0000, 1.0000, -0.0000, -0.0000,-1.0000, 0.0000, 0.0000, 0.1261,0.0000, 0.0000, 0.0000, 1.0000///L_Leg
L_Toe///-0.0000, 0.0000, 1.0000, 0.0970,-1.0000, 0.0000, -0.0000, -0.1484,-0.0000, -1.0000, 0.0000, 0.0293,0.0000, 0.0000, 0.0000, 1.0000///L_Foot
L_Toe1__null///-0.0000, 0.0000, 1.0000, 0.0970,-1.0000, 0.0000, -0.0000, -0.2745,-0.0000, -1.0000, 0.0000, 0.0293,0.0000, 0.0000, 0.0000, 1.0000///L_Toe
L_Toe__offset///-0.0000, 0.0000, 1.0000, 0.0970,-1.0000, 0.0000, -0.0000, -0.1534,-0.0000, -1.0000, 0.0000, 0.0293,0.0000, 0.0000, 0.0000, 1.0000///L_Toe
ATH_L_Toe_Btm///1.0000, 0.0000, -0.0000, 0.0970,-0.0000, 1.0000, -0.0000, -0.1552,0.0000, 0.0000, 1.0000, -0.0000,0.0000, 0.0000, 0.0000, 1.0000///L_Toe
L_Foot__offset///0.0000, 0.0000, 1.0000, 0.0970,-0.0000, 1.0000, -0.0000, -0.0000,-1.0000, 0.0000, 0.0000, 0.1260,0.0000, 0.0000, 0.0000, 1.0000///L_Foot
L_Ankle__offset///0.0000, 0.0000, 1.0000, 0.0970,-0.0000, 1.0000, -0.0000, -0.0000,-1.0000, 0.0000, 0.0000, 0.1262,0.0000, 0.0000, 0.0000, 1.0000///L_Foot
ATH_L_Foot_Btm///1.0000, 0.0000, -0.0000, 0.0970,-0.0000, 1.0000, -0.0000, -0.0000,0.0000, 0.0000, 1.0000, -0.0000,0.0000, 0.0000, 0.0000, 1.0000///L_Foot
L_Calf_Slide__offset///1.0000, -0.0000, -0.0000, 0.0970,-0.0000, -0.0001, -1.0000, -0.0000,0.0000, 1.0000, -0.0001, 0.3298,0.0000, 0.0000, 0.0000, 1.0000///L_Leg
L_Leg__offset///0.0000, 0.0000, 1.0000, 0.0970,0.0001, 1.0000, -0.0000, -0.0000,-1.0000, 0.0001, 0.0000, 0.5334,0.0000, 0.0000, 0.0000, 1.0000///L_Leg
HLP_L_Knee__offset///0.0000, 0.0000, 1.0000, 0.0970,0.0000, 1.0000, -0.0000, -0.0195,-1.0000, 0.0000, 0.0000, 0.5335,0.0000, 0.0000, 0.0000, 1.0000///L_UpLeg
HLP_L_UpLeg_Top__offset///-0.0000, 0.0000, 1.0000, 0.0970,0.0000, 1.0000, 0.0000, -0.0000,-1.0000, 0.0000, -0.0000, 0.9604,0.0000, 0.0000, 0.0000, 1.0000///L_UpLeg
HLP_L_UpLeg_Mid__offset///0.0000, 0.0000, 1.0000, 0.0970,-0.0000, 1.0000, -0.0000, -0.0000,-1.0000, -0.0000, 0.0000, 0.7663,0.0000, 0.0000, 0.0000, 1.0000///L_UpLeg
L_Thigh_Slide__offset///1.0000, -0.0000, -0.0000, 0.0970,-0.0000, 0.0001, -1.0000, -0.0010,0.0000, 1.0000, 0.0001, 0.7469,0.0000, 0.0000, 0.0000, 1.0000///L_UpLeg
L_UpLeg__offset///0.0000, 0.0000, 1.0000, 0.0970,-0.0001, 1.0000, -0.0000, -0.0000,-1.0000, -0.0001, 0.0000, 0.9602,0.0000, 0.0000, 0.0000, 1.0000///L_UpLeg
R_UpLeg///0.0000, 0.0000, 1.0000, -0.0970,-0.0001, 1.0000, -0.0000, -0.0000,-1.0000, -0.0001, 0.0000, 0.9603,0.0000, 0.0000, 0.0000, 1.0000///Hip
R_Leg///0.0000, 0.0000, 1.0000, -0.0970,0.0001, 1.0000, -0.0000, -0.0000,-1.0000, 0.0001, 0.0000, 0.5335,0.0000, 0.0000, 0.0000, 1.0000///R_UpLeg
R_Foot///0.0013, 0.0000, 1.0000, -0.0970,0.0000, 1.0000, -0.0000, -0.0000,-1.0000, 0.0000, 0.0013, 0.1261,0.0000, 0.0000, 0.0000, 1.0000///R_Leg
R_Toe///-0.0000, 0.0013, 1.0000, -0.0969,-1.0000, 0.0000, -0.0000, -0.1484,-0.0000, -1.0000, 0.0013, 0.0293,0.0000, 0.0000, 0.0000, 1.0000///R_Foot
R_Toe1__null///-0.0000, 0.0013, 1.0000, -0.0969,-1.0000, 0.0000, -0.0000, -0.2745,-0.0000, -1.0000, 0.0013, 0.0293,0.0000, 0.0000, 0.0000, 1.0000///R_Toe
R_Toe__offset///0.0000, 0.0013, 1.0000, -0.0969,-1.0000, 0.0000, 0.0000, -0.1534,-0.0000, -1.0000, 0.0013, 0.0293,0.0000, 0.0000, 0.0000, 1.0000///R_Toe
ATH_R_Toe_Btm///1.0000, -0.0000, -0.0013, -0.0968,0.0000, 1.0000, -0.0000, -0.1552,0.0013, 0.0000, 1.0000, -0.0000,0.0000, 0.0000, 0.0000, 1.0000///R_Toe
R_Foot__offset///0.0013, 0.0000, 1.0000, -0.0970,0.0000, 1.0000, -0.0000, -0.0000,-1.0000, 0.0000, 0.0013, 0.1260,0.0000, 0.0000, 0.0000, 1.0000///R_Foot
R_Ankle__offset///-0.0013, 0.0000, 1.0000, -0.0970,-0.0000, -1.0000, 0.0000, -0.0000,1.0000, -0.0000, 0.0013, 0.1262,0.0000, 0.0000, 0.0000, 1.0000///R_Foot
ATH_R_Foot_Btm///1.0000, -0.0000, -0.0013, -0.0968,0.0000, 1.0000, -0.0000, -0.0000,0.0013, 0.0000, 1.0000, 0.0000,0.0000, 0.0000, 0.0000, 1.0000///R_Foot
R_Calf_Slide__offset///1.0000, -0.0000, 0.0000, -0.0970,0.0000, -0.0001, -1.0000, -0.0000,0.0000, 1.0000, -0.0001, 0.3298,0.0000, 0.0000, 0.0000, 1.0000///R_Leg
R_Leg__offset///0.0000, 0.0000, 1.0000, -0.0970,0.0001, 1.0000, -0.0000, -0.0000,-1.0000, 0.0001, 0.0000, 0.5334,0.0000, 0.0000, 0.0000, 1.0000///R_Leg
HLP_R_Knee__offset///0.0000, 0.0000, 1.0000, -0.0970,0.0000, 1.0000, -0.0000, -0.0195,-1.0000, 0.0000, 0.0000, 0.5335,0.0000, 0.0000, 0.0000, 1.0000///R_UpLeg
HLP_R_UpLeg_Top__offset///-0.0000, 0.0000, 1.0000, -0.0970,0.0000, 1.0000, 0.0000, -0.0000,-1.0000, 0.0000, -0.0000, 0.9604,0.0000, 0.0000, 0.0000, 1.0000///R_UpLeg
HLP_R_UpLeg_Mid__offset///0.0000, 0.0000, 1.0000, -0.0970,-0.0000, 1.0000, -0.0000, -0.0000,-1.0000, -0.0000, 0.0000, 0.7663,0.0000, 0.0000, 0.0000, 1.0000///R_UpLeg
R_Thigh_Slide__offset///1.0000, -0.0000, 0.0000, -0.0970,0.0000, 0.0001, -1.0000, -0.0010,0.0000, 1.0000, 0.0001, 0.7469,0.0000, 0.0000, 0.0000, 1.0000///R_UpLeg
R_UpLeg__offset///0.0000, 0.0000, 1.0000, -0.0970,-0.0001, 1.0000, -0.0000, -0.0000,-1.0000, -0.0001, 0.0000, 0.9602,0.0000, 0.0000, 0.0000, 1.0000///R_UpLeg
HLP_L_Butt__offset///-0.0000, 0.0000, 1.0000, 0.0971,0.0000, 1.0000, 0.0000, 0.0001,-1.0000, 0.0000, -0.0000, 0.9602,0.0000, 0.0000, 0.0000, 1.0000///Hip
HLP_R_Butt__offset///-0.0000, 0.0000, 1.0000, -0.0971,0.0000, 1.0000, 0.0000, 0.0001,-1.0000, 0.0000, -0.0000, 0.9602,0.0000, 0.0000, 0.0000, 1.0000///Hip
HLP_L_Inguinal__offset///-0.1165, -0.0101, -0.9932, 0.1620,0.0867, -0.9962, -0.0000, -0.0484,-0.9894, -0.0861, 0.1169, 1.0854,0.0000, 0.0000, 0.0000, 1.0000///Hip
L_Inguinal1__null///-0.1165, -0.0101, -0.9932, 0.1281,0.0867, -0.9962, -0.0000, -0.0232,-0.9894, -0.0861, 0.1169, 0.7975,0.0000, 0.0000, 0.0000, 1.0000///HLP_L_Inguinal__offset
HLP_R_Inguinal__offset///0.1165, 0.0101, -0.9931, -0.1620,0.0867, -0.9962, 0.0000, -0.0484,-0.9894, -0.0861, -0.1169, 1.0854,0.0000, 0.0000, 0.0000, 1.0000///Hip
R_Inguinal__null///0.1165, 0.0101, -0.9931, -0.1281,0.0867, -0.9962, 0.0000, -0.0232,-0.9894, -0.0861, -0.1169, 0.7975,0.0000, 0.0000, 0.0000, 1.0000///HLP_R_Inguinal__offset
Hip__offset///-0.0000, -0.0000, 1.0000, 0.0000,-0.0000, 1.0000, 0.0000, 0.0000,-1.0000, 0.0000, -0.0000, 1.1156,0.0000, 0.0000, 0.0000, 1.0000///Hip
Hip_front__offset///-0.0000, -0.0000, 1.0000, -0.0000,-0.0000, 1.0000, 0.0000, 0.0000,-1.0000, 0.0000, -0.0000, 1.1154,0.0000, 0.0000, 0.0000, 1.0000///Hip
EDIT__null///1.0000, 0.0000, 0.0000, 0.0014,0.0000, 1.0000, 0.0000, 0.0000,0.0000, 0.0000, 1.0000, -0.0000,0.0000, 0.0000, 0.0000, 1.0000///MODEL_00
Deform__null///1.0000, 0.0000, 0.0000, 0.0083,0.0000, 1.0000, 0.0000, 0.0015,0.0000, 0.0000, 1.0000, -0.0002,0.0000, 0.0000, 0.0000, 1.0000///EDIT__null
