MODEL_00///1.0000, 0.0000, 0.0000, 0.0000,0.0000, 1.0000, 0.0000, -0.0000,0.0000, 0.0000, 1.0000, 0.0000,0.0000, 0.0000, 0.0000, 1.0000///
BODY_SCALE__group///1.0000, 0.0000, 0.0000, 0.0000,0.0000, 0.0000, -1.0000, 0.0000,0.0000, 1.0000, 0.0000, 0.0000,0.0000, 0.0000, 0.0000, 1.0000///MODEL_00
BASE///1.0000, 0.0000, 0.0000, 0.0000,0.0000, -0.0000, -1.0000, 0.0000,0.0000, 1.0000, -0.0000, 1.1500,0.0000, 0.0000, 0.0000, 1.0000///BODY_SCALE__group
Spine1///0.0000, -0.0000, 1.0000, 0.0000,-0.0000, -1.0000, -0.0000, 0.0000,1.0000, -0.0000, -0.0000, 1.1500,0.0000, 0.0000, 0.0000, 1.0000///BASE
Spine2///0.0000, -0.0000, 1.0000, 0.0000,-0.0000, -1.0000, -0.0000, 0.0000,1.0000, -0.0000, -0.0000, 1.2696,0.0000, 0.0000, 0.0000, 1.0000///Spine1
Neck///0.0000, -0.0000, 1.0000, 0.0000,-0.0000, -1.0000, -0.0000, 0.0000,1.0000, -0.0000, -0.0000, 1.4996,0.0000, 0.0000, 0.0000, 1.0000///Spine2
Head///-0.0000, 1.0000, -0.0000, 0.0000,-1.0000, -0.0000, -0.0000, 0.0000,-0.0000, 0.0000, 1.0000, 1.6192,0.0000, 0.0000, 0.0000, 1.0000///Neck
Head__offset///-0.0000, 1.0000, -0.0000, 0.0000,-1.0000, -0.0000, 0.0003, 0.0000,0.0003, 0.0000, 1.0000, 1.6193,0.0000, 0.0000, 0.0000, 1.0000///Head
ATH_Head_Top///1.0000, -0.0000, 0.0000, -0.0000,0.0000, 1.0000, 0.0000, 0.0000,-0.0000, 0.0000, 1.0000, 1.7941,0.0000, 0.0000, 0.0000, 1.0000///Head
L_Mayu2_Joint///1.0000, 0.0000, -0.0000, 0.0368,-0.0000, -0.0000, -1.0000, -0.1126,-0.0000, 1.0000, -0.0000, 1.6707,0.0000, 0.0000, 0.0000, 1.0000///Head
L_Mayu3_Joint///1.0000, 0.0000, -0.0000, 0.0552,-0.0000, -0.0000, -1.0000, -0.0937,-0.0000, 1.0000, -0.0000, 1.6706,0.0000, 0.0000, 0.0000, 1.0000///Head
L_Mayu1_Joint///1.0000, 0.0000, -0.0000, 0.0149,-0.0000, -0.0000, -1.0000, -0.1181,-0.0000, 1.0000, -0.0000, 1.6640,0.0000, 0.0000, 0.0000, 1.0000///Head
R_Mayu3_Joint///1.0000, 0.0000, -0.0000, -0.0552,-0.0000, -0.0000, -1.0000, -0.0937,-0.0000, 1.0000, -0.0000, 1.6706,0.0000, 0.0000, 0.0000, 1.0000///Head
R_Mayu2_Joint///1.0000, 0.0000, -0.0000, -0.0368,-0.0000, -0.0000, -1.0000, -0.1126,-0.0000, 1.0000, -0.0000, 1.6707,0.0000, 0.0000, 0.0000, 1.0000///Head
R_Mayu1_Joint///1.0000, 0.0000, -0.0000, -0.0149,-0.0000, -0.0000, -1.0000, -0.1181,-0.0000, 1.0000, -0.0000, 1.6640,0.0000, 0.0000, 0.0000, 1.0000///Head
R_Eyecorner///1.0000, 0.0000, -0.0000, -0.0450,-0.0000, -0.0000, -1.0000, -0.0940,-0.0000, 1.0000, -0.0000, 1.6595,0.0000, 0.0000, 0.0000, 1.0000///Head
R_UwaMabuta_Joint///1.0000, 0.0000, -0.0000, -0.0273,-0.0000, -0.0000, -1.0000, -0.0905,-0.0000, 1.0000, -0.0000, 1.6553,0.0000, 0.0000, 0.0000, 1.0000///Head
R_UpEyelid1///1.0000, 0.0000, -0.0000, -0.0230,-0.0000, -0.0000, -1.0000, -0.1064,-0.0000, 1.0000, -0.0000, 1.6565,0.0000, 0.0000, 0.0000, 1.0000///R_UwaMabuta_Joint
R_UpEyelid2///1.0000, 0.0000, -0.0000, -0.0394,-0.0000, -0.0000, -1.0000, -0.1038,-0.0000, 1.0000, -0.0000, 1.6584,0.0000, 0.0000, 0.0000, 1.0000///R_UwaMabuta_Joint
L_UwaMabuta_Joint///1.0000, 0.0000, 0.0000, 0.0273,0.0000, -0.0000, -1.0000, -0.0905,-0.0000, 1.0000, -0.0000, 1.6553,0.0000, 0.0000, 0.0000, 1.0000///Head
L_UpEyelid2///1.0000, 0.0000, 0.0000, 0.0394,0.0000, -0.0000, -1.0000, -0.1038,0.0000, 1.0000, -0.0000, 1.6584,0.0000, 0.0000, 0.0000, 1.0000///L_UwaMabuta_Joint
L_UpEyelid1///1.0000, 0.0000, 0.0000, 0.0230,0.0000, -0.0000, -1.0000, -0.1064,-0.0000, 1.0000, -0.0000, 1.6565,0.0000, 0.0000, 0.0000, 1.0000///L_UwaMabuta_Joint
L_Eyecorner///1.0000, 0.0000, -0.0000, 0.0450,-0.0000, -0.0000, -1.0000, -0.0940,-0.0000, 1.0000, -0.0000, 1.6595,0.0000, 0.0000, 0.0000, 1.0000///Head
L_Eye_Joint///1.0000, 0.0000, 0.0000, 0.0292,0.0000, -0.0000, -1.0000, -0.0866,-0.0000, 1.0000, -0.0000, 1.6565,0.0000, 0.0000, 0.0000, 1.0000///Head
R_Eye_Joint///1.0000, 0.0000, -0.0000, -0.0292,-0.0000, -0.0000, -1.0000, -0.0866,-0.0000, 1.0000, -0.0000, 1.6565,0.0000, 0.0000, 0.0000, 1.0000///Head
R_SitaMabuta_Joint///1.0000, 0.0000, -0.0000, -0.0273,-0.0000, -0.0000, -1.0000, -0.0905,-0.0000, 1.0000, -0.0000, 1.6551,0.0000, 0.0000, 0.0000, 1.0000///Head
R_LowEyelid1///1.0000, 0.0000, -0.0000, -0.0227,-0.0000, -0.0000, -1.0000, -0.1041,-0.0000, 1.0000, -0.0000, 1.6499,0.0000, 0.0000, 0.0000, 1.0000///R_SitaMabuta_Joint
R_LowEyelid2///1.0000, 0.0000, -0.0000, -0.0384,-0.0000, -0.0000, -1.0000, -0.1021,-0.0000, 1.0000, -0.0000, 1.6500,0.0000, 0.0000, 0.0000, 1.0000///R_SitaMabuta_Joint
L_SitaMabuta_Joint///1.0000, 0.0000, -0.0000, 0.0273,-0.0000, -0.0000, -1.0000, -0.0905,-0.0000, 1.0000, -0.0000, 1.6551,0.0000, 0.0000, 0.0000, 1.0000///Head
L_LowEyelid2///1.0000, 0.0000, -0.0000, 0.0384,-0.0000, -0.0000, -1.0000, -0.1021,-0.0000, 1.0000, -0.0000, 1.6500,0.0000, 0.0000, 0.0000, 1.0000///L_SitaMabuta_Joint
L_LowEyelid1///1.0000, 0.0000, -0.0000, 0.0227,-0.0000, -0.0000, -1.0000, -0.1041,-0.0000, 1.0000, -0.0000, 1.6499,0.0000, 0.0000, 0.0000, 1.0000///L_SitaMabuta_Joint
L_Hoho_Joint///1.0000, 0.0000, -0.0000, 0.0517,-0.0000, -0.0000, -1.0000, -0.0940,-0.0000, 1.0000, -0.0000, 1.6373,0.0000, 0.0000, 0.0000, 1.0000///Head
L_Hana_Joint///1.0000, 0.0000, -0.0000, 0.0155,-0.0000, -0.0000, -1.0000, -0.1104,-0.0000, 1.0000, -0.0000, 1.6396,0.0000, 0.0000, 0.0000, 1.0000///Head
R_Hana_Joint///1.0000, 0.0000, -0.0000, -0.0155,-0.0000, -0.0000, -1.0000, -0.1104,-0.0000, 1.0000, -0.0000, 1.6396,0.0000, 0.0000, 0.0000, 1.0000///Head
R_Hoho_Joint///1.0000, 0.0000, -0.0000, -0.0517,-0.0000, -0.0000, -1.0000, -0.0940,-0.0000, 1.0000, -0.0000, 1.6373,0.0000, 0.0000, 0.0000, 1.0000///Head
L_Kobana_Joint///1.0000, 0.0000, -0.0000, 0.0097,-0.0000, -0.0000, -1.0000, -0.1155,-0.0000, 1.0000, -0.0000, 1.6204,0.0000, 0.0000, 0.0000, 1.0000///Head
R_Kobana_Joint///1.0000, 0.0000, -0.0000, -0.0097,-0.0000, -0.0000, -1.0000, -0.1155,-0.0000, 1.0000, -0.0000, 1.6204,0.0000, 0.0000, 0.0000, 1.0000///Head
L_Chobo_Joint///1.0000, 0.0000, -0.0000, 0.0534,-0.0000, -0.0000, -1.0000, -0.0715,-0.0000, 1.0000, -0.0000, 1.6052,0.0000, 0.0000, 0.0000, 1.0000///Head
R_Chobo_Joint///1.0000, 0.0000, -0.0000, -0.0534,-0.0000, -0.0000, -1.0000, -0.0715,-0.0000, 1.0000, -0.0000, 1.6052,0.0000, 0.0000, 0.0000, 1.0000///Head
L_LipU_Joint///1.0000, 0.0000, -0.0000, 0.0114,-0.0000, -0.0000, -1.0000, -0.1102,-0.0000, 1.0000, -0.0000, 1.5959,0.0000, 0.0000, 0.0000, 1.0000///Head
R_LipU_Joint///1.0000, 0.0000, -0.0000, -0.0114,-0.0000, -0.0000, -1.0000, -0.1102,-0.0000, 1.0000, -0.0000, 1.5959,0.0000, 0.0000, 0.0000, 1.0000///Head
M_LipU_Joint///1.0000, 0.0000, -0.0000, -0.0000,-0.0000, -0.0000, -1.0000, -0.1147,-0.0000, 1.0000, -0.0000, 1.6008,0.0000, 0.0000, 0.0000, 1.0000///Head
Jaw_Joint///1.0000, 0.0000, -0.0000, -0.0000,-0.0000, -0.0000, -1.0000, -0.0371,-0.0000, 1.0000, -0.0000, 1.6197,0.0000, 0.0000, 0.0000, 1.0000///Head
L_LipD_Joint///1.0000, 0.0000, -0.0000, 0.0119,-0.0000, -0.0000, -1.0000, -0.1043,-0.0000, 1.0000, -0.0000, 1.5852,0.0000, 0.0000, 0.0000, 1.0000///Jaw_Joint
R_LipD_Joint///1.0000, 0.0000, -0.0000, -0.0119,-0.0000, -0.0000, -1.0000, -0.1043,-0.0000, 1.0000, -0.0000, 1.5852,0.0000, 0.0000, 0.0000, 1.0000///Jaw_Joint
M_LipD_Joint///1.0000, 0.0000, -0.0000, -0.0000,-0.0000, -0.0000, -1.0000, -0.1060,-0.0000, 1.0000, -0.0000, 1.5836,0.0000, 0.0000, 0.0000, 1.0000///Jaw_Joint
L_LipE_Joint///1.0000, 0.0000, -0.0000, 0.0199,-0.0000, -0.0000, -1.0000, -0.0993,-0.0000, 1.0000, -0.0000, 1.5896,0.0000, 0.0000, 0.0000, 1.0000///Jaw_Joint
R_LipE_Joint///1.0000, -0.0000, -0.0000, -0.0199,-0.0000, -0.0000, -1.0000, -0.0993,0.0000, 1.0000, -0.0000, 1.5896,0.0000, 0.0000, 0.0000, 1.0000///Jaw_Joint
Bero1_Joint///0.0000, -0.0000, -1.0000, -0.0000,-1.0000, -0.0000, -0.0000, -0.0623,-0.0000, 1.0000, -0.0000, 1.5962,0.0000, 0.0000, 0.0000, 1.0000///Jaw_Joint
Bero1_Joint_pos///1.0000, -0.0000, 0.0000, -0.0000,0.0000, 0.0000, -1.0000, -0.0814,0.0000, 1.0000, 0.0000, 1.5944,0.0000, 0.0000, 0.0000, 1.0000///Bero1_Joint
Bero2_Joint///-0.0000, 0.0001, -1.0000, -0.0000,-0.9158, -0.4016, -0.0000, -0.0814,-0.4016, 0.9158, 0.0001, 1.5944,0.0000, 0.0000, 0.0000, 1.0000///Bero1_Joint_pos
Bero3_Joint///1.0000, 0.0001, 0.0000, -0.0000,0.0000, 0.0000, -1.0000, -0.1004,-0.0001, 1.0000, -0.0000, 1.5887,0.0000, 0.0000, 0.0000, 1.0000///Bero2_Joint
Neck__offset///0.0000, -0.0000, 1.0000, 0.0000,-0.0000, -1.0000, -0.0000, 0.0000,1.0000, -0.0000, -0.0000, 1.4995,0.0000, 0.0000, 0.0000, 1.0000///Neck
Neck_back__offset///0.0000, -0.0001, 1.0000, 0.0000,0.0001, -1.0000, -0.0001, 0.0000,1.0000, 0.0001, -0.0000, 1.4997,0.0000, 0.0000, 0.0000, 1.0000///Neck
L_Shoulder///1.0000, -0.0000, -0.0000, 0.0920,-0.0000, -0.0000, -1.0000, 0.0000,0.0000, 1.0000, -0.0000, 1.4720,0.0000, 0.0000, 0.0000, 1.0000///Spine2
L_Arm///1.0000, -0.0000, -0.0000, 0.1628,0.0000, 1.0000, 0.0000, 0.0000,0.0000, -0.0000, 1.0000, 1.4720,0.0000, 0.0000, 0.0000, 1.0000///L_Shoulder
L_ForeArm///1.0000, 0.0000, -0.0000, 0.4808,-0.0000, 1.0000, 0.0000, 0.0000,0.0000, -0.0000, 1.0000, 1.4720,0.0000, 0.0000, 0.0000, 1.0000///L_Arm
L_Hand///1.0000, -0.0000, -0.0000, 0.7246,-0.0000, 0.0000, -1.0000, 0.0000,0.0000, 1.0000, 0.0000, 1.4720,0.0000, 0.0000, 0.0000, 1.0000///L_ForeArm
L_FingerBase///1.0000, -0.0000, -0.0000, 0.7281,-0.0000, 0.0000, -1.0000, -0.0143,0.0000, 1.0000, 0.0000, 1.4720,0.0000, 0.0000, 0.0000, 1.0000///L_Hand
L_Middle///1.0000, -0.0000, -0.0000, 0.7281,-0.0000, 0.0000, -1.0000, -0.0072,0.0000, 1.0000, 0.0000, 1.4720,0.0000, 0.0000, 0.0000, 1.0000///L_FingerBase
L_Ring///1.0000, -0.0000, -0.0000, 0.7281,-0.0000, 0.0000, -1.0000, 0.0000,0.0000, 1.0000, 0.0000, 1.4720,0.0000, 0.0000, 0.0000, 1.0000///L_Middle
L_Pinky///1.0000, -0.0000, -0.0000, 0.7281,-0.0000, 0.0000, -1.0000, 0.0072,0.0000, 1.0000, 0.0000, 1.4720,0.0000, 0.0000, 0.0000, 1.0000///L_Ring
L_Pinky1///1.0000, -0.0000, -0.0000, 0.8020,-0.0000, 0.0000, -1.0000, 0.0276,0.0000, 1.0000, 0.0000, 1.4731,0.0000, 0.0000, 0.0000, 1.0000///L_Pinky
L_Pinky2///1.0000, -0.0000, -0.0000, 0.8364,-0.0000, 0.0000, -1.0000, 0.0276,0.0000, 1.0000, 0.0000, 1.4731,0.0000, 0.0000, 0.0000, 1.0000///L_Pinky1
L_Pinky3///1.0000, -0.0000, -0.0000, 0.8521,-0.0000, 0.0000, -1.0000, 0.0276,0.0000, 1.0000, 0.0000, 1.4731,0.0000, 0.0000, 0.0000, 1.0000///L_Pinky2
L_Pinky4__null///1.0000, -0.0000, -0.0000, 0.8736,-0.0000, 0.0000, -1.0000, 0.0276,0.0000, 1.0000, 0.0000, 1.4731,0.0000, 0.0000, 0.0000, 1.0000///L_Pinky3
L_Ring1///1.0000, -0.0000, -0.0000, 0.8115,-0.0000, 0.0000, -1.0000, 0.0103,0.0000, 1.0000, 0.0000, 1.4745,0.0000, 0.0000, 0.0000, 1.0000///L_Ring
L_Ring2///1.0000, -0.0000, -0.0000, 0.8497,-0.0000, 0.0000, -1.0000, 0.0103,0.0000, 1.0000, 0.0000, 1.4745,0.0000, 0.0000, 0.0000, 1.0000///L_Ring1
L_Ring3///1.0000, -0.0000, -0.0000, 0.8722,-0.0000, 0.0000, -1.0000, 0.0103,0.0000, 1.0000, 0.0000, 1.4745,0.0000, 0.0000, 0.0000, 1.0000///L_Ring2
L_Ring4__null///1.0000, -0.0000, -0.0000, 0.8937,-0.0000, 0.0000, -1.0000, 0.0103,0.0000, 1.0000, 0.0000, 1.4745,0.0000, 0.0000, 0.0000, 1.0000///L_Ring3
L_Middle1///1.0000, -0.0000, -0.0000, 0.8141,-0.0000, 0.0000, -1.0000, -0.0092,0.0000, 1.0000, 0.0000, 1.4758,0.0000, 0.0000, 0.0000, 1.0000///L_Middle
L_Middle2///1.0000, -0.0000, -0.0000, 0.8560,-0.0000, 0.0000, -1.0000, -0.0092,0.0000, 1.0000, 0.0000, 1.4758,0.0000, 0.0000, 0.0000, 1.0000///L_Middle1
L_Middle3///1.0000, -0.0000, -0.0000, 0.8805,-0.0000, 0.0000, -1.0000, -0.0092,0.0000, 1.0000, 0.0000, 1.4758,0.0000, 0.0000, 0.0000, 1.0000///L_Middle2
L_Middle4__null///1.0000, -0.0000, -0.0000, 0.9020,-0.0000, 0.0000, -1.0000, -0.0092,0.0000, 1.0000, 0.0000, 1.4758,0.0000, 0.0000, 0.0000, 1.0000///L_Middle3
L_Index1///1.0000, -0.0000, -0.0000, 0.8141,-0.0000, 0.0000, -1.0000, -0.0295,0.0000, 1.0000, 0.0000, 1.4758,0.0000, 0.0000, 0.0000, 1.0000///L_FingerBase
L_Index2///1.0000, -0.0000, -0.0000, 0.8538,-0.0000, 0.0000, -1.0000, -0.0295,0.0000, 1.0000, 0.0000, 1.4758,0.0000, 0.0000, 0.0000, 1.0000///L_Index1
L_Index3///1.0000, -0.0000, -0.0000, 0.8768,-0.0000, 0.0000, -1.0000, -0.0295,0.0000, 1.0000, 0.0000, 1.4758,0.0000, 0.0000, 0.0000, 1.0000///L_Index2
L_Index4__null///1.0000, -0.0000, -0.0000, 0.8983,-0.0000, 0.0000, -1.0000, -0.0295,0.0000, 1.0000, 0.0000, 1.4758,0.0000, 0.0000, 0.0000, 1.0000///L_Index3
L_Thumb1///0.8053, -0.2750, -0.5252, 0.7420,-0.5122, -0.7689, -0.3827, -0.0320,-0.2986, 0.5772, -0.7600, 1.4615,0.0000, 0.0000, 0.0000, 1.0000///L_FingerBase
L_Thumb2///0.8053, -0.2750, -0.5252, 0.7795,-0.5122, -0.7689, -0.3827, -0.0559,-0.2986, 0.5772, -0.7600, 1.4476,0.0000, 0.0000, 0.0000, 1.0000///L_Thumb1
L_Thumb3///0.8053, -0.2750, -0.5252, 0.8021,-0.5122, -0.7689, -0.3827, -0.0703,-0.2986, 0.5772, -0.7600, 1.4392,0.0000, 0.0000, 0.0000, 1.0000///L_Thumb2
L_Thumb4__null///0.8053, -0.2750, -0.5252, 0.8195,-0.5122, -0.7689, -0.3827, -0.0813,-0.2986, 0.5772, -0.7600, 1.4328,0.0000, 0.0000, 0.0000, 1.0000///L_Thumb3
HLP_L_ForeArm_Mid__offset///1.0000, -0.0000, -0.0000, 0.6186,-0.0000, 0.0000, -1.0000, 0.0000,0.0000, 1.0000, 0.0000, 1.4720,0.0000, 0.0000, 0.0000, 1.0000///L_ForeArm
HLP_L_ForeArm_Btm__offset///1.0000, -0.0000, -0.0000, 0.7034,-0.0000, 0.0000, -1.0000, 0.0000,0.0000, 1.0000, 0.0000, 1.4720,0.0000, 0.0000, 0.0000, 1.0000///L_ForeArm
HLP_L_Elbow__offset///1.0000, 0.0000, -0.0000, 0.4808,-0.0000, 1.0000, 0.0000, 0.0259,0.0000, -0.0000, 1.0000, 1.4720,0.0000, 0.0000, 0.0000, 1.0000///L_ForeArm
L_ForeArm_Slide__offset///1.0000, -0.0000, -0.0000, 0.5949,0.0000, 1.0000, 0.0000, 0.0000,0.0000, -0.0000, 1.0000, 1.4720,0.0000, 0.0000, 0.0000, 1.0000///L_ForeArm
L_ForeArm__offset///1.0000, 0.0000, -0.0000, 0.4809,-0.0000, 1.0000, 0.0000, 0.0000,0.0000, -0.0000, 1.0000, 1.4720,0.0000, 0.0000, 0.0000, 1.0000///L_ForeArm
HLP_L_Arm_Top__offset///1.0000, 0.0000, -0.0000, 0.1629,0.0000, 1.0000, 0.0000, 0.0000,0.0000, 0.0000, 1.0000, 1.4720,0.0000, 0.0000, 0.0000, 1.0000///L_Arm
HLP_L_Arm_Mid__offset///1.0000, -0.0000, -0.0000, 0.3111,0.0000, 1.0000, 0.0000, 0.0000,0.0000, -0.0000, 1.0000, 1.4720,0.0000, 0.0000, 0.0000, 1.0000///L_Arm
L_Bicep_Slide__offset///1.0000, -0.0000, -0.0000, 0.3319,0.0000, 1.0000, 0.0000, -0.0013,0.0000, -0.0000, 1.0000, 1.4720,0.0000, 0.0000, 0.0000, 1.0000///L_Arm
L_Tricep_Slide__offset///1.0000, -0.0000, -0.0000, 0.3319,0.0000, 1.0000, 0.0000, 0.0004,0.0000, -0.0000, 1.0000, 1.4720,0.0000, 0.0000, 0.0000, 1.0000///L_Arm
L_Arm_Btm__offset///1.0000, -0.0000, -0.0000, 0.4807,0.0000, 1.0000, 0.0000, 0.0000,0.0000, -0.0000, 1.0000, 1.4720,0.0000, 0.0000, 0.0000, 1.0000///L_Arm
HLP_L_ShldrBlade__offset///1.0000, -0.0000, -0.0000, 0.1358,0.0000, 1.0000, 0.0000, -0.0008,0.0000, -0.0000, 1.0000, 1.4545,0.0000, 0.0000, 0.0000, 1.0000///L_Shoulder
HLP_L_Shldr_B__offset///1.0000, -0.0000, -0.0000, 0.1628,0.0000, 1.0000, 0.0000, 0.0000,0.0000, -0.0000, 1.0000, 1.4720,0.0000, 0.0000, 0.0000, 1.0000///L_Shoulder
R_Shoulder///-1.0000, -0.0000, -0.0000, -0.0920,0.0000, 0.0000, -1.0000, 0.0000,0.0000, -1.0000, -0.0000, 1.4720,0.0000, 0.0000, 0.0000, 1.0000///Spine2
R_Arm///-1.0000, 0.0000, 0.0000, -0.1628,0.0000, 1.0000, -0.0000, 0.0000,-0.0000, -0.0000, -1.0000, 1.4720,0.0000, 0.0000, 0.0000, 1.0000///R_Shoulder
R_ForeArm///-1.0000, -0.0000, 0.0000, -0.4808,-0.0000, 1.0000, -0.0000, 0.0000,-0.0000, -0.0000, -1.0000, 1.4720,0.0000, 0.0000, 0.0000, 1.0000///R_Arm
R_Hand///-1.0000, 0.0000, 0.0000, -0.7246,-0.0000, -0.0000, -1.0000, 0.0000,0.0000, -1.0000, 0.0000, 1.4720,0.0000, 0.0000, 0.0000, 1.0000///R_ForeArm
R_FingerBase///-1.0000, -0.0000, 0.0000, -0.7281,-0.0000, -0.0000, -1.0000, -0.0143,0.0000, -1.0000, 0.0000, 1.4720,0.0000, 0.0000, 0.0000, 1.0000///R_Hand
R_Middle///-1.0000, -0.0000, 0.0000, -0.7281,-0.0000, -0.0000, -1.0000, -0.0072,0.0000, -1.0000, 0.0000, 1.4720,0.0000, 0.0000, 0.0000, 1.0000///R_FingerBase
R_Ring///-1.0000, -0.0000, 0.0000, -0.7281,-0.0000, -0.0000, -1.0000, 0.0000,0.0000, -1.0000, 0.0000, 1.4720,0.0000, 0.0000, 0.0000, 1.0000///R_Middle
R_Pinky///-1.0000, -0.0000, 0.0000, -0.7281,-0.0000, -0.0000, -1.0000, 0.0072,0.0000, -1.0000, 0.0000, 1.4720,0.0000, 0.0000, 0.0000, 1.0000///R_Ring
R_Pinky1///-1.0000, 0.0000, 0.0000, -0.8020,-0.0000, -0.0000, -1.0000, 0.0276,0.0000, -1.0000, 0.0000, 1.4731,0.0000, 0.0000, 0.0000, 1.0000///R_Pinky
R_Pinky2///-1.0000, 0.0000, 0.0000, -0.8364,-0.0000, -0.0000, -1.0000, 0.0276,0.0000, -1.0000, 0.0000, 1.4731,0.0000, 0.0000, 0.0000, 1.0000///R_Pinky1
R_Pinky3///-1.0000, 0.0000, 0.0000, -0.8521,-0.0000, -0.0000, -1.0000, 0.0276,0.0000, -1.0000, 0.0000, 1.4731,0.0000, 0.0000, 0.0000, 1.0000///R_Pinky2
R_Pinky4__null///-1.0000, 0.0000, 0.0000, -0.8736,-0.0000, -0.0000, -1.0000, 0.0276,0.0000, -1.0000, 0.0000, 1.4731,0.0000, 0.0000, 0.0000, 1.0000///R_Pinky3
R_Ring1///-1.0000, 0.0000, 0.0000, -0.8115,-0.0000, -0.0000, -1.0000, 0.0103,0.0000, -1.0000, 0.0000, 1.4745,0.0000, 0.0000, 0.0000, 1.0000///R_Ring
R_Ring2///-1.0000, 0.0000, 0.0000, -0.8497,-0.0000, -0.0000, -1.0000, 0.0103,0.0000, -1.0000, 0.0000, 1.4745,0.0000, 0.0000, 0.0000, 1.0000///R_Ring1
R_Ring3///-1.0000, 0.0000, 0.0000, -0.8722,-0.0000, -0.0000, -1.0000, 0.0103,0.0000, -1.0000, 0.0000, 1.4745,0.0000, 0.0000, 0.0000, 1.0000///R_Ring2
R_Ring4__null///-1.0000, 0.0000, 0.0000, -0.8937,-0.0000, -0.0000, -1.0000, 0.0103,0.0000, -1.0000, 0.0000, 1.4745,0.0000, 0.0000, 0.0000, 1.0000///R_Ring3
R_Middle1///-1.0000, 0.0000, 0.0000, -0.8141,-0.0000, -0.0000, -1.0000, -0.0092,0.0000, -1.0000, 0.0000, 1.4758,0.0000, 0.0000, 0.0000, 1.0000///R_Middle
R_Middle2///-1.0000, 0.0000, 0.0000, -0.8560,-0.0000, -0.0000, -1.0000, -0.0092,0.0000, -1.0000, 0.0000, 1.4758,0.0000, 0.0000, 0.0000, 1.0000///R_Middle1
R_Middle3///-1.0000, 0.0000, 0.0000, -0.8805,-0.0000, -0.0000, -1.0000, -0.0092,0.0000, -1.0000, 0.0000, 1.4758,0.0000, 0.0000, 0.0000, 1.0000///R_Middle2
R_Middle4__null///-1.0000, 0.0000, 0.0000, -0.9020,-0.0000, -0.0000, -1.0000, -0.0092,0.0000, -1.0000, 0.0000, 1.4758,0.0000, 0.0000, 0.0000, 1.0000///R_Middle3
R_Index1///-1.0000, 0.0000, 0.0000, -0.8141,-0.0000, -0.0000, -1.0000, -0.0295,0.0000, -1.0000, 0.0000, 1.4758,0.0000, 0.0000, 0.0000, 1.0000///R_FingerBase
R_Index2///-1.0000, 0.0000, 0.0000, -0.8538,-0.0000, -0.0000, -1.0000, -0.0295,0.0000, -1.0000, 0.0000, 1.4758,0.0000, 0.0000, 0.0000, 1.0000///R_Index1
R_Index3///-1.0000, 0.0000, 0.0000, -0.8768,-0.0000, -0.0000, -1.0000, -0.0295,0.0000, -1.0000, 0.0000, 1.4758,0.0000, 0.0000, 0.0000, 1.0000///R_Index2
R_Index4__null///-1.0000, 0.0000, 0.0000, -0.8983,-0.0000, -0.0000, -1.0000, -0.0295,0.0000, -1.0000, 0.0000, 1.4758,0.0000, 0.0000, 0.0000, 1.0000///R_Index3
R_Thumb1///-0.8053, -0.2750, 0.5252, -0.7420,-0.5122, 0.7689, -0.3827, -0.0320,-0.2986, -0.5772, -0.7601, 1.4615,0.0000, 0.0000, 0.0000, 1.0000///R_FingerBase
R_Thumb2///-0.8053, -0.2750, 0.5252, -0.7795,-0.5122, 0.7689, -0.3827, -0.0559,-0.2986, -0.5772, -0.7601, 1.4476,0.0000, 0.0000, 0.0000, 1.0000///R_Thumb1
R_Thumb3///-0.8053, -0.2750, 0.5252, -0.8021,-0.5122, 0.7689, -0.3827, -0.0703,-0.2986, -0.5772, -0.7601, 1.4392,0.0000, 0.0000, 0.0000, 1.0000///R_Thumb2
R_Thumb4__null///-0.8053, -0.2750, 0.5252, -0.8195,-0.5122, 0.7689, -0.3827, -0.0813,-0.2986, -0.5772, -0.7601, 1.4328,0.0000, 0.0000, 0.0000, 1.0000///R_Thumb3
HLP_R_ForeArm_Mid__offset///-1.0000, 0.0000, 0.0000, -0.6186,-0.0000, -0.0000, -1.0000, 0.0000,-0.0000, -1.0000, 0.0000, 1.4720,0.0000, 0.0000, 0.0000, 1.0000///R_ForeArm
HLP_R_ForeArm_Btm__offset///-1.0000, 0.0000, 0.0000, -0.7034,-0.0000, -0.0000, -1.0000, 0.0000,0.0000, -1.0000, 0.0000, 1.4720,0.0000, 0.0000, 0.0000, 1.0000///R_ForeArm
HLP_R_Elbow__offset///-1.0000, -0.0000, 0.0000, -0.4808,-0.0000, 1.0000, -0.0000, 0.0259,-0.0000, -0.0000, -1.0000, 1.4720,0.0000, 0.0000, 0.0000, 1.0000///R_ForeArm
R_ForeArm_Slide__offset///-1.0000, 0.0000, 0.0000, -0.5949,-0.0000, -0.0000, -1.0000, 0.0000,-0.0000, -1.0000, 0.0000, 1.4720,0.0000, 0.0000, 0.0000, 1.0000///R_ForeArm
R_ForeArm__offset///-1.0000, -0.0000, 0.0000, -0.4809,-0.0000, 1.0000, -0.0000, 0.0000,-0.0000, -0.0000, -1.0000, 1.4720,0.0000, 0.0000, 0.0000, 1.0000///R_ForeArm
HLP_R_Arm_Top__offset///-1.0000, 0.0000, -0.0000, -0.1629,0.0000, 1.0000, 0.0000, 0.0000,0.0000, 0.0000, -1.0000, 1.4720,0.0000, 0.0000, 0.0000, 1.0000///R_Arm
HLP_R_Arm_Mid__offset///-1.0000, 0.0000, 0.0000, -0.3111,0.0000, 1.0000, -0.0000, 0.0000,-0.0000, -0.0000, -1.0000, 1.4720,0.0000, 0.0000, 0.0000, 1.0000///R_Arm
R_Bicep_Slide__offset///-1.0000, 0.0000, 0.0000, -0.3319,0.0000, 1.0000, -0.0000, -0.0013,-0.0000, -0.0000, -1.0000, 1.4720,0.0000, 0.0000, 0.0000, 1.0000///R_Arm
R_Tricep_Slide__offset///-1.0000, 0.0000, 0.0000, -0.3319,0.0000, 1.0000, -0.0000, 0.0004,-0.0000, -0.0000, -1.0000, 1.4720,0.0000, 0.0000, 0.0000, 1.0000///R_Arm
R_Arm_Btm__offset///-1.0000, 0.0000, 0.0000, -0.4807,0.0000, 1.0000, -0.0000, 0.0000,-0.0000, -0.0000, -1.0000, 1.4720,0.0000, 0.0000, 0.0000, 1.0000///R_Arm
HLP_R_ShldrBlade__offset///-1.0000, 0.0000, 0.0000, -0.1358,0.0000, 1.0000, -0.0000, -0.0008,-0.0000, -0.0000, -1.0000, 1.4545,0.0000, 0.0000, 0.0000, 1.0000///R_Shoulder
HLP_R_Shldr_B__offset///-1.0000, 0.0000, 0.0000, -0.1628,0.0000, 1.0000, -0.0000, 0.0000,-0.0000, -0.0000, -1.0000, 1.4720,0.0000, 0.0000, 0.0000, 1.0000///R_Shoulder
HLP_L_CollarBone__offset///0.9580, -0.0002, 0.2867, 0.0092,0.2867, -0.0001, -0.9580, -0.0460,0.0002, 1.0000, -0.0000, 1.4720,0.0000, 0.0000, 0.0000, 1.0000///Spine2
HLP_L_Shldr_F__offset///0.9786, 0.1452, 0.1458, 0.1239,0.1455, 0.0127, -0.9893, -0.0411,-0.1455, 0.9893, -0.0087, 1.5330,0.0000, 0.0000, 0.0000, 1.0000///HLP_L_CollarBone__offset
L_Shldr_F1__null///0.9786, 0.1452, 0.1458, 0.2139,0.1455, 0.0127, -0.9893, -0.0277,-0.1455, 0.9893, -0.0087, 1.5196,0.0000, 0.0000, 0.0000, 1.0000///HLP_L_Shldr_F__offset
HLP_L_CollarBone_up__offset///0.9580, -0.0002, 0.2867, 0.0092,0.2867, -0.0001, -0.9580, -0.0459,0.0002, 1.0000, -0.0000, 1.4720,0.0000, 0.0000, 0.0000, 1.0000///HLP_L_CollarBone__offset
L_CollarBone1__null///0.9580, -0.0002, 0.2867, 0.1767,0.2867, -0.0001, -0.9580, 0.0041,0.0002, 1.0000, -0.0000, 1.4720,0.0000, 0.0000, 0.0000, 1.0000///HLP_L_CollarBone__offset
HLP_R_CollarBone__offset///-0.9580, -0.0002, -0.2868, -0.0092,0.2868, 0.0001, -0.9580, -0.0460,0.0002, -1.0000, 0.0000, 1.4720,0.0000, 0.0000, 0.0000, 1.0000///Spine2
HLP_R_Shldr_F__offset///-0.9786, -0.1452, 0.1458, -0.1239,0.1455, 0.0127, 0.9893, -0.0411,-0.1455, 0.9893, 0.0087, 1.5330,0.0000, 0.0000, 0.0000, 1.0000///HLP_R_CollarBone__offset
R_Shldr_F1__null///-0.9786, -0.1452, 0.1458, -0.2139,0.1455, 0.0127, 0.9893, -0.0277,-0.1455, 0.9893, 0.0087, 1.5196,0.0000, 0.0000, 0.0000, 1.0000///HLP_R_Shldr_F__offset
HLP_R_CollarBone_up__offset///-0.9580, -0.0002, -0.2868, -0.0092,0.2868, 0.0001, -0.9580, -0.0459,0.0002, -1.0000, 0.0000, 1.4720,0.0000, 0.0000, 0.0000, 1.0000///HLP_R_CollarBone__offset
R_CollarBone1__null///-0.9580, -0.0002, -0.2868, -0.1767,0.2868, 0.0001, -0.9580, 0.0041,0.0002, -1.0000, 0.0000, 1.4720,0.0000, 0.0000, 0.0000, 1.0000///HLP_R_CollarBone__offset
HLP_L_Pectoral__offset///0.9721, -0.2277, 0.0561, 0.0001,0.0546, -0.0128, -0.9984, -0.0175,0.2280, 0.9737, 0.0000, 1.3990,0.0000, 0.0000, 0.0000, 1.0000///Spine2
L_Pectoral__null///0.9721, -0.2277, 0.0561, 0.1790,0.0546, -0.0128, -0.9984, -0.0074,0.2280, 0.9737, -0.0000, 1.4410,0.0000, 0.0000, 0.0000, 1.0000///HLP_L_Pectoral__offset
HLP_L_Pectoral_side__offset///0.9721, -0.2277, 0.0561, 0.0001,0.0546, -0.0128, -0.9984, -0.0175,0.2280, 0.9737, 0.0000, 1.3991,0.0000, 0.0000, 0.0000, 1.0000///HLP_L_Pectoral__offset
HLP_R_Pectoral__offset///-0.9721, 0.2277, 0.0561, -0.0001,0.0546, -0.0128, 0.9984, -0.0175,0.2280, 0.9737, -0.0000, 1.3990,0.0000, 0.0000, 0.0000, 1.0000///Spine2
R_Pectoral__null///-0.9721, 0.2277, 0.0561, -0.1790,0.0546, -0.0128, 0.9984, -0.0074,0.2280, 0.9737, -0.0000, 1.4410,0.0000, 0.0000, 0.0000, 1.0000///HLP_R_Pectoral__offset
HLP_R_Pectoral_side__offset///-0.9721, 0.2277, 0.0561, -0.0001,0.0546, -0.0128, 0.9984, -0.0175,0.2280, 0.9737, -0.0000, 1.3991,0.0000, 0.0000, 0.0000, 1.0000///HLP_R_Pectoral__offset
Spine2__offset///0.0000, -0.0000, 1.0000, 0.0000,-0.0000, -1.0000, -0.0000, 0.0000,1.0000, -0.0000, -0.0000, 1.2695,0.0000, 0.0000, 0.0000, 1.0000///Spine2
Spine2_breast__offset///0.0000, -0.0000, 1.0000, 0.0000,-0.0000, -1.0000, -0.0000, 0.0001,1.0000, -0.0000, -0.0000, 1.3055,0.0000, 0.0000, 0.0000, 1.0000///Spine2__offset
Spine2up__offset///0.0000, -0.0000, 1.0000, 0.0000,-0.0000, -1.0000, -0.0000, 0.0000,1.0000, -0.0000, -0.0000, 1.2696,0.0000, 0.0000, 0.0000, 1.0000///Spine2__offset
Spine2side__offset///0.0000, -0.0000, 1.0000, 0.0000,-0.0000, -1.0000, -0.0000, 0.0000,1.0000, -0.0000, -0.0000, 1.2694,0.0000, 0.0000, 0.0000, 1.0000///Spine2
OPT0_bustL///0.3127, -0.0846, -0.9461, 0.0203,-0.9461, 0.0601, -0.3181, 0.0718,0.0838, 0.9946, -0.0612, 1.3321,0.0000, 0.0000, 0.0000, 1.0000///Spine2
OPT1_bustL///-0.3127, -0.0846, 0.9461, 0.1049,0.9461, 0.0601, 0.3181, -0.1842,-0.0838, 0.9946, 0.0612, 1.3548,0.0000, 0.0000, 0.0000, 1.0000///OPT0_bustL
OPT1_bustL_end///0.9983, -0.0464, 0.0341, 0.0708,0.0316, -0.0539, -0.9980, -0.0812,0.0482, 0.9975, -0.0523, 1.3456,0.0000, 0.0000, 0.0000, 1.0000///OPT1_bustL
OPT2_bustR///0.3127, -0.0845, -0.9461, -0.0201,0.9461, -0.0601, 0.3181, 0.0718,-0.0838, -0.9946, 0.0612, 1.3321,0.0000, 0.0000, 0.0000, 1.0000///Spine2
OPT3_bustR///-0.3127, -0.0845, 0.9461, -0.1047,-0.9461, -0.0601, -0.3181, -0.1842,0.0838, -0.9946, -0.0612, 1.3548,0.0000, 0.0000, 0.0000, 1.0000///OPT2_bustR
OPT1_bustR_end///0.9983, -0.0464, 0.0341, -0.0706,-0.0316, 0.0539, 0.9980, -0.0812,-0.0481, -0.9975, 0.0523, 1.3457,0.0000, 0.0000, 0.0000, 1.0000///OPT3_bustR
SWG_OPT0_bustL__swing///0.3127, -0.9139, 0.2588, 0.0203,-0.9461, -0.3238, 0.0000, 0.0718,0.0838, -0.2448, -0.9659, 1.3321,0.0000, 0.0000, 0.0000, 1.0000///Spine2
SWG_OPT1_bustL__swing///-0.3127, 0.2406, 0.9189, 0.1049,0.9461, 0.1642, 0.2790, -0.1842,-0.0838, 0.9566, -0.2790, 1.3548,0.0000, 0.0000, 0.0000, 1.0000///SWG_OPT0_bustL__swing
SWG_OPT_bustL__null///0.3127, -0.2406, 0.9189, 0.0708,-0.9461, -0.1642, 0.2790, -0.0812,0.0838, -0.9566, -0.2790, 1.3456,0.0000, 0.0000, 0.0000, 1.0000///SWG_OPT1_bustL__swing
SWG_OPT2_bustR__swing///-0.3127, -0.9139, -0.2588, -0.0201,-0.9461, 0.3238, 0.0000, 0.0718,0.0838, 0.2448, -0.9659, 1.3321,0.0000, 0.0000, 0.0000, 1.0000///Spine2
SWG_OPT3_bustR__swing///0.3127, -0.2406, 0.9189, -0.1047,0.9461, 0.1642, -0.2790, -0.1842,-0.0838, 0.9566, 0.2790, 1.3548,0.0000, 0.0000, 0.0000, 1.0000///SWG_OPT2_bustR__swing
SWG_OPT_bustR__null///-0.3127, 0.2406, 0.9189, -0.0706,-0.9461, -0.1642, -0.2790, -0.0812,0.0838, -0.9566, 0.2790, 1.3457,0.0000, 0.0000, 0.0000, 1.0000///SWG_OPT3_bustR__swing
Spine1__offset///0.0000, -0.0000, 1.0000, 0.0000,-0.0000, -1.0000, -0.0000, 0.0000,1.0000, -0.0000, -0.0000, 1.1499,0.0000, 0.0000, 0.0000, 1.0000///Spine1
Spine1_front__offset///0.0000, -0.0000, 1.0000, 0.0000,-0.0000, -1.0000, -0.0000, 0.0000,1.0000, -0.0000, -0.0000, 1.1501,0.0000, 0.0000, 0.0000, 1.0000///Spine1
Hip///-0.0000, -0.0000, 1.0000, 0.0000,-0.0000, 1.0000, 0.0000, 0.0000,-1.0000, 0.0000, -0.0000, 1.1500,0.0000, 0.0000, 0.0000, 1.0000///BASE
L_UpLeg///0.0000, 0.0000, 1.0000, 0.1000,-0.0001, 1.0000, -0.0000, -0.0000,-1.0000, -0.0001, 0.0000, 0.9900,0.0000, 0.0000, 0.0000, 1.0000///Hip
L_Leg///0.0000, 0.0000, 1.0000, 0.1000,0.0001, 1.0000, -0.0000, -0.0000,-1.0000, 0.0001, 0.0000, 0.5500,0.0000, 0.0000, 0.0000, 1.0000///L_UpLeg
L_Foot///-0.0000, 0.0000, 1.0000, 0.1000,0.0000, 1.0000, -0.0000, -0.0000,-1.0000, 0.0000, -0.0000, 0.1300,0.0000, 0.0000, 0.0000, 1.0000///L_Leg
L_Toe///-0.0000, 0.0000, 1.0000, 0.1000,-1.0000, 0.0000, -0.0000, -0.1530,0.0000, -1.0000, 0.0000, 0.0302,0.0000, 0.0000, 0.0000, 1.0000///L_Foot
L_Toe1__null///-0.0000, 0.0000, 1.0000, 0.1000,-1.0000, 0.0000, -0.0000, -0.2830,-0.0000, -1.0000, 0.0000, 0.0302,0.0000, 0.0000, 0.0000, 1.0000///L_Toe
L_Toe__offset///-0.0000, 0.0000, 1.0000, 0.1000,-1.0000, 0.0000, -0.0000, -0.1531,0.0000, -1.0000, 0.0000, 0.0302,0.0000, 0.0000, 0.0000, 1.0000///L_Toe
ATH_L_Toe_Btm///1.0000, 0.0000, -0.0000, 0.1000,-0.0000, 1.0000, -0.0000, -0.1600,0.0000, 0.0000, 1.0000, -0.0000,0.0000, 0.0000, 0.0000, 1.0000///L_Toe
L_Foot__offset///-0.0000, 0.0000, 1.0000, 0.1000,0.0000, 1.0000, -0.0000, -0.0000,-1.0000, 0.0000, -0.0000, 0.1299,0.0000, 0.0000, 0.0000, 1.0000///L_Foot
L_Ankle__offset///-0.0000, 0.0000, 1.0000, 0.1000,0.0000, 1.0000, -0.0000, -0.0000,-1.0000, 0.0000, -0.0000, 0.1301,0.0000, 0.0000, 0.0000, 1.0000///L_Foot
ATH_L_Foot_Btm///1.0000, 0.0000, 0.0000, 0.1000,-0.0000, 1.0000, 0.0000, -0.0000,-0.0000, -0.0000, 1.0000, -0.0000,0.0000, 0.0000, 0.0000, 1.0000///L_Foot
L_Calf_Slide__offset///1.0000, -0.0000, -0.0000, 0.1000,-0.0000, -0.0001, -1.0000, -0.0000,0.0000, 1.0000, -0.0001, 0.3400,0.0000, 0.0000, 0.0000, 1.0000///L_Leg
L_Leg__offset///0.0000, 0.0000, 1.0000, 0.1000,0.0001, 1.0000, -0.0000, -0.0000,-1.0000, 0.0001, 0.0000, 0.5499,0.0000, 0.0000, 0.0000, 1.0000///L_Leg
HLP_L_Knee__offset///0.0000, 0.0000, 1.0000, 0.1000,0.0000, 1.0000, -0.0000, -0.0201,-1.0000, 0.0000, 0.0000, 0.5500,0.0000, 0.0000, 0.0000, 1.0000///L_UpLeg
HLP_L_UpLeg_Top__offset///0.0000, -0.0000, 1.0000, 0.1000,0.0000, 1.0000, 0.0000, -0.0000,-1.0000, 0.0000, 0.0000, 0.9901,0.0000, 0.0000, 0.0000, 1.0000///L_UpLeg
HLP_L_UpLeg_Mid__offset///0.0000, 0.0000, 1.0000, 0.1000,-0.0000, 1.0000, -0.0000, -0.0000,-1.0000, -0.0000, 0.0000, 0.7900,0.0000, 0.0000, 0.0000, 1.0000///L_UpLeg
L_Thigh_Slide__offset///1.0000, -0.0000, -0.0000, 0.1000,-0.0000, 0.0001, -1.0000, -0.0010,0.0000, 1.0000, 0.0001, 0.7700,0.0000, 0.0000, 0.0000, 1.0000///L_UpLeg
L_UpLeg__offset///0.0000, 0.0000, 1.0000, 0.1000,-0.0001, 1.0000, -0.0000, -0.0000,-1.0000, -0.0001, 0.0000, 0.9899,0.0000, 0.0000, 0.0000, 1.0000///L_UpLeg
R_UpLeg///0.0000, 0.0000, 1.0000, -0.1000,-0.0001, 1.0000, 0.0000, -0.0000,-1.0000, -0.0001, 0.0000, 0.9900,0.0000, 0.0000, 0.0000, 1.0000///Hip
R_Leg///0.0000, 0.0000, 1.0000, -0.1000,0.0001, 1.0000, -0.0000, -0.0000,-1.0000, 0.0001, 0.0000, 0.5500,0.0000, 0.0000, 0.0000, 1.0000///R_UpLeg
R_Foot///0.0013, 0.0000, 1.0000, -0.1000,0.0000, 1.0000, -0.0000, -0.0000,-1.0000, 0.0000, 0.0013, 0.1300,0.0000, 0.0000, 0.0000, 1.0000///R_Leg
R_Toe///-0.0000, 0.0013, 1.0000, -0.0999,-1.0000, 0.0000, -0.0000, -0.1530,-0.0000, -1.0000, 0.0013, 0.0302,0.0000, 0.0000, 0.0000, 1.0000///R_Foot
R_Toe1__null///-0.0000, 0.0013, 1.0000, -0.0999,-1.0000, 0.0000, -0.0000, -0.2830,0.0000, -1.0000, 0.0013, 0.0302,0.0000, 0.0000, 0.0000, 1.0000///R_Toe
R_Toe__offset///-0.0000, 0.0013, 1.0000, -0.0999,-1.0000, 0.0000, -0.0000, -0.1531,-0.0000, -1.0000, 0.0013, 0.0302,0.0000, 0.0000, 0.0000, 1.0000///R_Toe
ATH_R_Toe_Btm///1.0000, 0.0000, 0.0000, -0.0998,-0.0000, 1.0000, 0.0000, -0.1600,-0.0000, -0.0000, 1.0000, -0.0000,0.0000, 0.0000, 0.0000, 1.0000///R_Toe
R_Foot__offset///0.0013, 0.0000, 1.0000, -0.1000,0.0000, 1.0000, -0.0000, -0.0000,-1.0000, 0.0000, 0.0013, 0.1299,0.0000, 0.0000, 0.0000, 1.0000///R_Foot
R_Ankle__offset///-0.0013, 0.0000, 1.0000, -0.1000,-0.0000, -1.0000, -0.0000, -0.0000,1.0000, -0.0000, 0.0013, 0.1301,0.0000, 0.0000, 0.0000, 1.0000///R_Foot
ATH_R_Foot_Btm///1.0000, 0.0000, 0.0000, -0.0998,-0.0000, 1.0000, 0.0000, -0.0000,-0.0000, -0.0000, 1.0000, 0.0000,0.0000, 0.0000, 0.0000, 1.0000///R_Foot
R_Calf_Slide__offset///1.0000, -0.0000, 0.0000, -0.1000,0.0000, -0.0001, -1.0000, -0.0000,0.0000, 1.0000, -0.0001, 0.3400,0.0000, 0.0000, 0.0000, 1.0000///R_Leg
R_Leg__offset///0.0000, 0.0000, 1.0000, -0.1000,0.0001, 1.0000, -0.0000, -0.0000,-1.0000, 0.0001, 0.0000, 0.5499,0.0000, 0.0000, 0.0000, 1.0000///R_Leg
HLP_R_Knee__offset///0.0000, 0.0000, 1.0000, -0.1000,0.0000, 1.0000, -0.0000, -0.0201,-1.0000, 0.0000, 0.0000, 0.5500,0.0000, 0.0000, 0.0000, 1.0000///R_UpLeg
HLP_R_UpLeg_Top__offset///0.0000, -0.0000, 1.0000, -0.1000,0.0000, 1.0000, 0.0000, -0.0000,-1.0000, 0.0000, 0.0000, 0.9901,0.0000, 0.0000, 0.0000, 1.0000///R_UpLeg
HLP_R_UpLeg_Mid__offset///0.0000, -0.0000, 1.0000, -0.1000,-0.0000, 1.0000, 0.0000, -0.0000,-1.0000, -0.0000, 0.0000, 0.7900,0.0000, 0.0000, 0.0000, 1.0000///R_UpLeg
R_Thigh_Slide__offset///1.0000, -0.0000, 0.0000, -0.1000,0.0000, 0.0001, -1.0000, -0.0010,0.0000, 1.0000, 0.0001, 0.7700,0.0000, 0.0000, 0.0000, 1.0000///R_UpLeg
R_UpLeg__offset///0.0000, 0.0000, 1.0000, -0.1000,-0.0001, 1.0000, 0.0000, -0.0000,-1.0000, -0.0001, 0.0000, 0.9899,0.0000, 0.0000, 0.0000, 1.0000///R_UpLeg
HLP_L_Butt__offset///0.0000, -0.0000, 1.0000, 0.1001,0.0000, 1.0000, 0.0000, 0.0001,-1.0000, 0.0000, 0.0000, 0.9899,0.0000, 0.0000, 0.0000, 1.0000///Hip
HLP_R_Butt__offset///0.0000, -0.0000, 1.0000, -0.1001,0.0000, 1.0000, 0.0000, 0.0001,-1.0000, 0.0000, 0.0000, 0.9899,0.0000, 0.0000, 0.0000, 1.0000///Hip
HLP_L_Inguinal__offset///-0.1165, -0.0101, -0.9932, 0.1670,0.0867, -0.9962, -0.0000, -0.0499,-0.9894, -0.0861, 0.1169, 1.1190,0.0000, 0.0000, 0.0000, 1.0000///Hip
L_Inguinal1__null///-0.1165, -0.0101, -0.9932, 0.1320,0.0867, -0.9962, -0.0000, -0.0239,-0.9894, -0.0861, 0.1169, 0.8222,0.0000, 0.0000, 0.0000, 1.0000///HLP_L_Inguinal__offset
HLP_R_Inguinal__offset///0.1165, 0.0101, -0.9932, -0.1670,0.0867, -0.9962, -0.0000, -0.0499,-0.9894, -0.0861, -0.1169, 1.1190,0.0000, 0.0000, 0.0000, 1.0000///Hip
R_Inguinal__null///0.1165, 0.0101, -0.9932, -0.1320,0.0867, -0.9962, -0.0000, -0.0239,-0.9894, -0.0861, -0.1169, 0.8222,0.0000, 0.0000, 0.0000, 1.0000///HLP_R_Inguinal__offset
Hip__offset///-0.0000, -0.0000, 1.0000, 0.0000,-0.0000, 1.0000, 0.0000, 0.0000,-1.0000, 0.0000, -0.0000, 1.1501,0.0000, 0.0000, 0.0000, 1.0000///Hip
Hip_front__offset///-0.0000, -0.0000, 1.0000, -0.0000,-0.0000, 1.0000, 0.0000, 0.0000,-1.0000, 0.0000, -0.0000, 1.1499,0.0000, 0.0000, 0.0000, 1.0000///Hip
EDIT__null///1.0000, 0.0000, 0.0000, 0.0014,0.0000, 1.0000, 0.0000, 0.0000,0.0000, 0.0000, 1.0000, -0.0000,0.0000, 0.0000, 0.0000, 1.0000///MODEL_00
Deform__null///1.0000, 0.0000, 0.0000, 0.0083,0.0000, 1.0000, 0.0000, 0.0015,0.0000, 0.0000, 1.0000, -0.0002,0.0000, 0.0000, 0.0000, 1.0000///EDIT__null
