MODEL_00///1.0000, 0.0000, 0.0000, 0.0000,0.0000, 1.0000, -0.0000, 0.0000,0.0000, 0.0000, 1.0000, 0.0000,0.0000, 0.0000, 0.0000, 1.0000///
BODY_SCALE__group///1.0000, 0.0000, 0.0000, 0.0000,0.0000, 0.0000, -1.0000, 0.0000,0.0000, 1.0000, 0.0000, 0.0000,0.0000, 0.0000, 0.0000, 1.0000///MODEL_00
Base///1.0000, 0.0000, 0.0000, 0.0000,0.0000, 0.0000, -1.0000, 0.0000,0.0000, 1.0000, 0.0000, 1.1960,0.0000, 0.0000, 0.0000, 1.0000///BODY_SCALE__group
Spine1///0.0000, -0.0000, 1.0000, 0.0000,-0.0000, -1.0000, -0.0000, 0.0000,1.0000, -0.0000, -0.0000, 1.1960,0.0000, 0.0000, 0.0000, 1.0000///Base
Spine2///0.0000, -0.0000, 1.0000, 0.0000,-0.0000, -1.0000, -0.0000, 0.0000,1.0000, -0.0000, -0.0000, 1.3312,0.0000, 0.0000, 0.0000, 1.0000///Spine1
Neck///0.0000, -0.0000, 1.0000, 0.0000,-0.0000, -1.0000, -0.0000, 0.0000,1.0000, -0.0000, -0.0000, 1.6016,0.0000, 0.0000, 0.0000, 1.0000///Spine2
HEAD///-0.0000, 1.0000, -0.0000, 0.0000,-1.0000, 0.0000, -0.0000, 0.0000,-0.0000, 0.0000, 1.0000, 1.7368,0.0000, 0.0000, 0.0000, 1.0000///Neck
Head__offset///-0.0000, 1.0000, -0.0000, 0.0000,-1.0000, -0.0000, 0.0003, 0.0000,0.0003, 0.0000, 1.0000, 1.7369,0.0000, 0.0000, 0.0000, 1.0000///HEAD
ATH_Head_Top///1.0000, 0.0000, 0.0000, -0.0000,-0.0000, 1.0000, -0.0000, 0.0000,-0.0000, 0.0000, 1.0000, 1.9241,0.0000, 0.0000, 0.0000, 1.0000///HEAD
L_Mayu2_Joint///1.0000, 0.0000, -0.0000, 0.0390,-0.0000, 0.0000, -1.0000, -0.1206,0.0000, 1.0000, 0.0000, 1.8077,0.0000, 0.0000, 0.0000, 1.0000///HEAD
L_Mayu3_Joint///1.0000, 0.0000, -0.0000, 0.0580,-0.0000, 0.0000, -1.0000, -0.0982,-0.0000, 1.0000, 0.0000, 1.8083,0.0000, 0.0000, 0.0000, 1.0000///HEAD
L_Mayu1_Joint///1.0000, -0.0000, -0.0000, 0.0153,-0.0000, 0.0000, -1.0000, -0.1276,0.0000, 1.0000, 0.0000, 1.8004,0.0000, 0.0000, 0.0000, 1.0000///HEAD
R_Mayu3_Joint///1.0000, 0.0000, -0.0000, -0.0580,-0.0000, 0.0000, -1.0000, -0.0982,0.0000, 1.0000, 0.0000, 1.8083,0.0000, 0.0000, 0.0000, 1.0000///HEAD
R_Mayu2_Joint///1.0000, 0.0000, -0.0000, -0.0390,-0.0000, 0.0000, -1.0000, -0.1206,0.0000, 1.0000, 0.0000, 1.8078,0.0000, 0.0000, 0.0000, 1.0000///HEAD
R_Mayu1_Joint///1.0000, -0.0000, -0.0000, -0.0153,-0.0000, 0.0000, -1.0000, -0.1276,0.0000, 1.0000, 0.0000, 1.8004,0.0000, 0.0000, 0.0000, 1.0000///HEAD
R_Eyecorner///1.0000, 0.0000, -0.0000, -0.0494,-0.0000, 0.0000, -1.0000, -0.1034,0.0000, 1.0000, 0.0000, 1.7811,0.0000, 0.0000, 0.0000, 1.0000///HEAD
R_UwaMabuta_Joint///1.0000, 0.0000, -0.0000, -0.0324,-0.0000, 0.0000, -1.0000, -0.0952,0.0000, 1.0000, 0.0000, 1.7927,0.0000, 0.0000, 0.0000, 1.0000///HEAD
R_UpEyelid1///1.0000, 0.0000, -0.0000, -0.0277,-0.0000, 0.0000, -1.0000, -0.1133,-0.0000, 1.0000, 0.0000, 1.7972,0.0000, 0.0000, 0.0000, 1.0000///R_UwaMabuta_Joint
R_UpEyelid2///1.0000, 0.0000, -0.0000, -0.0432,-0.0000, 0.0000, -1.0000, -0.1099,-0.0000, 1.0000, 0.0000, 1.7979,0.0000, 0.0000, 0.0000, 1.0000///R_UwaMabuta_Joint
L_UwaMabuta_Joint///1.0000, 0.0000, 0.0000, 0.0324,0.0000, -0.0000, -1.0000, -0.0952,-0.0000, 1.0000, -0.0000, 1.7927,0.0000, 0.0000, 0.0000, 1.0000///HEAD
L_UpEyelid2///1.0000, 0.0000, 0.0000, 0.0432,0.0000, -0.0000, -1.0000, -0.1099,-0.0000, 1.0000, -0.0000, 1.7979,0.0000, 0.0000, 0.0000, 1.0000///L_UwaMabuta_Joint
L_UpEyelid1///1.0000, 0.0000, 0.0000, 0.0277,0.0000, -0.0000, -1.0000, -0.1133,-0.0000, 1.0000, -0.0000, 1.7972,0.0000, 0.0000, 0.0000, 1.0000///L_UwaMabuta_Joint
L_Eyecorner///1.0000, 0.0000, -0.0000, 0.0494,-0.0000, 0.0000, -1.0000, -0.1034,0.0000, 1.0000, 0.0000, 1.7811,0.0000, 0.0000, 0.0000, 1.0000///HEAD
L_Eye_Joint///1.0000, 0.0000, 0.0000, 0.0324,0.0000, -0.0000, -1.0000, -0.0952,-0.0000, 1.0000, -0.0000, 1.7927,0.0000, 0.0000, 0.0000, 1.0000///HEAD
R_Eye_Joint///1.0000, 0.0000, -0.0000, -0.0324,-0.0000, 0.0000, -1.0000, -0.0952,0.0000, 1.0000, 0.0000, 1.7927,0.0000, 0.0000, 0.0000, 1.0000///HEAD
R_SitaMabuta_Joint///1.0000, 0.0000, -0.0000, -0.0324,-0.0000, 0.0000, -1.0000, -0.0952,0.0000, 1.0000, 0.0000, 1.7923,0.0000, 0.0000, 0.0000, 1.0000///HEAD
R_LowEyelid1///1.0000, 0.0000, -0.0000, -0.0299,-0.0000, 0.0000, -1.0000, -0.1120,-0.0000, 1.0000, 0.0000, 1.7856,0.0000, 0.0000, 0.0000, 1.0000///R_SitaMabuta_Joint
R_LowEyelid2///1.0000, 0.0000, -0.0000, -0.0446,-0.0000, 0.0000, -1.0000, -0.1080,-0.0000, 1.0000, 0.0000, 1.7881,0.0000, 0.0000, 0.0000, 1.0000///R_SitaMabuta_Joint
L_SitaMabuta_Joint///1.0000, 0.0000, -0.0000, 0.0324,-0.0000, 0.0000, -1.0000, -0.0952,0.0000, 1.0000, 0.0000, 1.7923,0.0000, 0.0000, 0.0000, 1.0000///HEAD
L_LowEyelid2///1.0000, 0.0000, -0.0000, 0.0446,-0.0000, 0.0000, -1.0000, -0.1080,-0.0000, 1.0000, 0.0000, 1.7881,0.0000, 0.0000, 0.0000, 1.0000///L_SitaMabuta_Joint
L_LowEyelid1///1.0000, 0.0000, -0.0000, 0.0299,-0.0000, 0.0000, -1.0000, -0.1120,-0.0000, 1.0000, 0.0000, 1.7856,0.0000, 0.0000, 0.0000, 1.0000///L_SitaMabuta_Joint
L_Hoho_Joint///1.0000, 0.0000, -0.0000, 0.0525,-0.0000, 0.0000, -1.0000, -0.1022,0.0000, 1.0000, 0.0000, 1.7707,0.0000, 0.0000, 0.0000, 1.0000///HEAD
L_Hana_Joint///1.0000, 0.0000, -0.0000, 0.0167,-0.0000, 0.0000, -1.0000, -0.1171,0.0000, 1.0000, 0.0000, 1.7720,0.0000, 0.0000, 0.0000, 1.0000///HEAD
R_Hana_Joint///1.0000, 0.0000, -0.0000, -0.0167,-0.0000, 0.0000, -1.0000, -0.1171,0.0000, 1.0000, 0.0000, 1.7720,0.0000, 0.0000, 0.0000, 1.0000///HEAD
R_Hoho_Joint///1.0000, 0.0000, -0.0000, -0.0525,-0.0000, 0.0000, -1.0000, -0.1022,0.0000, 1.0000, 0.0000, 1.7707,0.0000, 0.0000, 0.0000, 1.0000///HEAD
L_Kobana_Joint///1.0000, -0.0000, -0.0000, 0.0134,-0.0000, 0.0000, -1.0000, -0.1201,0.0000, 1.0000, 0.0000, 1.7503,0.0000, 0.0000, 0.0000, 1.0000///HEAD
R_Kobana_Joint///1.0000, -0.0000, -0.0000, -0.0134,-0.0000, 0.0000, -1.0000, -0.1201,0.0000, 1.0000, 0.0000, 1.7503,0.0000, 0.0000, 0.0000, 1.0000///HEAD
L_Chobo_Joint///1.0000, 0.0000, -0.0000, 0.0586,-0.0000, 0.0000, -1.0000, -0.0755,0.0000, 1.0000, 0.0000, 1.7341,0.0000, 0.0000, 0.0000, 1.0000///HEAD
R_Chobo_Joint///1.0000, 0.0000, -0.0000, -0.0586,-0.0000, 0.0000, -1.0000, -0.0755,0.0000, 1.0000, 0.0000, 1.7341,0.0000, 0.0000, 0.0000, 1.0000///HEAD
L_LipU_Joint///1.0000, -0.0000, -0.0000, 0.0155,-0.0000, 0.0000, -1.0000, -0.1145,0.0000, 1.0000, 0.0000, 1.7274,0.0000, 0.0000, 0.0000, 1.0000///HEAD
R_LipU_Joint///1.0000, -0.0000, -0.0000, -0.0155,-0.0000, 0.0000, -1.0000, -0.1145,0.0000, 1.0000, 0.0000, 1.7274,0.0000, 0.0000, 0.0000, 1.0000///HEAD
M_LipU_Joint///1.0000, -0.0000, -0.0000, -0.0000,-0.0000, 0.0000, -1.0000, -0.1193,0.0000, 1.0000, 0.0000, 1.7296,0.0000, 0.0000, 0.0000, 1.0000///HEAD
Jaw_Joint///1.0000, -0.0000, -0.0000, -0.0000,-0.0000, 0.0000, -1.0000, -0.0371,0.0000, 1.0000, 0.0000, 1.7480,0.0000, 0.0000, 0.0000, 1.0000///HEAD
L_LipD_Joint///1.0000, 0.0000, -0.0000, 0.0147,-0.0000, 0.0000, -1.0000, -0.1117,-0.0000, 1.0000, 0.0000, 1.7101,0.0000, 0.0000, 0.0000, 1.0000///Jaw_Joint
R_LipD_Joint///1.0000, 0.0000, -0.0000, -0.0148,-0.0000, 0.0000, -1.0000, -0.1117,-0.0000, 1.0000, 0.0000, 1.7101,0.0000, 0.0000, 0.0000, 1.0000///Jaw_Joint
M_LipD_Joint///1.0000, 0.0000, -0.0000, -0.0000,-0.0000, 0.0000, -1.0000, -0.1151,-0.0000, 1.0000, 0.0000, 1.7086,0.0000, 0.0000, 0.0000, 1.0000///Jaw_Joint
L_LipE_Joint///1.0000, 0.0000, -0.0000, 0.0240,-0.0000, 0.0000, -1.0000, -0.1044,-0.0000, 1.0000, 0.0000, 1.7154,0.0000, 0.0000, 0.0000, 1.0000///Jaw_Joint
R_LipE_Joint///1.0000, -0.0000, -0.0000, -0.0240,-0.0000, 0.0000, -1.0000, -0.1044,0.0000, 1.0000, -0.0000, 1.7154,0.0000, 0.0000, 0.0000, 1.0000///Jaw_Joint
Bero1_Joint///-0.0002, 0.0008, -1.0000, -0.0000,-0.9772, -0.2124, -0.0000, -0.0677,-0.2124, 0.9772, 0.0008, 1.7221,0.0000, 0.0000, 0.0000, 1.0000///Jaw_Joint
Bero1_Joint_pos///-0.0000, 0.0000, -1.0000, -0.0000,-0.9588, -0.2841, -0.0000, -0.0860,-0.2841, 0.9588, 0.0000, 1.7210,0.0000, 0.0000, 0.0000, 1.0000///Bero1_Joint
Bero2_Joint///-0.0000, 0.0000, -1.0000, -0.0000,-0.9588, -0.2841, -0.0000, -0.0860,-0.2841, 0.9588, 0.0000, 1.7210,0.0000, 0.0000, 0.0000, 1.0000///Bero1_Joint_pos
Bero3_Joint///-0.0000, 0.0000, -1.0000, -0.0000,-0.9588, -0.2841, -0.0000, -0.1050,-0.2841, 0.9588, 0.0000, 1.7153,0.0000, 0.0000, 0.0000, 1.0000///Bero2_Joint
Neck__offset///0.0000, -0.0000, 1.0000, 0.0000,-0.0000, -1.0000, -0.0000, 0.0000,1.0000, -0.0000, -0.0000, 1.6015,0.0000, 0.0000, 0.0000, 1.0000///Neck
Neck_back__offset///0.0000, -0.0000, 1.0000, 0.0000,-0.0000, -1.0000, -0.0000, 0.0000,1.0000, -0.0000, -0.0000, 1.6017,0.0000, 0.0000, 0.0000, 1.0000///Neck
L_Shoulder///1.0000, 0.0000, -0.0000, 0.1040,-0.0000, 0.0000, -1.0000, 0.0000,-0.0000, 1.0000, -0.0000, 1.5600,0.0000, 0.0000, 0.0000, 1.0000///Spine2
L_Arm///1.0000, -0.0000, -0.0000, 0.2278,0.0000, 1.0000, 0.0000, 0.0000,0.0000, -0.0000, 1.0000, 1.5600,0.0000, 0.0000, 0.0000, 1.0000///L_Shoulder
L_ForeArm///1.0000, 0.0000, -0.0000, 0.5725,-0.0000, 1.0000, 0.0000, 0.0000,0.0000, -0.0000, 1.0000, 1.5600,0.0000, 0.0000, 0.0000, 1.0000///L_Arm
L_Hand///1.0000, 0.0000, -0.0000, 0.8368,-0.0000, 0.0000, -1.0000, 0.0000,0.0000, 1.0000, 0.0000, 1.5600,0.0000, 0.0000, 0.0000, 1.0000///L_ForeArm
L_FingerBase///1.0000, 0.0000, -0.0000, 0.8420,-0.0000, 0.0000, -1.0000, -0.0208,0.0000, 1.0000, 0.0000, 1.5600,0.0000, 0.0000, 0.0000, 1.0000///L_Hand
L_Middle///1.0000, 0.0000, -0.0000, 0.8420,-0.0000, 0.0000, -1.0000, -0.0104,0.0000, 1.0000, 0.0000, 1.5600,0.0000, 0.0000, 0.0000, 1.0000///L_FingerBase
L_Ring///1.0000, 0.0000, -0.0000, 0.8420,-0.0000, 0.0000, -1.0000, 0.0000,0.0000, 1.0000, 0.0000, 1.5600,0.0000, 0.0000, 0.0000, 1.0000///L_Middle
L_Pinky///1.0000, 0.0000, -0.0000, 0.8420,-0.0000, 0.0000, -1.0000, 0.0104,0.0000, 1.0000, 0.0000, 1.5600,0.0000, 0.0000, 0.0000, 1.0000///L_Ring
L_Pinky1///1.0000, 0.0000, -0.0000, 0.9491,-0.0000, 0.0000, -1.0000, 0.0400,0.0000, 1.0000, 0.0000, 1.5617,0.0000, 0.0000, 0.0000, 1.0000///L_Pinky
L_Pinky2///1.0000, 0.0000, -0.0000, 0.9990,-0.0000, 0.0000, -1.0000, 0.0400,0.0000, 1.0000, 0.0000, 1.5617,0.0000, 0.0000, 0.0000, 1.0000///L_Pinky1
L_Pinky3///1.0000, 0.0000, -0.0000, 1.0216,-0.0000, 0.0000, -1.0000, 0.0400,0.0000, 1.0000, 0.0000, 1.5617,0.0000, 0.0000, 0.0000, 1.0000///L_Pinky2
L_Pinky4__null///1.0000, 0.0000, -0.0000, 1.0528,-0.0000, 0.0000, -1.0000, 0.0400,0.0000, 1.0000, 0.0000, 1.5617,0.0000, 0.0000, 0.0000, 1.0000///L_Pinky3
L_Ring1///1.0000, 0.0000, -0.0000, 0.9629,-0.0000, 0.0000, -1.0000, 0.0149,0.0000, 1.0000, 0.0000, 1.5636,0.0000, 0.0000, 0.0000, 1.0000///L_Ring
L_Ring2///1.0000, 0.0000, -0.0000, 1.0182,-0.0000, 0.0000, -1.0000, 0.0149,0.0000, 1.0000, 0.0000, 1.5636,0.0000, 0.0000, 0.0000, 1.0000///L_Ring1
L_Ring3///1.0000, 0.0000, -0.0000, 1.0508,-0.0000, 0.0000, -1.0000, 0.0149,0.0000, 1.0000, 0.0000, 1.5636,0.0000, 0.0000, 0.0000, 1.0000///L_Ring2
L_Ring4__null///1.0000, 0.0000, -0.0000, 1.0820,-0.0000, 0.0000, -1.0000, 0.0149,0.0000, 1.0000, 0.0000, 1.5636,0.0000, 0.0000, 0.0000, 1.0000///L_Ring3
L_Middle1///1.0000, 0.0000, -0.0000, 0.9666,-0.0000, 0.0000, -1.0000, -0.0133,0.0000, 1.0000, 0.0000, 1.5655,0.0000, 0.0000, 0.0000, 1.0000///L_Middle
L_Middle2///1.0000, 0.0000, -0.0000, 1.0273,-0.0000, 0.0000, -1.0000, -0.0133,0.0000, 1.0000, 0.0000, 1.5655,0.0000, 0.0000, 0.0000, 1.0000///L_Middle1
L_Middle3///1.0000, 0.0000, -0.0000, 1.0628,-0.0000, 0.0000, -1.0000, -0.0133,0.0000, 1.0000, 0.0000, 1.5655,0.0000, 0.0000, 0.0000, 1.0000///L_Middle2
L_Middle4__null///1.0000, 0.0000, -0.0000, 1.0940,-0.0000, 0.0000, -1.0000, -0.0133,0.0000, 1.0000, 0.0000, 1.5655,0.0000, 0.0000, 0.0000, 1.0000///L_Middle3
L_Index1///1.0000, 0.0000, -0.0000, 0.9666,-0.0000, 0.0000, -1.0000, -0.0428,0.0000, 1.0000, 0.0000, 1.5655,0.0000, 0.0000, 0.0000, 1.0000///L_FingerBase
L_Index2///1.0000, 0.0000, -0.0000, 1.0242,-0.0000, 0.0000, -1.0000, -0.0428,0.0000, 1.0000, 0.0000, 1.5655,0.0000, 0.0000, 0.0000, 1.0000///L_Index1
L_Index3///1.0000, 0.0000, -0.0000, 1.0575,-0.0000, 0.0000, -1.0000, -0.0428,0.0000, 1.0000, 0.0000, 1.5655,0.0000, 0.0000, 0.0000, 1.0000///L_Index2
L_Index4__null///1.0000, 0.0000, -0.0000, 1.0887,-0.0000, 0.0000, -1.0000, -0.0428,0.0000, 1.0000, 0.0000, 1.5655,0.0000, 0.0000, 0.0000, 1.0000///L_Index3
L_Thumb1///0.8053, -0.2750, -0.5252, 0.8622,-0.5122, -0.7689, -0.3827, -0.0464,-0.2986, 0.5772, -0.7600, 1.5448,0.0000, 0.0000, 0.0000, 1.0000///L_FingerBase
L_Thumb2///0.8053, -0.2750, -0.5252, 0.9165,-0.5122, -0.7689, -0.3827, -0.0810,-0.2986, 0.5772, -0.7600, 1.5246,0.0000, 0.0000, 0.0000, 1.0000///L_Thumb1
L_Thumb3///0.8053, -0.2750, -0.5252, 0.9492,-0.5122, -0.7689, -0.3827, -0.1018,-0.2986, 0.5772, -0.7600, 1.5125,0.0000, 0.0000, 0.0000, 1.0000///L_Thumb2
L_Thumb4__null///0.8053, -0.2750, -0.5252, 0.9744,-0.5122, -0.7689, -0.3827, -0.1178,-0.2986, 0.5772, -0.7600, 1.5032,0.0000, 0.0000, 0.0000, 1.0000///L_Thumb3
HLP_L_ForeArm_Mid__offset///1.0000, 0.0000, -0.0000, 0.7219,-0.0000, 0.0000, -1.0000, 0.0000,0.0000, 1.0000, 0.0000, 1.5600,0.0000, 0.0000, 0.0000, 1.0000///L_ForeArm
HLP_L_ForeArm_Btm__offset///1.0000, 0.0000, -0.0000, 0.8139,-0.0000, 0.0000, -1.0000, 0.0000,0.0000, 1.0000, 0.0000, 1.5600,0.0000, 0.0000, 0.0000, 1.0000///L_ForeArm
HLP_L_Elbow__offset///1.0000, 0.0000, -0.0000, 0.5725,-0.0000, 1.0000, 0.0000, 0.0293,0.0000, -0.0000, 1.0000, 1.5600,0.0000, 0.0000, 0.0000, 1.0000///L_ForeArm
L_ForeArm_Slide__offset///1.0000, -0.0000, -0.0000, 0.6963,0.0000, 1.0000, 0.0000, 0.0000,0.0000, -0.0000, 1.0000, 1.5600,0.0000, 0.0000, 0.0000, 1.0000///L_ForeArm
L_ForeArm__offset///1.0000, 0.0000, -0.0000, 0.5726,-0.0000, 1.0000, 0.0000, 0.0000,0.0000, -0.0000, 1.0000, 1.5600,0.0000, 0.0000, 0.0000, 1.0000///L_ForeArm
HLP_L_Arm_Top__offset///1.0000, 0.0000, 0.0000, 0.2279,0.0000, 1.0000, 0.0000, 0.0000,-0.0000, 0.0000, 1.0000, 1.5600,0.0000, 0.0000, 0.0000, 1.0000///L_Arm
HLP_L_Arm_Mid__offset///1.0000, -0.0000, -0.0000, 0.3885,0.0000, 1.0000, 0.0000, 0.0000,0.0000, -0.0000, 1.0000, 1.5600,0.0000, 0.0000, 0.0000, 1.0000///L_Arm
L_Bicep_Slide__offset///1.0000, -0.0000, -0.0000, 0.4111,0.0000, 1.0000, 0.0000, -0.0015,0.0000, -0.0000, 1.0000, 1.5600,0.0000, 0.0000, 0.0000, 1.0000///L_Arm
L_Tricep_Slide__offset///1.0000, -0.0000, -0.0000, 0.4111,0.0000, 1.0000, 0.0000, 0.0005,0.0000, -0.0000, 1.0000, 1.5600,0.0000, 0.0000, 0.0000, 1.0000///L_Arm
L_Arm_Btm__offset///1.0000, -0.0000, -0.0000, 0.5724,0.0000, 1.0000, 0.0000, 0.0000,0.0000, -0.0000, 1.0000, 1.5600,0.0000, 0.0000, 0.0000, 1.0000///L_Arm
HLP_L_ShldrBlade__offset///1.0000, -0.0000, -0.0000, 0.1535,0.0000, 1.0000, 0.0000, -0.0009,0.0000, -0.0000, 1.0000, 1.5402,0.0000, 0.0000, 0.0000, 1.0000///L_Shoulder
HLP_L_Shldr_B__offset///1.0000, -0.0000, -0.0000, 0.2277,0.0000, 1.0000, 0.0000, 0.0000,0.0000, -0.0000, 1.0000, 1.5600,0.0000, 0.0000, 0.0000, 1.0000///L_Shoulder
R_Shoulder///-1.0000, -0.0000, -0.0000, -0.1040,0.0000, 0.0000, -1.0000, 0.0000,0.0000, -1.0000, -0.0000, 1.5600,0.0000, 0.0000, 0.0000, 1.0000///Spine2
R_Arm///-1.0000, 0.0000, 0.0000, -0.2278,0.0000, 1.0000, -0.0000, 0.0000,-0.0000, -0.0000, -1.0000, 1.5600,0.0000, 0.0000, 0.0000, 1.0000///R_Shoulder
R_ForeArm///-1.0000, -0.0000, 0.0000, -0.5725,-0.0000, 1.0000, -0.0000, 0.0000,-0.0000, -0.0000, -1.0000, 1.5600,0.0000, 0.0000, 0.0000, 1.0000///R_Arm
R_Hand///-1.0000, 0.0000, 0.0000, -0.8368,-0.0000, -0.0000, -1.0000, 0.0000,0.0000, -1.0000, 0.0000, 1.5600,0.0000, 0.0000, 0.0000, 1.0000///R_ForeArm
R_FingerBase///-1.0000, -0.0000, 0.0000, -0.8420,-0.0000, -0.0000, -1.0000, -0.0208,0.0000, -1.0000, 0.0000, 1.5600,0.0000, 0.0000, 0.0000, 1.0000///R_Hand
R_Middle///-1.0000, -0.0000, 0.0000, -0.8420,-0.0000, -0.0000, -1.0000, -0.0104,0.0000, -1.0000, 0.0000, 1.5600,0.0000, 0.0000, 0.0000, 1.0000///R_FingerBase
R_Ring///-1.0000, -0.0000, 0.0000, -0.8420,-0.0000, -0.0000, -1.0000, 0.0000,0.0000, -1.0000, 0.0000, 1.5600,0.0000, 0.0000, 0.0000, 1.0000///R_Middle
R_Pinky///-1.0000, -0.0000, 0.0000, -0.8420,-0.0000, -0.0000, -1.0000, 0.0104,0.0000, -1.0000, 0.0000, 1.5600,0.0000, 0.0000, 0.0000, 1.0000///R_Ring
R_Pinky1///-1.0000, 0.0000, 0.0000, -0.9491,-0.0000, -0.0000, -1.0000, 0.0400,0.0000, -1.0000, 0.0000, 1.5616,0.0000, 0.0000, 0.0000, 1.0000///R_Pinky
R_Pinky2///-1.0000, 0.0000, 0.0000, -0.9990,-0.0000, -0.0000, -1.0000, 0.0400,0.0000, -1.0000, 0.0000, 1.5616,0.0000, 0.0000, 0.0000, 1.0000///R_Pinky1
R_Pinky3///-1.0000, 0.0000, 0.0000, -1.0216,-0.0000, -0.0000, -1.0000, 0.0400,0.0000, -1.0000, 0.0000, 1.5616,0.0000, 0.0000, 0.0000, 1.0000///R_Pinky2
R_Pinky4__null///-1.0000, 0.0000, 0.0000, -1.0528,-0.0000, -0.0000, -1.0000, 0.0400,0.0000, -1.0000, 0.0000, 1.5616,0.0000, 0.0000, 0.0000, 1.0000///R_Pinky3
R_Ring1///-1.0000, 0.0000, 0.0000, -0.9629,-0.0000, -0.0000, -1.0000, 0.0149,0.0000, -1.0000, 0.0000, 1.5636,0.0000, 0.0000, 0.0000, 1.0000///R_Ring
R_Ring2///-1.0000, 0.0000, 0.0000, -1.0182,-0.0000, -0.0000, -1.0000, 0.0149,0.0000, -1.0000, 0.0000, 1.5636,0.0000, 0.0000, 0.0000, 1.0000///R_Ring1
R_Ring3///-1.0000, 0.0000, 0.0000, -1.0508,-0.0000, -0.0000, -1.0000, 0.0149,0.0000, -1.0000, 0.0000, 1.5636,0.0000, 0.0000, 0.0000, 1.0000///R_Ring2
R_Ring4__null///-1.0000, 0.0000, 0.0000, -1.0820,-0.0000, -0.0000, -1.0000, 0.0149,0.0000, -1.0000, 0.0000, 1.5636,0.0000, 0.0000, 0.0000, 1.0000///R_Ring3
R_Middle1///-1.0000, 0.0000, 0.0000, -0.9666,-0.0000, -0.0000, -1.0000, -0.0133,0.0000, -1.0000, 0.0000, 1.5655,0.0000, 0.0000, 0.0000, 1.0000///R_Middle
R_Middle2///-1.0000, 0.0000, 0.0000, -1.0273,-0.0000, -0.0000, -1.0000, -0.0133,0.0000, -1.0000, 0.0000, 1.5655,0.0000, 0.0000, 0.0000, 1.0000///R_Middle1
R_Middle3///-1.0000, 0.0000, 0.0000, -1.0628,-0.0000, -0.0000, -1.0000, -0.0133,0.0000, -1.0000, 0.0000, 1.5655,0.0000, 0.0000, 0.0000, 1.0000///R_Middle2
R_Middle4__null///-1.0000, 0.0000, 0.0000, -1.0940,-0.0000, -0.0000, -1.0000, -0.0133,0.0000, -1.0000, 0.0000, 1.5655,0.0000, 0.0000, 0.0000, 1.0000///R_Middle3
R_Index1///-1.0000, 0.0000, 0.0000, -0.9666,-0.0000, -0.0000, -1.0000, -0.0428,0.0000, -1.0000, 0.0000, 1.5655,0.0000, 0.0000, 0.0000, 1.0000///R_FingerBase
R_Index2///-1.0000, 0.0000, 0.0000, -1.0242,-0.0000, -0.0000, -1.0000, -0.0428,0.0000, -1.0000, 0.0000, 1.5655,0.0000, 0.0000, 0.0000, 1.0000///R_Index1
R_Index3///-1.0000, 0.0000, 0.0000, -1.0575,-0.0000, -0.0000, -1.0000, -0.0428,0.0000, -1.0000, 0.0000, 1.5655,0.0000, 0.0000, 0.0000, 1.0000///R_Index2
R_Index4__null///-1.0000, 0.0000, 0.0000, -1.0887,-0.0000, -0.0000, -1.0000, -0.0428,0.0000, -1.0000, 0.0000, 1.5655,0.0000, 0.0000, 0.0000, 1.0000///R_Index3
R_Thumb1///-0.8053, -0.2750, 0.5252, -0.8622,-0.5122, 0.7689, -0.3827, -0.0464,-0.2986, -0.5772, -0.7601, 1.5448,0.0000, 0.0000, 0.0000, 1.0000///R_FingerBase
R_Thumb2///-0.8053, -0.2750, 0.5252, -0.9165,-0.5122, 0.7689, -0.3827, -0.0810,-0.2986, -0.5772, -0.7601, 1.5246,0.0000, 0.0000, 0.0000, 1.0000///R_Thumb1
R_Thumb3///-0.8053, -0.2750, 0.5252, -0.9492,-0.5122, 0.7689, -0.3827, -0.1018,-0.2986, -0.5772, -0.7601, 1.5125,0.0000, 0.0000, 0.0000, 1.0000///R_Thumb2
R_Thumb4__null///-0.8053, -0.2750, 0.5252, -0.9744,-0.5122, 0.7689, -0.3827, -0.1178,-0.2986, -0.5772, -0.7601, 1.5032,0.0000, 0.0000, 0.0000, 1.0000///R_Thumb3
HLP_R_ForeArm_Mid__offset///-1.0000, 0.0000, 0.0000, -0.7219,-0.0000, -0.0000, -1.0000, 0.0000,-0.0000, -1.0000, 0.0000, 1.5600,0.0000, 0.0000, 0.0000, 1.0000///R_ForeArm
HLP_R_ForeArm_Btm__offset///-1.0000, 0.0000, 0.0000, -0.8139,-0.0000, -0.0000, -1.0000, -0.0000,0.0000, -1.0000, 0.0000, 1.5600,0.0000, 0.0000, 0.0000, 1.0000///R_ForeArm
HLP_R_Elbow__offset///-1.0000, -0.0000, 0.0000, -0.5725,-0.0000, 1.0000, -0.0000, 0.0293,-0.0000, -0.0000, -1.0000, 1.5600,0.0000, 0.0000, 0.0000, 1.0000///R_ForeArm
R_ForeArm_Slide__offset///-1.0000, 0.0000, 0.0000, -0.6963,-0.0000, -0.0000, -1.0000, 0.0000,-0.0000, -1.0000, 0.0000, 1.5600,0.0000, 0.0000, 0.0000, 1.0000///R_ForeArm
R_ForeArm__offset///-1.0000, -0.0000, 0.0000, -0.5726,-0.0000, 1.0000, -0.0000, 0.0000,-0.0000, -0.0000, -1.0000, 1.5600,0.0000, 0.0000, 0.0000, 1.0000///R_ForeArm
HLP_R_Arm_Top__offset///-1.0000, 0.0000, -0.0000, -0.2279,0.0000, 1.0000, 0.0000, 0.0000,0.0000, 0.0000, -1.0000, 1.5600,0.0000, 0.0000, 0.0000, 1.0000///R_Arm
HLP_R_Arm_Mid__offset///-1.0000, 0.0000, 0.0000, -0.3885,0.0000, 1.0000, -0.0000, 0.0000,-0.0000, -0.0000, -1.0000, 1.5600,0.0000, 0.0000, 0.0000, 1.0000///R_Arm
R_Bicep_Slide__offset///-1.0000, 0.0000, 0.0000, -0.4111,0.0000, 1.0000, -0.0000, -0.0015,-0.0000, -0.0000, -1.0000, 1.5600,0.0000, 0.0000, 0.0000, 1.0000///R_Arm
R_Tricep_Slide__offset///-1.0000, 0.0000, 0.0000, -0.4111,0.0000, 1.0000, -0.0000, 0.0005,-0.0000, -0.0000, -1.0000, 1.5600,0.0000, 0.0000, 0.0000, 1.0000///R_Arm
R_Arm_Btm__offset///-1.0000, 0.0000, 0.0000, -0.5724,0.0000, 1.0000, -0.0000, 0.0000,-0.0000, -0.0000, -1.0000, 1.5600,0.0000, 0.0000, 0.0000, 1.0000///R_Arm
HLP_R_ShldrBlade__offset///-1.0000, 0.0000, 0.0000, -0.1535,-0.0000, 1.0000, -0.0000, -0.0009,-0.0000, -0.0000, -1.0000, 1.5402,0.0000, 0.0000, 0.0000, 1.0000///R_Shoulder
HLP_R_Shldr_B__offset///-1.0000, 0.0000, 0.0000, -0.2277,0.0000, 1.0000, -0.0000, 0.0000,-0.0000, -0.0000, -1.0000, 1.5600,0.0000, 0.0000, 0.0000, 1.0000///R_Shoulder
HLP_L_CollarBone__offset///0.9726, -0.0002, 0.2326, 0.0104,0.2326, -0.0000, -0.9726, -0.0520,0.0002, 1.0000, -0.0000, 1.5600,0.0000, 0.0000, 0.0000, 1.0000///Spine2
HLP_L_Shldr_F__offset///0.9810, 0.1347, 0.1398, 0.1399,0.1392, 0.0144, -0.9902, -0.0529,-0.1354, 0.9908, -0.0047, 1.6278,0.0000, 0.0000, 0.0000, 1.0000///HLP_L_CollarBone__offset
L_Shldr_F1__null///0.9810, 0.1347, 0.1398, 0.2420,0.1392, 0.0144, -0.9902, -0.0385,-0.1354, 0.9908, -0.0047, 1.6137,0.0000, 0.0000, 0.0000, 1.0000///HLP_L_Shldr_F__offset
HLP_L_CollarBone_up__offset///0.9726, -0.0002, 0.2326, 0.0104,0.2326, -0.0000, -0.9726, -0.0519,0.0002, 1.0000, -0.0000, 1.5600,0.0000, 0.0000, 0.0000, 1.0000///HLP_L_CollarBone__offset
L_CollarBone1__null///0.9726, -0.0002, 0.2326, 0.2026,0.2326, -0.0000, -0.9726, -0.0060,0.0002, 1.0000, -0.0000, 1.5600,0.0000, 0.0000, 0.0000, 1.0000///HLP_L_CollarBone__offset
HLP_R_CollarBone__offset///-0.9726, -0.0002, -0.2326, -0.0104,0.2326, 0.0000, -0.9726, -0.0520,0.0002, -1.0000, 0.0000, 1.5600,0.0000, 0.0000, 0.0000, 1.0000///Spine2
HLP_R_Shldr_F__offset///-0.9810, -0.1347, 0.1398, -0.1399,0.1392, 0.0144, 0.9902, -0.0529,-0.1354, 0.9908, 0.0047, 1.6278,0.0000, 0.0000, 0.0000, 1.0000///HLP_R_CollarBone__offset
R_Shldr_F1__null///-0.9810, -0.1347, 0.1398, -0.2420,0.1392, 0.0144, 0.9902, -0.0385,-0.1354, 0.9908, 0.0047, 1.6137,0.0000, 0.0000, 0.0000, 1.0000///HLP_R_Shldr_F__offset
HLP_R_CollarBone_up__offset///-0.9726, -0.0002, -0.2326, -0.0104,0.2326, 0.0000, -0.9726, -0.0519,0.0002, -1.0000, 0.0000, 1.5600,0.0000, 0.0000, 0.0000, 1.0000///HLP_R_CollarBone__offset
R_CollarBone1__null///-0.9726, -0.0002, -0.2326, -0.2026,0.2326, 0.0000, -0.9726, -0.0060,0.0002, -1.0000, 0.0000, 1.5600,0.0000, 0.0000, 0.0000, 1.0000///HLP_R_CollarBone__offset
HLP_L_Pectoral__offset///0.9770, -0.2072, 0.0508, 0.0001,0.0497, -0.0105, -0.9987, -0.0198,0.2074, 0.9782, -0.0000, 1.4775,0.0000, 0.0000, 0.0000, 1.0000///Spine2
L_Pectoral__null///0.9770, -0.2072, 0.0508, 0.2033,0.0497, -0.0105, -0.9987, -0.0094,0.2074, 0.9782, 0.0000, 1.5207,0.0000, 0.0000, 0.0000, 1.0000///HLP_L_Pectoral__offset
HLP_L_Pectoral_side__offset///0.9770, -0.2072, 0.0508, 0.0001,0.0497, -0.0105, -0.9987, -0.0198,0.2074, 0.9782, 0.0000, 1.4776,0.0000, 0.0000, 0.0000, 1.0000///HLP_L_Pectoral__offset
HLP_R_Pectoral__offset///-0.9770, 0.2072, 0.0508, -0.0001,0.0497, -0.0105, 0.9987, -0.0198,0.2074, 0.9782, -0.0000, 1.4775,0.0000, 0.0000, 0.0000, 1.0000///Spine2
R_Pectoral__null///-0.9770, 0.2072, 0.0508, -0.2033,0.0497, -0.0105, 0.9987, -0.0094,0.2074, 0.9782, -0.0000, 1.5207,0.0000, 0.0000, 0.0000, 1.0000///HLP_R_Pectoral__offset
HLP_R_Pectoral_side__offset///-0.9770, 0.2072, 0.0508, -0.0001,0.0497, -0.0105, 0.9987, -0.0198,0.2074, 0.9782, -0.0000, 1.4776,0.0000, 0.0000, 0.0000, 1.0000///HLP_R_Pectoral__offset
Spine2__offset///0.0000, -0.0000, 1.0000, 0.0000,-0.0000, -1.0000, -0.0000, 0.0000,1.0000, -0.0000, -0.0000, 1.3311,0.0000, 0.0000, 0.0000, 1.0000///Spine2
Spine2_breast__offset///0.0000, -0.0000, 1.0000, 0.0000,-0.0000, -1.0000, -0.0000, 0.0001,1.0000, -0.0000, -0.0000, 1.3390,0.0000, 0.0000, 0.0000, 1.0000///Spine2__offset
Spine2up__offset///0.0000, -0.0000, 1.0000, 0.0000,-0.0000, -1.0000, -0.0000, 0.0000,1.0000, -0.0000, -0.0000, 1.3312,0.0000, 0.0000, 0.0000, 1.0000///Spine2__offset
Spine2side__offset///0.0000, -0.0000, 1.0000, 0.0000,-0.0000, -1.0000, -0.0000, 0.0000,1.0000, -0.0000, -0.0000, 1.3310,0.0000, 0.0000, 0.0000, 1.0000///Spine2
OPT0_bustL///0.3127, -0.0846, -0.9461, 0.0229,-0.9461, 0.0601, -0.3181, 0.0812,0.0838, 0.9946, -0.0612, 1.4018,0.0000, 0.0000, 0.0000, 1.0000///Spine2
OPT1_bustL///-0.3127, -0.0846, 0.9461, 0.1087,0.9461, 0.0601, 0.3181, -0.1785,-0.0838, 0.9946, 0.0612, 1.4248,0.0000, 0.0000, 0.0000, 1.0000///OPT0_bustL
OPT1_bustL_end///0.9983, -0.0464, 0.0341, 0.0842,0.0316, -0.0539, -0.9980, -0.1043,0.0482, 0.9975, -0.0523, 1.4183,0.0000, 0.0000, 0.0000, 1.0000///OPT1_bustL
OPT2_bustR///0.3127, -0.0845, -0.9461, -0.0227,0.9461, -0.0601, 0.3181, 0.0812,-0.0838, -0.9946, 0.0612, 1.4019,0.0000, 0.0000, 0.0000, 1.0000///Spine2
OPT3_bustR///-0.3127, -0.0845, 0.9461, -0.1085,-0.9461, -0.0601, -0.3181, -0.1785,0.0838, -0.9946, -0.0612, 1.4249,0.0000, 0.0000, 0.0000, 1.0000///OPT2_bustR
OPT1_bustR_end///0.9983, -0.0464, 0.0341, -0.0840,-0.0316, 0.0539, 0.9980, -0.1043,-0.0481, -0.9975, 0.0523, 1.4183,0.0000, 0.0000, 0.0000, 1.0000///OPT3_bustR
Spine1__offset///0.0000, -0.0000, 1.0000, 0.0000,-0.0000, -1.0000, -0.0000, 0.0000,1.0000, -0.0000, -0.0000, 1.1959,0.0000, 0.0000, 0.0000, 1.0000///Spine1
Spine1_front__offset///0.0000, -0.0000, 1.0000, 0.0000,-0.0000, -1.0000, -0.0000, 0.0000,1.0000, -0.0000, -0.0000, 1.1961,0.0000, 0.0000, 0.0000, 1.0000///Spine1
Hip///-0.0000, -0.0000, 1.0000, 0.0000,-0.0000, 1.0000, 0.0000, 0.0000,-1.0000, 0.0000, -0.0000, 1.1960,0.0000, 0.0000, 0.0000, 1.0000///Base
L_UpLeg///0.0000, 0.0000, 1.0000, 0.1040,-0.0001, 1.0000, -0.0000, -0.0000,-1.0000, -0.0001, 0.0000, 1.0296,0.0000, 0.0000, 0.0000, 1.0000///Hip
L_Leg///0.0000, 0.0000, 1.0000, 0.1040,0.0001, 1.0000, -0.0000, -0.0000,-1.0000, 0.0001, 0.0000, 0.5720,0.0000, 0.0000, 0.0000, 1.0000///L_UpLeg
L_Foot///0.0000, 0.0000, 1.0000, 0.1040,-0.0000, 1.0000, -0.0000, -0.0000,-1.0000, 0.0000, 0.0000, 0.1352,0.0000, 0.0000, 0.0000, 1.0000///L_Leg
L_Toe///-0.0000, 0.0000, 1.0000, 0.1040,-1.0000, 0.0000, -0.0000, -0.1592,-0.0000, -1.0000, 0.0000, 0.0314,0.0000, 0.0000, 0.0000, 1.0000///L_Foot
L_Toe1__null///-0.0000, 0.0000, 1.0000, 0.1040,-1.0000, 0.0000, -0.0000, -0.2944,-0.0000, -1.0000, 0.0000, 0.0314,0.0000, 0.0000, 0.0000, 1.0000///L_Toe
L_Toe__offset///-0.0000, 0.0000, 1.0000, 0.1040,-1.0000, 0.0000, -0.0000, -0.1593,-0.0000, -1.0000, 0.0000, 0.0314,0.0000, 0.0000, 0.0000, 1.0000///L_Toe
ATH_L_Toe_Btm///1.0000, 0.0000, -0.0000, 0.1040,-0.0000, 1.0000, -0.0000, -0.1664,0.0000, 0.0000, 1.0000, -0.0052,0.0000, 0.0000, 0.0000, 1.0000///L_Toe
L_Foot__offset///0.0000, 0.0000, 1.0000, 0.1040,-0.0000, 1.0000, -0.0000, -0.0000,-1.0000, 0.0000, 0.0000, 0.1351,0.0000, 0.0000, 0.0000, 1.0000///L_Foot
L_Ankle__offset///0.0000, 0.0000, 1.0000, 0.1040,-0.0000, 1.0000, -0.0000, -0.0000,-1.0000, 0.0000, 0.0000, 0.1353,0.0000, 0.0000, 0.0000, 1.0000///L_Foot
ATH_L_Foot_Btm///1.0000, 0.0000, -0.0000, 0.1040,-0.0000, 1.0000, -0.0000, -0.0000,0.0000, 0.0000, 1.0000, -0.0000,0.0000, 0.0000, 0.0000, 1.0000///L_Foot
L_Calf_Slide__offset///1.0000, -0.0000, -0.0000, 0.1040,-0.0000, -0.0001, -1.0000, -0.0000,0.0000, 1.0000, -0.0001, 0.3536,0.0000, 0.0000, 0.0000, 1.0000///L_Leg
L_Leg__offset///0.0000, 0.0000, 1.0000, 0.1040,0.0001, 1.0000, -0.0000, -0.0000,-1.0000, 0.0001, 0.0000, 0.5719,0.0000, 0.0000, 0.0000, 1.0000///L_Leg
HLP_L_Knee__offset///0.0000, 0.0000, 1.0000, 0.1040,0.0000, 1.0000, -0.0000, -0.0209,-1.0000, 0.0000, 0.0000, 0.5720,0.0000, 0.0000, 0.0000, 1.0000///L_UpLeg
HLP_L_UpLeg_Top__offset///-0.0000, 0.0000, 1.0000, 0.1040,0.0000, 1.0000, 0.0000, -0.0000,-1.0000, 0.0000, -0.0000, 1.0297,0.0000, 0.0000, 0.0000, 1.0000///L_UpLeg
HLP_L_UpLeg_Mid__offset///0.0000, 0.0000, 1.0000, 0.1040,-0.0000, 1.0000, -0.0000, -0.0000,-1.0000, -0.0000, 0.0000, 0.8216,0.0000, 0.0000, 0.0000, 1.0000///L_UpLeg
L_Thigh_Slide__offset///1.0000, -0.0000, -0.0000, 0.1040,-0.0000, 0.0001, -1.0000, -0.0011,0.0000, 1.0000, 0.0001, 0.8008,0.0000, 0.0000, 0.0000, 1.0000///L_UpLeg
L_UpLeg__offset///0.0000, 0.0000, 1.0000, 0.1040,-0.0001, 1.0000, -0.0000, -0.0000,-1.0000, -0.0001, 0.0000, 1.0295,0.0000, 0.0000, 0.0000, 1.0000///L_UpLeg
R_UpLeg///0.0000, 0.0000, 1.0000, -0.1040,-0.0001, 1.0000, -0.0000, -0.0000,-1.0000, -0.0001, 0.0000, 1.0296,0.0000, 0.0000, 0.0000, 1.0000///Hip
R_Leg///0.0000, 0.0000, 1.0000, -0.1040,0.0001, 1.0000, -0.0000, -0.0000,-1.0000, 0.0001, 0.0000, 0.5720,0.0000, 0.0000, 0.0000, 1.0000///R_UpLeg
R_Foot///0.0013, 0.0000, 1.0000, -0.1040,0.0000, 1.0000, -0.0000, -0.0000,-1.0000, 0.0000, 0.0013, 0.1352,0.0000, 0.0000, 0.0000, 1.0000///R_Leg
R_Toe///-0.0000, 0.0013, 1.0000, -0.1039,-1.0000, 0.0000, -0.0000, -0.1592,-0.0000, -1.0000, 0.0013, 0.0314,0.0000, 0.0000, 0.0000, 1.0000///R_Foot
R_Toe1__null///-0.0000, 0.0013, 1.0000, -0.1039,-1.0000, 0.0000, -0.0000, -0.2944,-0.0000, -1.0000, 0.0013, 0.0314,0.0000, 0.0000, 0.0000, 1.0000///R_Toe
R_Toe__offset///0.0000, 0.0013, 1.0000, -0.1039,-1.0000, 0.0000, 0.0000, -0.1593,-0.0000, -1.0000, 0.0013, 0.0314,0.0000, 0.0000, 0.0000, 1.0000///R_Toe
ATH_R_Toe_Btm///1.0000, -0.0000, -0.0013, -0.1038,0.0000, 1.0000, -0.0000, -0.1664,0.0013, 0.0000, 1.0000, -0.0052,0.0000, 0.0000, 0.0000, 1.0000///R_Toe
R_Foot__offset///0.0013, 0.0000, 1.0000, -0.1040,0.0000, 1.0000, -0.0000, -0.0000,-1.0000, 0.0000, 0.0013, 0.1351,0.0000, 0.0000, 0.0000, 1.0000///R_Foot
R_Ankle__offset///-0.0013, 0.0000, 1.0000, -0.1040,-0.0000, -1.0000, 0.0000, -0.0000,1.0000, -0.0000, 0.0013, 0.1353,0.0000, 0.0000, 0.0000, 1.0000///R_Foot
ATH_R_Foot_Btm///1.0000, -0.0000, -0.0013, -0.1038,0.0000, 1.0000, -0.0000, -0.0000,0.0013, 0.0000, 1.0000, 0.0000,0.0000, 0.0000, 0.0000, 1.0000///R_Foot
R_Calf_Slide__offset///1.0000, -0.0000, 0.0000, -0.1040,0.0000, -0.0001, -1.0000, -0.0000,0.0000, 1.0000, -0.0001, 0.3536,0.0000, 0.0000, 0.0000, 1.0000///R_Leg
R_Leg__offset///0.0000, 0.0000, 1.0000, -0.1040,0.0001, 1.0000, -0.0000, -0.0000,-1.0000, 0.0001, 0.0000, 0.5719,0.0000, 0.0000, 0.0000, 1.0000///R_Leg
HLP_R_Knee__offset///0.0000, 0.0000, 1.0000, -0.1040,0.0000, 1.0000, -0.0000, -0.0209,-1.0000, 0.0000, 0.0000, 0.5720,0.0000, 0.0000, 0.0000, 1.0000///R_UpLeg
HLP_R_UpLeg_Top__offset///-0.0000, 0.0000, 1.0000, -0.1040,0.0000, 1.0000, 0.0000, -0.0000,-1.0000, 0.0000, -0.0000, 1.0297,0.0000, 0.0000, 0.0000, 1.0000///R_UpLeg
HLP_R_UpLeg_Mid__offset///0.0000, 0.0000, 1.0000, -0.1040,-0.0000, 1.0000, 0.0000, -0.0000,-1.0000, -0.0000, 0.0000, 0.8216,0.0000, 0.0000, 0.0000, 1.0000///R_UpLeg
R_Thigh_Slide__offset///1.0000, -0.0000, 0.0000, -0.1040,0.0000, 0.0001, -1.0000, -0.0011,0.0000, 1.0000, 0.0001, 0.8008,0.0000, 0.0000, 0.0000, 1.0000///R_UpLeg
R_UpLeg__offset///0.0000, 0.0000, 1.0000, -0.1040,-0.0001, 1.0000, -0.0000, -0.0000,-1.0000, -0.0001, 0.0000, 1.0295,0.0000, 0.0000, 0.0000, 1.0000///R_UpLeg
HLP_L_Butt__offset///-0.0000, 0.0000, 1.0000, 0.1041,0.0000, 1.0000, 0.0000, 0.0001,-1.0000, 0.0000, -0.0000, 1.0295,0.0000, 0.0000, 0.0000, 1.0000///Hip
HLP_R_Butt__offset///-0.0000, 0.0000, 1.0000, -0.1041,0.0000, 1.0000, 0.0000, 0.0001,-1.0000, 0.0000, -0.0000, 1.0295,0.0000, 0.0000, 0.0000, 1.0000///Hip
HLP_L_Inguinal__offset///-0.1165, -0.0101, -0.9932, 0.1737,0.0867, -0.9962, -0.0000, -0.0519,-0.9894, -0.0861, 0.1169, 1.1638,0.0000, 0.0000, 0.0000, 1.0000///Hip
L_Inguinal1__null///-0.1165, -0.0101, -0.9932, 0.1373,0.0867, -0.9962, -0.0000, -0.0248,-0.9894, -0.0861, 0.1169, 0.8551,0.0000, 0.0000, 0.0000, 1.0000///HLP_L_Inguinal__offset
HLP_R_Inguinal__offset///0.1165, 0.0101, -0.9931, -0.1737,0.0867, -0.9962, 0.0000, -0.0519,-0.9894, -0.0861, -0.1169, 1.1638,0.0000, 0.0000, 0.0000, 1.0000///Hip
R_Inguinal__null///0.1165, 0.0101, -0.9931, -0.1373,0.0867, -0.9962, 0.0000, -0.0248,-0.9894, -0.0861, -0.1169, 0.8551,0.0000, 0.0000, 0.0000, 1.0000///HLP_R_Inguinal__offset
Hip__offset///-0.0000, -0.0000, 1.0000, 0.0000,-0.0000, 1.0000, 0.0000, 0.0000,-1.0000, 0.0000, -0.0000, 1.1961,0.0000, 0.0000, 0.0000, 1.0000///Hip
Hip_front__offset///-0.0000, -0.0000, 1.0000, -0.0000,-0.0000, 1.0000, 0.0000, 0.0000,-1.0000, 0.0000, -0.0000, 1.1959,0.0000, 0.0000, 0.0000, 1.0000///Hip
EDIT__null///1.0000, 0.0000, 0.0000, 0.0014,0.0000, 1.0000, 0.0000, 0.0000,0.0000, 0.0000, 1.0000, -0.0000,0.0000, 0.0000, 0.0000, 1.0000///MODEL_00
Deform__null///1.0000, 0.0000, 0.0000, 0.0083,0.0000, 1.0000, 0.0000, 0.0015,0.0000, 0.0000, 1.0000, -0.0002,0.0000, 0.0000, 0.0000, 1.0000///EDIT__null
