MODEL_00///0.0000, -0.0000, 1.0000, 0.0000,0.0000, 1.0000, 0.0000, 0.0000,-1.0000, 0.0000, 0.0000, 1.1271,0.0000, 0.0000, 0.0000, 1.0000///
BODY_SCALE__group///0.0000, -0.0000, 1.0000, 0.0000,0.0000, 1.0000, 0.0000, 0.0000,-1.0000, 0.0000, 0.0000, 1.1269,0.0000, 0.0000, 0.0000, 1.0000///MODEL_00
BASE///1.0000, -0.0000, 0.0000, 0.0000,0.0000, -0.0000, -1.0000, 0.0000,0.0000, 1.0000, -0.0000, 1.1270,0.0000, 0.0000, 0.0000, 1.0000///BODY_SCALE__group
Spine1///-0.0000, 0.0000, 1.0000, 0.0000,0.0000, -1.0000, 0.0000, 0.0000,1.0000, 0.0000, 0.0000, 1.1270,0.0000, 0.0000, 0.0000, 1.0000///BASE
Spine2///-0.0000, 0.0000, 1.0000, -0.0000,0.0000, -1.0000, 0.0000, -0.0000,1.0000, 0.0000, 0.0000, 1.2544,0.0000, 0.0000, 0.0000, 1.0000///Spine1
Neck///0.0000, -0.0000, 1.0000, -0.0000,-0.0000, -1.0000, -0.0000, -0.0000,1.0000, -0.0000, -0.0000, 1.5092,0.0000, 0.0000, 0.0000, 1.0000///Spine2
Head///-0.0000, 1.0000, -0.0000, -0.0000,-1.0000, -0.0000, -0.0000, -0.0000,-0.0000, 0.0000, 1.0000, 1.6464,0.0000, 0.0000, 0.0000, 1.0000///Neck
Head__offset///-0.0000, 1.0000, -0.0000, -0.0000,-1.0000, -0.0000, 0.0003, 0.0000,0.0003, 0.0000, 1.0000, 1.6465,0.0000, 0.0000, 0.0000, 1.0000///Head
ATH_Head_Top///1.0000, -0.0000, -0.0000, -0.0000,0.0000, 1.0000, -0.0000, -0.0000,0.0000, 0.0000, 1.0000, 1.8179,0.0000, 0.0000, 0.0000, 1.0000///Head
L_Mayu2_Joint///1.0000, -0.0000, 0.0000, 0.0362,0.0000, -0.0000, -1.0000, -0.1070,0.0000, 1.0000, -0.0000, 1.7146,0.0000, 0.0000, 0.0000, 1.0000///Head
L_Mayu3_Joint///1.0000, 0.0000, -0.0000, 0.0520,-0.0000, -0.0000, -1.0000, -0.0948,-0.0000, 1.0000, -0.0000, 1.7123,0.0000, 0.0000, 0.0000, 1.0000///Head
L_Mayu1_Joint///1.0000, -0.0000, 0.0000, 0.0134,0.0000, -0.0000, -1.0000, -0.1121,0.0000, 1.0000, -0.0000, 1.7063,0.0000, 0.0000, 0.0000, 1.0000///Head
R_Mayu3_Joint///1.0000, -0.0000, 0.0000, -0.0520,0.0000, -0.0000, -1.0000, -0.0948,0.0000, 1.0000, -0.0000, 1.7123,0.0000, 0.0000, 0.0000, 1.0000///Head
R_Mayu2_Joint///1.0000, -0.0000, 0.0000, -0.0362,0.0000, -0.0000, -1.0000, -0.1070,0.0000, 1.0000, -0.0000, 1.7146,0.0000, 0.0000, 0.0000, 1.0000///Head
R_Mayu1_Joint///1.0000, -0.0000, 0.0000, -0.0134,0.0000, -0.0000, -1.0000, -0.1121,0.0000, 1.0000, -0.0000, 1.7063,0.0000, 0.0000, 0.0000, 1.0000///Head
R_Eyecorner///1.0000, -0.0000, 0.0000, -0.0444,0.0000, -0.0000, -1.0000, -0.0928,0.0000, 1.0000, -0.0000, 1.6862,0.0000, 0.0000, 0.0000, 1.0000///Head
R_UwaMabuta_Joint///1.0000, -0.0000, 0.0000, -0.0275,0.0000, -0.0000, -1.0000, -0.0817,0.0000, 1.0000, -0.0000, 1.6992,0.0000, 0.0000, 0.0000, 1.0000///Head
R_UpEyelid1///1.0000, -0.0000, 0.0000, -0.0233,0.0000, -0.0000, -1.0000, -0.0979,0.0000, 1.0000, -0.0000, 1.7032,0.0000, 0.0000, 0.0000, 1.0000///R_UwaMabuta_Joint
R_UpEyelid2///1.0000, -0.0000, 0.0000, -0.0372,0.0000, -0.0000, -1.0000, -0.0948,0.0000, 1.0000, -0.0000, 1.7039,0.0000, 0.0000, 0.0000, 1.0000///R_UwaMabuta_Joint
L_UwaMabuta_Joint///1.0000, -0.0000, 0.0000, 0.0275,0.0000, -0.0000, -1.0000, -0.0817,0.0000, 1.0000, -0.0000, 1.6992,0.0000, 0.0000, 0.0000, 1.0000///Head
L_UpEyelid2///1.0000, -0.0000, 0.0000, 0.0372,0.0000, -0.0000, -1.0000, -0.0949,0.0000, 1.0000, -0.0000, 1.7039,0.0000, 0.0000, 0.0000, 1.0000///L_UwaMabuta_Joint
L_UpEyelid1///1.0000, -0.0000, 0.0000, 0.0233,0.0000, -0.0000, -1.0000, -0.0979,0.0000, 1.0000, -0.0000, 1.7032,0.0000, 0.0000, 0.0000, 1.0000///L_UwaMabuta_Joint
L_Eyecorner///1.0000, -0.0000, 0.0000, 0.0444,0.0000, -0.0000, -1.0000, -0.0928,0.0000, 1.0000, -0.0000, 1.6862,0.0000, 0.0000, 0.0000, 1.0000///Head
L_Eye_Joint///1.0000, -0.0000, 0.0000, 0.0280,0.0000, -0.0000, -1.0000, -0.0839,0.0000, 1.0000, -0.0000, 1.7020,0.0000, 0.0000, 0.0000, 1.0000///Head
R_Eye_Joint///1.0000, -0.0000, 0.0000, -0.0280,0.0000, -0.0000, -1.0000, -0.0839,0.0000, 1.0000, -0.0000, 1.7020,0.0000, 0.0000, 0.0000, 1.0000///Head
R_SitaMabuta_Joint///1.0000, -0.0000, 0.0000, -0.0275,0.0000, -0.0000, -1.0000, -0.0817,0.0000, 1.0000, -0.0000, 1.6987,0.0000, 0.0000, 0.0000, 1.0000///Head
R_LowEyelid1///1.0000, -0.0000, 0.0000, -0.0252,0.0000, -0.0000, -1.0000, -0.0967,0.0000, 1.0000, -0.0000, 1.6958,0.0000, 0.0000, 0.0000, 1.0000///R_SitaMabuta_Joint
R_LowEyelid2///1.0000, -0.0000, 0.0000, -0.0385,0.0000, -0.0000, -1.0000, -0.0932,0.0000, 1.0000, -0.0000, 1.6949,0.0000, 0.0000, 0.0000, 1.0000///R_SitaMabuta_Joint
L_SitaMabuta_Joint///1.0000, -0.0000, 0.0000, 0.0275,0.0000, -0.0000, -1.0000, -0.0817,0.0000, 1.0000, -0.0000, 1.6987,0.0000, 0.0000, 0.0000, 1.0000///Head
L_LowEyelid2///1.0000, -0.0000, 0.0000, 0.0385,0.0000, -0.0000, -1.0000, -0.0932,0.0000, 1.0000, -0.0000, 1.6949,0.0000, 0.0000, 0.0000, 1.0000///L_SitaMabuta_Joint
L_LowEyelid1///1.0000, -0.0000, 0.0000, 0.0252,0.0000, -0.0000, -1.0000, -0.0967,0.0000, 1.0000, -0.0000, 1.6958,0.0000, 0.0000, 0.0000, 1.0000///L_SitaMabuta_Joint
L_Hoho_Joint///1.0000, -0.0000, 0.0000, 0.0483,0.0000, -0.0000, -1.0000, -0.0984,0.0000, 1.0000, -0.0000, 1.6765,0.0000, 0.0000, 0.0000, 1.0000///Head
L_Hana_Joint///1.0000, -0.0000, 0.0000, 0.0157,0.0000, -0.0000, -1.0000, -0.1103,0.0000, 1.0000, -0.0000, 1.6778,0.0000, 0.0000, 0.0000, 1.0000///Head
R_Hana_Joint///1.0000, -0.0000, 0.0000, -0.0157,0.0000, -0.0000, -1.0000, -0.1103,0.0000, 1.0000, -0.0000, 1.6778,0.0000, 0.0000, 0.0000, 1.0000///Head
R_Hoho_Joint///1.0000, -0.0000, 0.0000, -0.0483,0.0000, -0.0000, -1.0000, -0.0984,0.0000, 1.0000, -0.0000, 1.6765,0.0000, 0.0000, 0.0000, 1.0000///Head
L_Kobana_Joint///1.0000, -0.0000, 0.0000, 0.0196,0.0000, -0.0000, -1.0000, -0.1120,0.0000, 1.0000, -0.0000, 1.6651,0.0000, 0.0000, 0.0000, 1.0000///Head
R_Kobana_Joint///1.0000, -0.0000, 0.0000, -0.0196,0.0000, -0.0000, -1.0000, -0.1120,0.0000, 1.0000, -0.0000, 1.6651,0.0000, 0.0000, 0.0000, 1.0000///Head
L_Chobo_Joint///1.0000, -0.0000, 0.0000, 0.0513,0.0000, -0.0000, -1.0000, -0.0762,0.0000, 1.0000, -0.0000, 1.6450,0.0000, 0.0000, 0.0000, 1.0000///Head
R_Chobo_Joint///1.0000, -0.0000, 0.0000, -0.0513,0.0000, -0.0000, -1.0000, -0.0762,0.0000, 1.0000, -0.0000, 1.6450,0.0000, 0.0000, 0.0000, 1.0000///Head
L_LipU_Joint///1.0000, -0.0000, 0.0000, 0.0145,0.0000, -0.0000, -1.0000, -0.1143,0.0000, 1.0000, -0.0000, 1.6414,0.0000, 0.0000, 0.0000, 1.0000///Head
R_LipU_Joint///1.0000, -0.0000, 0.0000, -0.0145,0.0000, -0.0000, -1.0000, -0.1142,0.0000, 1.0000, -0.0000, 1.6414,0.0000, 0.0000, 0.0000, 1.0000///Head
M_LipU_Joint///1.0000, -0.0000, 0.0000, -0.0000,0.0000, -0.0000, -1.0000, -0.1182,0.0000, 1.0000, -0.0000, 1.6443,0.0000, 0.0000, 0.0000, 1.0000///Head
Jaw_Joint///1.0000, -0.0000, 0.0000, -0.0000,0.0000, -0.0000, -1.0000, -0.0370,0.0000, 1.0000, -0.0000, 1.6545,0.0000, 0.0000, 0.0000, 1.0000///Head
L_LipD_Joint///1.0000, -0.0000, 0.0000, 0.0137,0.0000, -0.0000, -1.0000, -0.1108,0.0000, 1.0000, -0.0000, 1.6241,0.0000, 0.0000, 0.0000, 1.0000///Jaw_Joint
R_LipD_Joint///1.0000, -0.0000, 0.0000, -0.0137,0.0000, -0.0000, -1.0000, -0.1109,0.0000, 1.0000, -0.0000, 1.6241,0.0000, 0.0000, 0.0000, 1.0000///Jaw_Joint
M_LipD_Joint///1.0000, -0.0000, 0.0000, -0.0000,0.0000, -0.0000, -1.0000, -0.1141,0.0000, 1.0000, -0.0000, 1.6240,0.0000, 0.0000, 0.0000, 1.0000///Jaw_Joint
L_LipE_Joint///1.0000, -0.0000, 0.0000, 0.0294,0.0000, -0.0000, -1.0000, -0.0988,0.0000, 1.0000, -0.0000, 1.6293,0.0000, 0.0000, 0.0000, 1.0000///Jaw_Joint
R_LipE_Joint///1.0000, -0.0000, -0.0000, -0.0294,-0.0000, -0.0000, -1.0000, -0.0988,0.0000, 1.0000, -0.0000, 1.6293,0.0000, 0.0000, 0.0000, 1.0000///Jaw_Joint
Bero1_Joint///-0.0002, 0.0007, -1.0000, -0.0000,-0.9772, -0.2124, -0.0000, -0.0688,-0.2124, 0.9772, 0.0008, 1.6331,0.0000, 0.0000, 0.0000, 1.0000///Jaw_Joint
Bero1_Joint_pos///-0.0000, 0.0000, -1.0000, -0.0000,-0.9588, -0.2842, -0.0000, -0.0872,-0.2842, 0.9588, 0.0000, 1.6360,0.0000, 0.0000, 0.0000, 1.0000///Bero1_Joint
Bero2_Joint///-0.0000, 0.0000, -1.0000, -0.0000,-0.9588, -0.2842, -0.0000, -0.0872,-0.2842, 0.9588, 0.0000, 1.6360,0.0000, 0.0000, 0.0000, 1.0000///Bero1_Joint_pos
Bero3_Joint///-0.0000, 0.0000, -1.0000, -0.0000,-0.9588, -0.2842, -0.0000, -0.1052,-0.2842, 0.9588, 0.0000, 1.6307,0.0000, 0.0000, 0.0000, 1.0000///Bero2_Joint
Neck__offset///-0.0000, -0.0000, 1.0000, -0.0000,-0.0000, -1.0000, -0.0000, -0.0000,1.0000, -0.0000, 0.0000, 1.5091,0.0000, 0.0000, 0.0000, 1.0000///Neck
Neck_back__offset///-0.0000, -0.0000, 1.0000, -0.0000,-0.0000, -1.0000, -0.0000, -0.0000,1.0000, -0.0000, 0.0000, 1.5093,0.0000, 0.0000, 0.0000, 1.0000///Neck
L_Shoulder///1.0000, -0.0000, 0.0000, 0.0980,0.0000, -0.0000, -1.0000, -0.0000,0.0000, 1.0000, -0.0000, 1.4700,0.0000, 0.0000, 0.0000, 1.0000///Spine2
L_Arm///1.0000, -0.0000, -0.0000, 0.2009,0.0000, 1.0000, 0.0000, -0.0000,0.0000, -0.0000, 1.0000, 1.4700,0.0000, 0.0000, 0.0000, 1.0000///L_Shoulder
L_ForeArm///1.0000, 0.0000, -0.0000, 0.5096,-0.0000, 1.0000, 0.0000, 0.0000,0.0000, -0.0000, 1.0000, 1.4700,0.0000, 0.0000, 0.0000, 1.0000///L_Arm
L_Hand///1.0000, -0.0000, -0.0000, 0.7463,-0.0000, 0.0000, -1.0000, 0.0000,0.0000, 1.0000, 0.0000, 1.4700,0.0000, 0.0000, 0.0000, 1.0000///L_ForeArm
L_FingerBase///1.0000, -0.0000, -0.0000, 0.7504,-0.0000, 0.0000, -1.0000, -0.0167,0.0000, 1.0000, 0.0000, 1.4700,0.0000, 0.0000, 0.0000, 1.0000///L_Hand
L_Middle///1.0000, -0.0000, -0.0000, 0.7504,-0.0000, 0.0000, -1.0000, -0.0083,0.0000, 1.0000, 0.0000, 1.4700,0.0000, 0.0000, 0.0000, 1.0000///L_FingerBase
L_Ring///1.0000, -0.0000, -0.0000, 0.7504,-0.0000, 0.0000, -1.0000, 0.0000,0.0000, 1.0000, 0.0000, 1.4700,0.0000, 0.0000, 0.0000, 1.0000///L_Middle
L_Pinky///1.0000, -0.0000, -0.0000, 0.7504,-0.0000, 0.0000, -1.0000, 0.0083,0.0000, 1.0000, 0.0000, 1.4700,0.0000, 0.0000, 0.0000, 1.0000///L_Ring
L_Pinky1///1.0000, -0.0000, -0.0000, 0.8362,-0.0000, 0.0000, -1.0000, 0.0321,0.0000, 1.0000, 0.0000, 1.4713,0.0000, 0.0000, 0.0000, 1.0000///L_Pinky
L_Pinky2///1.0000, -0.0000, -0.0000, 0.8761,-0.0000, 0.0000, -1.0000, 0.0321,0.0000, 1.0000, 0.0000, 1.4713,0.0000, 0.0000, 0.0000, 1.0000///L_Pinky1
L_Pinky3///1.0000, -0.0000, -0.0000, 0.8943,-0.0000, 0.0000, -1.0000, 0.0321,0.0000, 1.0000, 0.0000, 1.4713,0.0000, 0.0000, 0.0000, 1.0000///L_Pinky2
L_Pinky4__null///1.0000, -0.0000, -0.0000, 0.9193,-0.0000, 0.0000, -1.0000, 0.0321,0.0000, 1.0000, 0.0000, 1.4713,0.0000, 0.0000, 0.0000, 1.0000///L_Pinky3
L_Ring1///1.0000, -0.0000, -0.0000, 0.8472,-0.0000, 0.0000, -1.0000, 0.0120,0.0000, 1.0000, 0.0000, 1.4729,0.0000, 0.0000, 0.0000, 1.0000///L_Ring
L_Ring2///1.0000, -0.0000, -0.0000, 0.8915,-0.0000, 0.0000, -1.0000, 0.0119,0.0000, 1.0000, 0.0000, 1.4729,0.0000, 0.0000, 0.0000, 1.0000///L_Ring1
L_Ring3///1.0000, -0.0000, -0.0000, 0.9176,-0.0000, 0.0000, -1.0000, 0.0119,0.0000, 1.0000, 0.0000, 1.4729,0.0000, 0.0000, 0.0000, 1.0000///L_Ring2
L_Ring4__null///1.0000, -0.0000, -0.0000, 0.9426,-0.0000, 0.0000, -1.0000, 0.0119,0.0000, 1.0000, 0.0000, 1.4729,0.0000, 0.0000, 0.0000, 1.0000///L_Ring3
L_Middle1///1.0000, -0.0000, -0.0000, 0.8502,-0.0000, 0.0000, -1.0000, -0.0107,0.0000, 1.0000, 0.0000, 1.4744,0.0000, 0.0000, 0.0000, 1.0000///L_Middle
L_Middle2///1.0000, -0.0000, -0.0000, 0.8988,-0.0000, 0.0000, -1.0000, -0.0107,0.0000, 1.0000, 0.0000, 1.4744,0.0000, 0.0000, 0.0000, 1.0000///L_Middle1
L_Middle3///1.0000, -0.0000, -0.0000, 0.9273,-0.0000, 0.0000, -1.0000, -0.0107,0.0000, 1.0000, 0.0000, 1.4744,0.0000, 0.0000, 0.0000, 1.0000///L_Middle2
L_Middle4__null///1.0000, -0.0000, -0.0000, 0.9522,-0.0000, 0.0000, -1.0000, -0.0107,0.0000, 1.0000, 0.0000, 1.4744,0.0000, 0.0000, 0.0000, 1.0000///L_Middle3
L_Index1///1.0000, -0.0000, -0.0000, 0.8502,-0.0000, 0.0000, -1.0000, -0.0343,0.0000, 1.0000, 0.0000, 1.4744,0.0000, 0.0000, 0.0000, 1.0000///L_FingerBase
L_Index2///1.0000, -0.0000, -0.0000, 0.8963,-0.0000, 0.0000, -1.0000, -0.0343,0.0000, 1.0000, 0.0000, 1.4744,0.0000, 0.0000, 0.0000, 1.0000///L_Index1
L_Index3///1.0000, -0.0000, -0.0000, 0.9230,-0.0000, 0.0000, -1.0000, -0.0343,0.0000, 1.0000, 0.0000, 1.4744,0.0000, 0.0000, 0.0000, 1.0000///L_Index2
L_Index4__null///1.0000, -0.0000, -0.0000, 0.9480,-0.0000, 0.0000, -1.0000, -0.0343,0.0000, 1.0000, 0.0000, 1.4744,0.0000, 0.0000, 0.0000, 1.0000///L_Index3
L_Thumb1///0.8053, -0.2750, -0.5252, 0.7666,-0.5122, -0.7689, -0.3827, -0.0372,-0.2986, 0.5772, -0.7601, 1.4578,0.0000, 0.0000, 0.0000, 1.0000///L_FingerBase
L_Thumb2///0.8053, -0.2750, -0.5252, 0.8101,-0.5122, -0.7689, -0.3827, -0.0649,-0.2986, 0.5772, -0.7601, 1.4417,0.0000, 0.0000, 0.0000, 1.0000///L_Thumb1
L_Thumb3///0.8053, -0.2750, -0.5252, 0.8363,-0.5122, -0.7689, -0.3827, -0.0816,-0.2986, 0.5772, -0.7601, 1.4320,0.0000, 0.0000, 0.0000, 1.0000///L_Thumb2
L_Thumb4__null///0.8053, -0.2750, -0.5252, 0.8564,-0.5122, -0.7689, -0.3827, -0.0944,-0.2986, 0.5772, -0.7601, 1.4245,0.0000, 0.0000, 0.0000, 1.0000///L_Thumb3
HLP_L_ForeArm_Mid__offset///1.0000, -0.0000, -0.0000, 0.6434,-0.0000, 0.0000, -1.0000, 0.0000,0.0000, 1.0000, 0.0000, 1.4700,0.0000, 0.0000, 0.0000, 1.0000///L_ForeArm
HLP_L_ForeArm_Btm__offset///1.0000, -0.0000, -0.0000, 0.7257,-0.0000, 0.0000, -1.0000, 0.0000,0.0000, 1.0000, 0.0000, 1.4700,0.0000, 0.0000, 0.0000, 1.0000///L_ForeArm
HLP_L_Elbow__offset///1.0000, 0.0000, -0.0000, 0.5096,-0.0000, 1.0000, 0.0000, 0.0276,0.0000, -0.0000, 1.0000, 1.4700,0.0000, 0.0000, 0.0000, 1.0000///L_ForeArm
L_ForeArm_Slide__offset///1.0000, -0.0000, -0.0000, 0.6204,0.0000, 1.0000, 0.0000, 0.0000,0.0000, -0.0000, 1.0000, 1.4700,0.0000, 0.0000, 0.0000, 1.0000///L_ForeArm
L_ForeArm__offset///1.0000, 0.0000, -0.0000, 0.5097,-0.0000, 1.0000, 0.0000, 0.0000,0.0000, -0.0000, 1.0000, 1.4700,0.0000, 0.0000, 0.0000, 1.0000///L_ForeArm
HLP_L_Arm_Top__offset///1.0000, -0.0000, -0.0000, 0.2010,0.0000, 1.0000, -0.0000, -0.0000,0.0000, 0.0000, 1.0000, 1.4700,0.0000, 0.0000, 0.0000, 1.0000///L_Arm
HLP_L_Arm_Mid__offset///1.0000, -0.0000, -0.0000, 0.3449,0.0000, 1.0000, 0.0000, 0.0000,0.0000, -0.0000, 1.0000, 1.4700,0.0000, 0.0000, 0.0000, 1.0000///L_Arm
L_Bicep_Slide__offset///1.0000, -0.0000, -0.0000, 0.3650,0.0000, 1.0000, 0.0000, -0.0014,0.0000, -0.0000, 1.0000, 1.4700,0.0000, 0.0000, 0.0000, 1.0000///L_Arm
L_Tricep_Slide__offset///1.0000, -0.0000, -0.0000, 0.3650,0.0000, 1.0000, 0.0000, 0.0004,0.0000, -0.0000, 1.0000, 1.4700,0.0000, 0.0000, 0.0000, 1.0000///L_Arm
L_Arm_Btm__offset///1.0000, -0.0000, -0.0000, 0.5095,0.0000, 1.0000, 0.0000, 0.0000,0.0000, -0.0000, 1.0000, 1.4700,0.0000, 0.0000, 0.0000, 1.0000///L_Arm
HLP_L_ShldrBlade__offset///1.0000, -0.0000, -0.0000, 0.1446,0.0000, 1.0000, 0.0000, -0.0009,0.0000, -0.0000, 1.0000, 1.4514,0.0000, 0.0000, 0.0000, 1.0000///L_Shoulder
HLP_L_Shldr_B__offset///1.0000, -0.0000, -0.0000, 0.2008,0.0000, 1.0000, 0.0000, -0.0000,0.0000, -0.0000, 1.0000, 1.4700,0.0000, 0.0000, 0.0000, 1.0000///L_Shoulder
R_Shoulder///-1.0000, 0.0000, -0.0000, -0.0980,0.0000, 0.0000, -1.0000, -0.0000,-0.0000, -1.0000, -0.0000, 1.4700,0.0000, 0.0000, 0.0000, 1.0000///Spine2
R_Arm///-1.0000, 0.0000, 0.0000, -0.2009,0.0000, 1.0000, -0.0000, -0.0000,-0.0000, -0.0000, -1.0000, 1.4700,0.0000, 0.0000, 0.0000, 1.0000///R_Shoulder
R_ForeArm///-1.0000, -0.0000, 0.0000, -0.5096,-0.0000, 1.0000, -0.0000, 0.0000,-0.0000, -0.0000, -1.0000, 1.4700,0.0000, 0.0000, 0.0000, 1.0000///R_Arm
R_Hand///-1.0000, 0.0000, 0.0000, -0.7463,-0.0000, -0.0000, -1.0000, 0.0000,-0.0000, -1.0000, 0.0000, 1.4700,0.0000, 0.0000, 0.0000, 1.0000///R_ForeArm
R_FingerBase///-1.0000, -0.0000, 0.0000, -0.7504,-0.0000, -0.0000, -1.0000, -0.0167,0.0000, -1.0000, 0.0000, 1.4700,0.0000, 0.0000, 0.0000, 1.0000///R_Hand
R_Middle///-1.0000, -0.0000, 0.0000, -0.7504,-0.0000, -0.0000, -1.0000, -0.0083,0.0000, -1.0000, 0.0000, 1.4700,0.0000, 0.0000, 0.0000, 1.0000///R_FingerBase
R_Ring///-1.0000, -0.0000, 0.0000, -0.7504,-0.0000, -0.0000, -1.0000, 0.0000,0.0000, -1.0000, 0.0000, 1.4700,0.0000, 0.0000, 0.0000, 1.0000///R_Middle
R_Pinky///-1.0000, -0.0000, 0.0000, -0.7504,-0.0000, -0.0000, -1.0000, 0.0083,0.0000, -1.0000, 0.0000, 1.4700,0.0000, 0.0000, 0.0000, 1.0000///R_Ring
R_Pinky1///-1.0000, 0.0000, 0.0000, -0.8362,-0.0000, -0.0000, -1.0000, 0.0321,-0.0000, -1.0000, 0.0000, 1.4713,0.0000, 0.0000, 0.0000, 1.0000///R_Pinky
R_Pinky2///-1.0000, 0.0000, 0.0000, -0.8761,-0.0000, -0.0000, -1.0000, 0.0321,-0.0000, -1.0000, 0.0000, 1.4713,0.0000, 0.0000, 0.0000, 1.0000///R_Pinky1
R_Pinky3///-1.0000, 0.0000, 0.0000, -0.8943,-0.0000, -0.0000, -1.0000, 0.0321,-0.0000, -1.0000, 0.0000, 1.4713,0.0000, 0.0000, 0.0000, 1.0000///R_Pinky2
R_Pinky4__null///-1.0000, 0.0000, 0.0000, -0.9193,-0.0000, -0.0000, -1.0000, 0.0321,-0.0000, -1.0000, 0.0000, 1.4713,0.0000, 0.0000, 0.0000, 1.0000///R_Pinky3
R_Ring1///-1.0000, 0.0000, 0.0000, -0.8472,-0.0000, -0.0000, -1.0000, 0.0120,-0.0000, -1.0000, 0.0000, 1.4729,0.0000, 0.0000, 0.0000, 1.0000///R_Ring
R_Ring2///-1.0000, 0.0000, 0.0000, -0.8915,-0.0000, -0.0000, -1.0000, 0.0120,-0.0000, -1.0000, 0.0000, 1.4729,0.0000, 0.0000, 0.0000, 1.0000///R_Ring1
R_Ring3///-1.0000, 0.0000, 0.0000, -0.9176,-0.0000, -0.0000, -1.0000, 0.0120,-0.0000, -1.0000, 0.0000, 1.4729,0.0000, 0.0000, 0.0000, 1.0000///R_Ring2
R_Ring4__null///-1.0000, 0.0000, 0.0000, -0.9426,-0.0000, -0.0000, -1.0000, 0.0120,-0.0000, -1.0000, 0.0000, 1.4729,0.0000, 0.0000, 0.0000, 1.0000///R_Ring3
R_Middle1///-1.0000, 0.0000, 0.0000, -0.8502,-0.0000, -0.0000, -1.0000, -0.0106,-0.0000, -1.0000, 0.0000, 1.4744,0.0000, 0.0000, 0.0000, 1.0000///R_Middle
R_Middle2///-1.0000, 0.0000, 0.0000, -0.8988,-0.0000, -0.0000, -1.0000, -0.0106,-0.0000, -1.0000, 0.0000, 1.4744,0.0000, 0.0000, 0.0000, 1.0000///R_Middle1
R_Middle3///-1.0000, 0.0000, 0.0000, -0.9273,-0.0000, -0.0000, -1.0000, -0.0106,-0.0000, -1.0000, 0.0000, 1.4744,0.0000, 0.0000, 0.0000, 1.0000///R_Middle2
R_Middle4__null///-1.0000, 0.0000, 0.0000, -0.9522,-0.0000, -0.0000, -1.0000, -0.0106,-0.0000, -1.0000, 0.0000, 1.4744,0.0000, 0.0000, 0.0000, 1.0000///R_Middle3
R_Index1///-1.0000, 0.0000, 0.0000, -0.8502,-0.0000, -0.0000, -1.0000, -0.0343,-0.0000, -1.0000, 0.0000, 1.4744,0.0000, 0.0000, 0.0000, 1.0000///R_FingerBase
R_Index2///-1.0000, 0.0000, 0.0000, -0.8963,-0.0000, -0.0000, -1.0000, -0.0343,-0.0000, -1.0000, 0.0000, 1.4744,0.0000, 0.0000, 0.0000, 1.0000///R_Index1
R_Index3///-1.0000, 0.0000, 0.0000, -0.9230,-0.0000, -0.0000, -1.0000, -0.0343,-0.0000, -1.0000, 0.0000, 1.4744,0.0000, 0.0000, 0.0000, 1.0000///R_Index2
R_Index4__null///-1.0000, 0.0000, 0.0000, -0.9480,-0.0000, -0.0000, -1.0000, -0.0343,-0.0000, -1.0000, 0.0000, 1.4744,0.0000, 0.0000, 0.0000, 1.0000///R_Index3
R_Thumb1///-0.8053, -0.2750, 0.5252, -0.7666,-0.5122, 0.7689, -0.3827, -0.0372,-0.2986, -0.5772, -0.7600, 1.4578,0.0000, 0.0000, 0.0000, 1.0000///R_FingerBase
R_Thumb2///-0.8053, -0.2750, 0.5252, -0.8101,-0.5122, 0.7689, -0.3827, -0.0649,-0.2986, -0.5772, -0.7600, 1.4417,0.0000, 0.0000, 0.0000, 1.0000///R_Thumb1
R_Thumb3///-0.8053, -0.2750, 0.5252, -0.8363,-0.5122, 0.7689, -0.3827, -0.0815,-0.2986, -0.5772, -0.7600, 1.4319,0.0000, 0.0000, 0.0000, 1.0000///R_Thumb2
R_Thumb4__null///-0.8053, -0.2750, 0.5252, -0.8564,-0.5122, 0.7689, -0.3827, -0.0943,-0.2986, -0.5772, -0.7600, 1.4245,0.0000, 0.0000, 0.0000, 1.0000///R_Thumb3
ATH_R_folding001///0.0000, 1.0000, -0.0000, -0.8296,-1.0000, 0.0000, 0.0000, 0.0000,0.0000, 0.0000, 1.0000, 1.4492,0.0000, 0.0000, 0.0000, 1.0000///R_Hand
ATH_R_folding002///0.0000, 1.0000, -0.0000, -0.8296,-1.0000, 0.0000, 0.0000, -0.6664,0.0000, 0.0000, 1.0000, 1.4492,0.0000, 0.0000, 0.0000, 1.0000///ATH_R_folding001
ATH_R_folding003///0.0000, 1.0000, -0.0000, -0.8296,-1.0000, 0.0000, 0.0000, -1.3328,0.0000, 0.0000, 1.0000, 1.4492,0.0000, 0.0000, 0.0000, 1.0000///ATH_R_folding002
ATH_R_folding004///0.0000, 1.0000, -0.0000, -0.8295,-1.0000, 0.0000, 0.0000, -1.5155,0.0000, 0.0000, 1.0000, 1.4492,0.0000, 0.0000, 0.0000, 1.0000///ATH_R_folding003
ATH_R_folding005///0.0000, 1.0000, -0.0000, -0.8295,-1.0000, 0.0000, 0.0000, -1.6983,0.0000, 0.0000, 1.0000, 1.4492,0.0000, 0.0000, 0.0000, 1.0000///ATH_R_folding004
ATH_R_folding006///0.0000, 1.0000, -0.0000, -0.8295,-1.0000, 0.0000, 0.0000, -1.8810,0.0000, 0.0000, 1.0000, 1.4492,0.0000, 0.0000, 0.0000, 1.0000///ATH_R_folding005
ATH_R_folding007__null///0.0000, 1.0000, -0.0000, -0.8295,-1.0000, 0.0000, 0.0000, -2.0638,0.0000, 0.0000, 1.0000, 1.4492,0.0000, 0.0000, 0.0000, 1.0000///ATH_R_folding006
HLP_R_ForeArm_Mid__offset///-1.0000, 0.0000, 0.0000, -0.6434,-0.0000, -0.0000, -1.0000, 0.0000,-0.0000, -1.0000, 0.0000, 1.4700,0.0000, 0.0000, 0.0000, 1.0000///R_ForeArm
HLP_R_ForeArm_Btm__offset///-1.0000, 0.0000, 0.0000, -0.7257,-0.0000, -0.0000, -1.0000, 0.0000,-0.0000, -1.0000, 0.0000, 1.4700,0.0000, 0.0000, 0.0000, 1.0000///R_ForeArm
HLP_R_Elbow__offset///-1.0000, -0.0000, 0.0000, -0.5096,-0.0000, 1.0000, -0.0000, 0.0276,-0.0000, -0.0000, -1.0000, 1.4700,0.0000, 0.0000, 0.0000, 1.0000///R_ForeArm
R_ForeArm_Slide__offset///-1.0000, 0.0000, 0.0000, -0.6204,-0.0000, -0.0000, -1.0000, 0.0000,-0.0000, -1.0000, 0.0000, 1.4700,0.0000, 0.0000, 0.0000, 1.0000///R_ForeArm
R_ForeArm__offset///-1.0000, -0.0000, 0.0000, -0.5097,-0.0000, 1.0000, -0.0000, 0.0000,-0.0000, -0.0000, -1.0000, 1.4700,0.0000, 0.0000, 0.0000, 1.0000///R_ForeArm
HLP_R_Arm_Top__offset///-1.0000, 0.0000, 0.0000, -0.2010,0.0000, 1.0000, -0.0000, -0.0000,-0.0000, 0.0000, -1.0000, 1.4700,0.0000, 0.0000, 0.0000, 1.0000///R_Arm
HLP_R_Arm_Mid__offset///-1.0000, 0.0000, 0.0000, -0.3449,0.0000, 1.0000, -0.0000, 0.0000,-0.0000, -0.0000, -1.0000, 1.4700,0.0000, 0.0000, 0.0000, 1.0000///R_Arm
R_Bicep_Slide__offset///-1.0000, 0.0000, 0.0000, -0.3650,0.0000, 1.0000, -0.0000, -0.0014,-0.0000, -0.0000, -1.0000, 1.4700,0.0000, 0.0000, 0.0000, 1.0000///R_Arm
R_Tricep_Slide__offset///-1.0000, 0.0000, 0.0000, -0.3650,0.0000, 1.0000, -0.0000, 0.0004,-0.0000, -0.0000, -1.0000, 1.4700,0.0000, 0.0000, 0.0000, 1.0000///R_Arm
R_Arm_Btm__offset///-1.0000, 0.0000, 0.0000, -0.5095,0.0000, 1.0000, -0.0000, 0.0000,-0.0000, -0.0000, -1.0000, 1.4700,0.0000, 0.0000, 0.0000, 1.0000///R_Arm
HLP_R_ShldrBlade__offset///-1.0000, 0.0000, 0.0000, -0.1446,0.0000, 1.0000, -0.0000, -0.0009,-0.0000, -0.0000, -1.0000, 1.4514,0.0000, 0.0000, 0.0000, 1.0000///R_Shoulder
HLP_R_Shldr_B__offset///-1.0000, 0.0000, 0.0000, -0.2008,0.0000, 1.0000, -0.0000, -0.0000,-0.0000, -0.0000, -1.0000, 1.4700,0.0000, 0.0000, 0.0000, 1.0000///R_Shoulder
HLP_L_CollarBone__offset///0.9687, -0.0002, 0.2483, 0.0098,0.2483, -0.0000, -0.9687, -0.0490,0.0002, 1.0000, -0.0000, 1.4700,0.0000, 0.0000, 0.0000, 1.0000///Spine2
HLP_L_Shldr_F__offset///0.9850, 0.1440, 0.0950, 0.1301,0.0936, 0.0167, -0.9955, -0.0411,-0.1449, 0.9894, 0.0030, 1.5230,0.0000, 0.0000, 0.0000, 1.0000///HLP_L_CollarBone__offset
L_Shldr_F1__null///0.9850, 0.1440, 0.0950, 0.2266,0.0936, 0.0167, -0.9955, -0.0319,-0.1449, 0.9894, 0.0030, 1.5088,0.0000, 0.0000, 0.0000, 1.0000///HLP_L_Shldr_F__offset
HLP_L_CollarBone_up__offset///0.9687, -0.0002, 0.2483, 0.0098,0.2483, -0.0000, -0.9687, -0.0489,0.0002, 1.0000, -0.0000, 1.4700,0.0000, 0.0000, 0.0000, 1.0000///HLP_L_CollarBone__offset
L_CollarBone1__null///0.9687, -0.0002, 0.2483, 0.1902,0.2483, -0.0000, -0.9687, -0.0028,0.0002, 1.0000, -0.0000, 1.4700,0.0000, 0.0000, 0.0000, 1.0000///HLP_L_CollarBone__offset
HLP_R_CollarBone__offset///-0.9687, -0.0002, -0.2483, -0.0098,0.2483, 0.0000, -0.9687, -0.0490,0.0002, -1.0000, -0.0000, 1.4700,0.0000, 0.0000, 0.0000, 1.0000///Spine2
HLP_R_Shldr_F__offset///-0.9850, -0.1440, 0.0950, -0.1301,0.0936, 0.0167, 0.9955, -0.0411,-0.1449, 0.9894, -0.0030, 1.5230,0.0000, 0.0000, 0.0000, 1.0000///HLP_R_CollarBone__offset
R_Shldr_F1__null///-0.9850, -0.1440, 0.0950, -0.2266,0.0936, 0.0167, 0.9955, -0.0319,-0.1449, 0.9894, -0.0030, 1.5088,0.0000, 0.0000, 0.0000, 1.0000///HLP_R_Shldr_F__offset
HLP_R_CollarBone_up__offset///-0.9687, -0.0002, -0.2483, -0.0098,0.2483, 0.0000, -0.9687, -0.0489,0.0002, -1.0000, -0.0000, 1.4700,0.0000, 0.0000, 0.0000, 1.0000///HLP_R_CollarBone__offset
R_CollarBone1__null///-0.9687, -0.0002, -0.2483, -0.1902,0.2483, 0.0000, -0.9687, -0.0027,0.0002, -1.0000, -0.0000, 1.4700,0.0000, 0.0000, 0.0000, 1.0000///HLP_R_CollarBone__offset
HLP_L_Pectoral__offset///0.9742, -0.2193, 0.0539, 0.0001,0.0526, -0.0118, -0.9985, -0.0186,0.2196, 0.9756, -0.0000, 1.3923,0.0000, 0.0000, 0.0000, 1.0000///Spine2
L_Pectoral__null///0.9742, -0.2193, 0.0539, 0.1910,0.0526, -0.0118, -0.9985, -0.0083,0.2196, 0.9756, -0.0000, 1.4353,0.0000, 0.0000, 0.0000, 1.0000///HLP_L_Pectoral__offset
HLP_L_Pectoral_side__offset///0.9742, -0.2193, 0.0539, 0.0037,0.0526, -0.0118, -0.9985, -0.0184,0.2196, 0.9756, -0.0000, 1.3932,0.0000, 0.0000, 0.0000, 1.0000///HLP_L_Pectoral__offset
HLP_R_Pectoral__offset///-0.9742, 0.2193, 0.0539, -0.0001,0.0526, -0.0118, 0.9985, -0.0186,0.2196, 0.9756, 0.0000, 1.3923,0.0000, 0.0000, 0.0000, 1.0000///Spine2
R_Pectoral__null///-0.9742, 0.2193, 0.0539, -0.1910,0.0526, -0.0118, 0.9985, -0.0083,0.2196, 0.9756, 0.0000, 1.4353,0.0000, 0.0000, 0.0000, 1.0000///HLP_R_Pectoral__offset
HLP_R_Pectoral_side__offset///-0.9742, 0.2193, 0.0539, -0.0037,0.0526, -0.0118, 0.9985, -0.0184,0.2196, 0.9756, 0.0000, 1.3932,0.0000, 0.0000, 0.0000, 1.0000///HLP_R_Pectoral__offset
Spine2__offset///-0.0000, 0.0000, 1.0000, -0.0000,0.0000, -1.0000, 0.0000, -0.0000,1.0000, 0.0000, 0.0000, 1.2543,0.0000, 0.0000, 0.0000, 1.0000///Spine2
Spine2_breast__offset///-0.0000, 0.0000, 1.0000, -0.0000,0.0000, -1.0000, 0.0000, 0.0001,1.0000, 0.0000, 0.0000, 1.2406,0.0000, 0.0000, 0.0000, 1.0000///Spine2__offset
Spine2up__offset///-0.0000, 0.0000, 1.0000, -0.0000,0.0000, -1.0000, 0.0000, -0.0000,1.0000, 0.0000, 0.0000, 1.2544,0.0000, 0.0000, 0.0000, 1.0000///Spine2__offset
Spine2side__offset///-0.0000, 0.0000, 1.0000, -0.0000,0.0000, -1.0000, 0.0000, -0.0000,1.0000, 0.0000, 0.0000, 1.2542,0.0000, 0.0000, 0.0000, 1.0000///Spine2
OPT0_bustL///0.3127, -0.0846, -0.9461, 0.0216,-0.9461, 0.0601, -0.3181, 0.0765,0.0838, 0.9946, -0.0612, 1.3210,0.0000, 0.0000, 0.0000, 1.0000///Spine2
OPT1_bustL///-0.3127, -0.0846, 0.9461, 0.1025,0.9461, 0.0601, 0.3181, -0.1682,-0.0838, 0.9946, 0.0612, 1.3426,0.0000, 0.0000, 0.0000, 1.0000///OPT0_bustL
OPT1_bustL_end///0.9983, -0.0464, 0.0341, 0.0794,0.0316, -0.0539, -0.9980, -0.0983,0.0482, 0.9975, -0.0523, 1.3364,0.0000, 0.0000, 0.0000, 1.0000///OPT1_bustL
OPT2_bustR///0.3127, -0.0845, -0.9461, -0.0214,0.9461, -0.0601, 0.3181, 0.0765,-0.0838, -0.9946, 0.0612, 1.3210,0.0000, 0.0000, 0.0000, 1.0000///Spine2
OPT3_bustR///-0.3127, -0.0845, 0.9461, -0.1023,-0.9461, -0.0601, -0.3181, -0.1682,0.0838, -0.9946, -0.0612, 1.3427,0.0000, 0.0000, 0.0000, 1.0000///OPT2_bustR
OPT1_bustR_end///0.9983, -0.0464, 0.0341, -0.0792,-0.0316, 0.0539, 0.9980, -0.0983,-0.0481, -0.9975, 0.0523, 1.3365,0.0000, 0.0000, 0.0000, 1.0000///OPT3_bustR
Spine1__offset///-0.0000, 0.0000, 1.0000, 0.0000,0.0000, -1.0000, 0.0000, 0.0000,1.0000, 0.0000, 0.0000, 1.1269,0.0000, 0.0000, 0.0000, 1.0000///Spine1
Spine1_front__offset///-0.0000, 0.0000, 1.0000, 0.0000,0.0000, -1.0000, 0.0000, 0.0000,1.0000, 0.0000, 0.0000, 1.1271,0.0000, 0.0000, 0.0000, 1.0000///Spine1
Hip///0.0000, -0.0000, 1.0000, 0.0000,0.0000, 1.0000, 0.0000, 0.0000,-1.0000, 0.0000, 0.0000, 1.1270,0.0000, 0.0000, 0.0000, 1.0000///BASE
L_UpLeg///0.0000, 0.0000, 1.0000, 0.0980,-0.0001, 1.0000, -0.0000, 0.0000,-1.0000, -0.0001, 0.0000, 0.9702,0.0000, 0.0000, 0.0000, 1.0000///Hip
L_Leg///0.0000, 0.0000, 1.0000, 0.0980,0.0001, 1.0000, -0.0000, -0.0000,-1.0000, 0.0001, 0.0000, 0.5390,0.0000, 0.0000, 0.0000, 1.0000///L_UpLeg
L_Foot///0.0000, 0.0000, 1.0000, 0.0980,0.0000, 1.0000, -0.0000, 0.0000,-1.0000, 0.0000, 0.0000, 0.1274,0.0000, 0.0000, 0.0000, 1.0000///L_Leg
L_Toe///-0.0000, 0.0000, 1.0000, 0.0980,-1.0000, 0.0000, -0.0000, -0.1500,-0.0000, -1.0000, 0.0000, 0.0296,0.0000, 0.0000, 0.0000, 1.0000///L_Foot
L_Toe1__null///-0.0000, 0.0000, 1.0000, 0.0980,-1.0000, 0.0000, -0.0000, -0.2774,-0.0000, -1.0000, 0.0000, 0.0296,0.0000, 0.0000, 0.0000, 1.0000///L_Toe
L_Toe__offset///-0.0000, 0.0000, 1.0000, 0.0980,-1.0000, 0.0000, -0.0000, -0.1501,-0.0000, -1.0000, 0.0000, 0.0296,0.0000, 0.0000, 0.0000, 1.0000///L_Toe
ATH_L_Toe_Btm///1.0000, 0.0000, -0.0000, 0.0980,-0.0000, 1.0000, -0.0000, -0.1568,0.0000, 0.0000, 1.0000, -0.0047,0.0000, 0.0000, 0.0000, 1.0000///L_Toe
L_Foot__offset///0.0000, 0.0000, 1.0000, 0.0980,0.0000, 1.0000, -0.0000, 0.0000,-1.0000, 0.0000, 0.0000, 0.1273,0.0000, 0.0000, 0.0000, 1.0000///L_Foot
L_Ankle__offset///0.0000, 0.0000, 1.0000, 0.0980,0.0000, 1.0000, -0.0000, 0.0000,-1.0000, 0.0000, 0.0000, 0.1275,0.0000, 0.0000, 0.0000, 1.0000///L_Foot
ATH_L_Foot_Btm///1.0000, 0.0000, -0.0000, 0.0980,-0.0000, 1.0000, -0.0000, 0.0000,0.0000, 0.0000, 1.0000, -0.0049,0.0000, 0.0000, 0.0000, 1.0000///L_Foot
L_Calf_Slide__offset///1.0000, -0.0000, -0.0000, 0.0980,-0.0000, -0.0001, -1.0000, -0.0000,0.0000, 1.0000, -0.0001, 0.3332,0.0000, 0.0000, 0.0000, 1.0000///L_Leg
L_Leg__offset///0.0000, 0.0000, 1.0000, 0.0980,0.0001, 1.0000, -0.0000, -0.0000,-1.0000, 0.0001, 0.0000, 0.5389,0.0000, 0.0000, 0.0000, 1.0000///L_Leg
HLP_L_Knee__offset///0.0000, 0.0000, 1.0000, 0.0980,0.0000, 1.0000, -0.0000, -0.0197,-1.0000, 0.0000, 0.0000, 0.5390,0.0000, 0.0000, 0.0000, 1.0000///L_UpLeg
HLP_L_UpLeg_Top__offset///0.0000, -0.0000, 1.0000, 0.0980,0.0000, 1.0000, 0.0000, 0.0000,-1.0000, 0.0000, 0.0000, 0.9703,0.0000, 0.0000, 0.0000, 1.0000///L_UpLeg
HLP_L_UpLeg_Mid__offset///0.0000, -0.0000, 1.0000, 0.0980,-0.0000, 1.0000, 0.0000, -0.0000,-1.0000, -0.0000, 0.0000, 0.7742,0.0000, 0.0000, 0.0000, 1.0000///L_UpLeg
L_Thigh_Slide__offset///1.0000, -0.0000, -0.0000, 0.0980,-0.0000, 0.0001, -1.0000, -0.0010,0.0000, 1.0000, 0.0001, 0.7546,0.0000, 0.0000, 0.0000, 1.0000///L_UpLeg
L_UpLeg__offset///0.0000, 0.0000, 1.0000, 0.0980,-0.0001, 1.0000, -0.0000, 0.0000,-1.0000, -0.0001, 0.0000, 0.9701,0.0000, 0.0000, 0.0000, 1.0000///L_UpLeg
R_UpLeg///0.0000, -0.0000, 1.0000, -0.0980,-0.0001, 1.0000, 0.0000, -0.0000,-1.0000, -0.0001, 0.0000, 0.9702,0.0000, 0.0000, 0.0000, 1.0000///Hip
R_Leg///0.0000, -0.0000, 1.0000, -0.0980,0.0001, 1.0000, 0.0000, -0.0000,-1.0000, 0.0001, 0.0000, 0.5390,0.0000, 0.0000, 0.0000, 1.0000///R_UpLeg
R_Foot///0.0013, -0.0000, 1.0000, -0.0980,0.0000, 1.0000, 0.0000, 0.0000,-1.0000, 0.0000, 0.0013, 0.1274,0.0000, 0.0000, 0.0000, 1.0000///R_Leg
R_Toe///0.0000, 0.0013, 1.0000, -0.0979,-1.0000, 0.0000, 0.0000, -0.1500,-0.0000, -1.0000, 0.0013, 0.0296,0.0000, 0.0000, 0.0000, 1.0000///R_Foot
R_Toe1__null///0.0000, 0.0013, 1.0000, -0.0979,-1.0000, 0.0000, 0.0000, -0.2774,-0.0000, -1.0000, 0.0013, 0.0296,0.0000, 0.0000, 0.0000, 1.0000///R_Toe
R_Toe__offset///-0.0000, 0.0013, 1.0000, -0.0979,-1.0000, 0.0000, -0.0000, -0.1501,-0.0000, -1.0000, 0.0013, 0.0296,0.0000, 0.0000, 0.0000, 1.0000///R_Toe
ATH_R_Toe_Btm///1.0000, 0.0000, -0.0000, -0.0978,-0.0000, 1.0000, -0.0000, -0.1568,0.0000, 0.0000, 1.0000, -0.0047,0.0000, 0.0000, 0.0000, 1.0000///R_Toe
R_Foot__offset///0.0013, -0.0000, 1.0000, -0.0980,0.0000, 1.0000, 0.0000, 0.0000,-1.0000, 0.0000, 0.0013, 0.1273,0.0000, 0.0000, 0.0000, 1.0000///R_Foot
R_Ankle__offset///-0.0013, 0.0000, 1.0000, -0.0980,-0.0000, -1.0000, 0.0000, 0.0000,1.0000, -0.0000, 0.0013, 0.1275,0.0000, 0.0000, 0.0000, 1.0000///R_Foot
ATH_R_Foot_Btm///1.0000, 0.0000, -0.0000, -0.0978,-0.0000, 1.0000, -0.0000, 0.0000,0.0000, 0.0000, 1.0000, -0.0049,0.0000, 0.0000, 0.0000, 1.0000///R_Foot
R_Calf_Slide__offset///1.0000, -0.0000, 0.0000, -0.0980,0.0000, -0.0001, -1.0000, -0.0000,0.0000, 1.0000, -0.0001, 0.3332,0.0000, 0.0000, 0.0000, 1.0000///R_Leg
R_Leg__offset///0.0000, -0.0000, 1.0000, -0.0980,0.0001, 1.0000, 0.0000, -0.0000,-1.0000, 0.0001, 0.0000, 0.5389,0.0000, 0.0000, 0.0000, 1.0000///R_Leg
HLP_R_Knee__offset///0.0000, -0.0000, 1.0000, -0.0980,0.0000, 1.0000, 0.0000, -0.0197,-1.0000, 0.0000, 0.0000, 0.5390,0.0000, 0.0000, 0.0000, 1.0000///R_UpLeg
HLP_R_UpLeg_Top__offset///0.0000, -0.0000, 1.0000, -0.0980,0.0000, 1.0000, 0.0000, -0.0000,-1.0000, 0.0000, 0.0000, 0.9703,0.0000, 0.0000, 0.0000, 1.0000///R_UpLeg
HLP_R_UpLeg_Mid__offset///0.0000, -0.0000, 1.0000, -0.0980,-0.0000, 1.0000, 0.0000, -0.0000,-1.0000, -0.0000, 0.0000, 0.7742,0.0000, 0.0000, 0.0000, 1.0000///R_UpLeg
R_Thigh_Slide__offset///1.0000, -0.0000, 0.0000, -0.0980,0.0000, 0.0001, -1.0000, -0.0010,0.0000, 1.0000, 0.0001, 0.7546,0.0000, 0.0000, 0.0000, 1.0000///R_UpLeg
R_UpLeg__offset///0.0000, -0.0000, 1.0000, -0.0980,-0.0001, 1.0000, 0.0000, -0.0000,-1.0000, -0.0001, 0.0000, 0.9701,0.0000, 0.0000, 0.0000, 1.0000///R_UpLeg
HLP_L_Butt__offset///0.0000, -0.0000, 1.0000, 0.0981,0.0000, 1.0000, 0.0000, 0.0001,-1.0000, 0.0000, 0.0000, 0.9701,0.0000, 0.0000, 0.0000, 1.0000///Hip
HLP_R_Butt__offset///0.0000, -0.0000, 1.0000, -0.0981,0.0000, 1.0000, 0.0000, 0.0001,-1.0000, 0.0000, 0.0000, 0.9701,0.0000, 0.0000, 0.0000, 1.0000///Hip
HLP_L_Inguinal__offset///-0.1165, -0.0101, -0.9931, 0.1637,0.0867, -0.9962, 0.0000, -0.0489,-0.9894, -0.0861, 0.1169, 1.0966,0.0000, 0.0000, 0.0000, 1.0000///Hip
L_Inguinal1__null///-0.1165, -0.0101, -0.9931, 0.1294,0.0867, -0.9962, 0.0000, -0.0234,-0.9894, -0.0861, 0.1169, 0.8057,0.0000, 0.0000, 0.0000, 1.0000///HLP_L_Inguinal__offset
HLP_R_Inguinal__offset///0.1165, 0.0101, -0.9931, -0.1637,0.0867, -0.9962, -0.0000, -0.0489,-0.9894, -0.0861, -0.1169, 1.0966,0.0000, 0.0000, 0.0000, 1.0000///Hip
R_Inguinal__null///0.1165, 0.0101, -0.9932, -0.1294,0.0867, -0.9962, -0.0000, -0.0234,-0.9894, -0.0861, -0.1169, 0.8057,0.0000, 0.0000, 0.0000, 1.0000///HLP_R_Inguinal__offset
Hip__offset///0.0000, -0.0000, 1.0000, 0.0000,0.0000, 1.0000, 0.0000, 0.0000,-1.0000, 0.0000, 0.0000, 1.1271,0.0000, 0.0000, 0.0000, 1.0000///Hip
Hip_front__offset///0.0000, -0.0000, 1.0000, 0.0000,0.0000, 1.0000, 0.0000, 0.0000,-1.0000, 0.0000, 0.0000, 1.1269,0.0000, 0.0000, 0.0000, 1.0000///Hip
ATH_cane///0.0000, -0.0000, 1.0000, -0.2194,0.0000, 1.0000, 0.0000, -0.0000,-1.0000, 0.0000, 0.0000, 1.0674,0.0000, 0.0000, 0.0000, 1.0000///Hip
EDIT__null///1.0000, -0.0000, -0.0000, 0.0014,0.0000, 1.0000, -0.0000, 0.0000,0.0000, 0.0000, 1.0000, -0.0000,0.0000, 0.0000, 0.0000, 1.0000///MODEL_00
Deform__null///1.0000, -0.0000, -0.0000, 0.0085,0.0000, 1.0000, -0.0000, 0.0015,0.0000, 0.0000, 1.0000, -0.0002,0.0000, 0.0000, 0.0000, 1.0000///EDIT__null
