MODEL_00///1.0000, 0.0000, 0.0000, 0.0000,0.0000, 1.0000, 0.0000, 0.0000,0.0000, 0.0000, 1.0000, 0.0000,0.0000, 0.0000, 0.0000, 1.0000///
BODY_SCALE__group///1.0000, 0.0000, 0.0000, 0.0000,0.0000, 0.0000, -1.0000, 0.0000,0.0000, 1.0000, 0.0000, 0.0000,0.0000, 0.0000, 0.0000, 1.0000///MODEL_00
Base///1.0000, 0.0000, 0.0000, 0.0000,0.0000, 0.0000, -1.0000, 0.0000,0.0000, 1.0000, 0.0000, 1.2075,0.0000, 0.0000, 0.0000, 1.0000///BODY_SCALE__group
Spine1///0.0000, -0.0000, 1.0000, 0.0000,-0.0000, -1.0000, -0.0000, 0.0000,1.0000, -0.0000, -0.0000, 1.2075,0.0000, 0.0000, 0.0000, 1.0000///Base
Spine2///0.0000, -0.0000, 1.0000, 0.0000,-0.0000, -1.0000, -0.0000, 0.0000,1.0000, 0.0000, -0.0000, 1.4122,0.0000, 0.0000, 0.0000, 1.0000///Spine1
Neck///0.0000, -0.0000, 1.0000, 0.0000,-0.0000, -1.0000, -0.0000, 0.0000,1.0000, 0.0000, -0.0000, 1.9005,0.0000, 0.0000, 0.0000, 1.0000///Spine2
HEAD///-0.0000, 1.0000, -0.0000, 0.0000,-1.0000, -0.0000, 0.0000, 0.0000,0.0000, 0.0000, 1.0000, 1.9792,0.0000, 0.0000, 0.0000, 1.0000///Neck
Head__offset///-0.0000, 1.0000, -0.0000, 0.0000,-1.0000, -0.0000, 0.0003, 0.0000,0.0003, 0.0000, 1.0000, 1.9794,0.0000, 0.0000, 0.0000, 1.0000///HEAD
ATH_Head_Top///1.0000, 0.0000, 0.0000, -0.0000,-0.0000, 1.0000, -0.0000, 0.0000,-0.0000, 0.0000, 1.0000, 2.1584,0.0000, 0.0000, 0.0000, 1.0000///HEAD
L_Mayu2_Joint///1.0000, 0.0000, -0.0000, 0.0331,-0.0000, 0.0000, -1.0000, -0.1219,-0.0000, 1.0000, 0.0000, 2.0487,0.0000, 0.0000, 0.0000, 1.0000///HEAD
L_Mayu3_Joint///1.0000, 0.0000, -0.0000, 0.0502,-0.0000, 0.0000, -1.0000, -0.1081,-0.0000, 1.0000, 0.0000, 2.0537,0.0000, 0.0000, 0.0000, 1.0000///HEAD
L_Mayu1_Joint///1.0000, 0.0000, -0.0000, 0.0147,-0.0000, 0.0000, -1.0000, -0.1244,-0.0000, 1.0000, 0.0000, 2.0423,0.0000, 0.0000, 0.0000, 1.0000///HEAD
R_Mayu3_Joint///1.0000, 0.0000, -0.0000, -0.0502,-0.0000, 0.0000, -1.0000, -0.1081,-0.0000, 1.0000, 0.0000, 2.0537,0.0000, 0.0000, 0.0000, 1.0000///HEAD
R_Mayu2_Joint///1.0000, 0.0000, -0.0000, -0.0331,-0.0000, 0.0000, -1.0000, -0.1219,-0.0000, 1.0000, 0.0000, 2.0487,0.0000, 0.0000, 0.0000, 1.0000///HEAD
R_Mayu1_Joint///1.0000, 0.0000, -0.0000, -0.0147,-0.0000, 0.0000, -1.0000, -0.1244,-0.0000, 1.0000, 0.0000, 2.0423,0.0000, 0.0000, 0.0000, 1.0000///HEAD
R_Eyecorner///1.0000, 0.0000, -0.0000, -0.0430,-0.0000, 0.0000, -1.0000, -0.1033,-0.0000, 1.0000, 0.0000, 2.0376,0.0000, 0.0000, 0.0000, 1.0000///HEAD
R_UwaMabuta_Joint///1.0000, 0.0000, -0.0000, -0.0288,-0.0000, 0.0000, -1.0000, -0.0946,-0.0000, 1.0000, 0.0000, 2.0381,0.0000, 0.0000, 0.0000, 1.0000///HEAD
R_UpEyelid1///1.0000, 0.0000, -0.0000, -0.0244,-0.0000, 0.0000, -1.0000, -0.1115,-0.0000, 1.0000, 0.0000, 2.0395,0.0000, 0.0000, 0.0000, 1.0000///R_UwaMabuta_Joint
R_UpEyelid2///1.0000, 0.0000, -0.0000, -0.0372,-0.0000, 0.0000, -1.0000, -0.1096,-0.0000, 1.0000, 0.0000, 2.0403,0.0000, 0.0000, 0.0000, 1.0000///R_UwaMabuta_Joint
L_UwaMabuta_Joint///1.0000, 0.0000, 0.0000, 0.0288,0.0000, -0.0000, -1.0000, -0.0946,-0.0000, 1.0000, -0.0000, 2.0381,0.0000, 0.0000, 0.0000, 1.0000///HEAD
L_UpEyelid2///1.0000, 0.0000, 0.0000, 0.0372,0.0000, -0.0000, -1.0000, -0.1096,-0.0000, 1.0000, -0.0000, 2.0403,0.0000, 0.0000, 0.0000, 1.0000///L_UwaMabuta_Joint
L_UpEyelid1///1.0000, 0.0000, 0.0000, 0.0244,0.0000, -0.0000, -1.0000, -0.1115,-0.0000, 1.0000, -0.0000, 2.0395,0.0000, 0.0000, 0.0000, 1.0000///L_UwaMabuta_Joint
L_Eyecorner///1.0000, 0.0000, -0.0000, 0.0430,-0.0000, 0.0000, -1.0000, -0.1033,-0.0000, 1.0000, 0.0000, 2.0376,0.0000, 0.0000, 0.0000, 1.0000///HEAD
L_Eye_Joint///1.0000, 0.0000, 0.0000, 0.0288,0.0000, -0.0000, -1.0000, -0.0934,-0.0000, 1.0000, -0.0000, 2.0390,0.0000, 0.0000, 0.0000, 1.0000///HEAD
R_Eye_Joint///1.0000, 0.0000, -0.0000, -0.0288,-0.0000, 0.0000, -1.0000, -0.0934,-0.0000, 1.0000, 0.0000, 2.0390,0.0000, 0.0000, 0.0000, 1.0000///HEAD
R_SitaMabuta_Joint///1.0000, 0.0000, -0.0000, -0.0288,-0.0000, 0.0000, -1.0000, -0.0946,-0.0000, 1.0000, 0.0000, 2.0378,0.0000, 0.0000, 0.0000, 1.0000///HEAD
R_LowEyelid1///1.0000, 0.0000, -0.0000, -0.0264,-0.0000, 0.0000, -1.0000, -0.1103,-0.0000, 1.0000, 0.0000, 2.0325,0.0000, 0.0000, 0.0000, 1.0000///R_SitaMabuta_Joint
R_LowEyelid2///1.0000, 0.0000, -0.0000, -0.0370,-0.0000, 0.0000, -1.0000, -0.1083,-0.0000, 1.0000, 0.0000, 2.0339,0.0000, 0.0000, 0.0000, 1.0000///R_SitaMabuta_Joint
L_SitaMabuta_Joint///1.0000, 0.0000, -0.0000, 0.0288,-0.0000, 0.0000, -1.0000, -0.0946,-0.0000, 1.0000, 0.0000, 2.0378,0.0000, 0.0000, 0.0000, 1.0000///HEAD
L_LowEyelid2///1.0000, 0.0000, -0.0000, 0.0370,-0.0000, 0.0000, -1.0000, -0.1083,-0.0000, 1.0000, 0.0000, 2.0339,0.0000, 0.0000, 0.0000, 1.0000///L_SitaMabuta_Joint
L_LowEyelid1///1.0000, 0.0000, -0.0000, 0.0264,-0.0000, 0.0000, -1.0000, -0.1103,-0.0000, 1.0000, 0.0000, 2.0325,0.0000, 0.0000, 0.0000, 1.0000///L_SitaMabuta_Joint
L_Hoho_Joint///1.0000, 0.0000, -0.0000, 0.0481,-0.0000, 0.0000, -1.0000, -0.0983,-0.0000, 1.0000, 0.0000, 2.0244,0.0000, 0.0000, 0.0000, 1.0000///HEAD
L_Hana_Joint///1.0000, 0.0000, -0.0000, 0.0123,-0.0000, 0.0000, -1.0000, -0.1169,-0.0000, 1.0000, 0.0000, 2.0219,0.0000, 0.0000, 0.0000, 1.0000///HEAD
R_Hana_Joint///1.0000, 0.0000, -0.0000, -0.0123,-0.0000, 0.0000, -1.0000, -0.1169,-0.0000, 1.0000, 0.0000, 2.0219,0.0000, 0.0000, 0.0000, 1.0000///HEAD
R_Hoho_Joint///1.0000, 0.0000, -0.0000, -0.0481,-0.0000, 0.0000, -1.0000, -0.0983,-0.0000, 1.0000, 0.0000, 2.0244,0.0000, 0.0000, 0.0000, 1.0000///HEAD
L_Kobana_Joint///1.0000, 0.0000, -0.0000, 0.0152,-0.0000, 0.0000, -1.0000, -0.1209,-0.0000, 1.0000, 0.0000, 2.0070,0.0000, 0.0000, 0.0000, 1.0000///HEAD
R_Kobana_Joint///1.0000, 0.0000, -0.0000, -0.0152,-0.0000, 0.0000, -1.0000, -0.1209,-0.0000, 1.0000, 0.0000, 2.0070,0.0000, 0.0000, 0.0000, 1.0000///HEAD
L_Chobo_Joint///1.0000, 0.0000, -0.0000, 0.0543,-0.0000, 0.0000, -1.0000, -0.0812,-0.0000, 1.0000, 0.0000, 1.9871,0.0000, 0.0000, 0.0000, 1.0000///HEAD
R_Chobo_Joint///1.0000, 0.0000, -0.0000, -0.0543,-0.0000, 0.0000, -1.0000, -0.0812,-0.0000, 1.0000, 0.0000, 1.9871,0.0000, 0.0000, 0.0000, 1.0000///HEAD
L_LipU_Joint///1.0000, 0.0000, -0.0000, 0.0174,-0.0000, 0.0000, -1.0000, -0.1166,-0.0000, 1.0000, 0.0000, 1.9748,0.0000, 0.0000, 0.0000, 1.0000///HEAD
R_LipU_Joint///1.0000, 0.0000, -0.0000, -0.0174,-0.0000, 0.0000, -1.0000, -0.1166,-0.0000, 1.0000, 0.0000, 1.9748,0.0000, 0.0000, 0.0000, 1.0000///HEAD
M_LipU_Joint///1.0000, 0.0000, -0.0000, 0.0000,-0.0000, 0.0000, -1.0000, -0.1217,-0.0000, 1.0000, 0.0000, 1.9760,0.0000, 0.0000, 0.0000, 1.0000///HEAD
Jaw_Joint///1.0000, 0.0000, -0.0000, -0.0000,-0.0000, 0.0000, -1.0000, -0.0486,-0.0000, 1.0000, 0.0000, 1.9801,0.0000, 0.0000, 0.0000, 1.0000///HEAD
L_LipD_Joint///1.0000, 0.0000, -0.0000, 0.0148,-0.0000, 0.0000, -1.0000, -0.1142,-0.0000, 1.0000, 0.0000, 1.9662,0.0000, 0.0000, 0.0000, 1.0000///Jaw_Joint
R_LipD_Joint///1.0000, 0.0000, -0.0000, -0.0148,-0.0000, 0.0000, -1.0000, -0.1143,-0.0000, 1.0000, 0.0000, 1.9662,0.0000, 0.0000, 0.0000, 1.0000///Jaw_Joint
M_LipD_Joint///1.0000, 0.0000, -0.0000, -0.0000,-0.0000, 0.0000, -1.0000, -0.1179,-0.0000, 1.0000, 0.0000, 1.9674,0.0000, 0.0000, 0.0000, 1.0000///Jaw_Joint
L_LipE_Joint///1.0000, 0.0000, -0.0000, 0.0259,-0.0000, 0.0000, -1.0000, -0.1083,-0.0000, 1.0000, 0.0000, 1.9687,0.0000, 0.0000, 0.0000, 1.0000///Jaw_Joint
R_LipE_Joint///1.0000, -0.0000, -0.0000, -0.0259,-0.0000, 0.0000, -1.0000, -0.1083,0.0000, 1.0000, -0.0000, 1.9687,0.0000, 0.0000, 0.0000, 1.0000///Jaw_Joint
Bero1_Joint///-0.0002, 0.0008, -1.0000, -0.0000,-0.9772, -0.2124, -0.0000, -0.0721,-0.2124, 0.9772, 0.0008, 1.9764,0.0000, 0.0000, 0.0000, 1.0000///Jaw_Joint
Bero1_Joint_pos///-0.0000, 0.0000, -1.0000, -0.0000,-0.9588, -0.2841, -0.0000, -0.0896,-0.2841, 0.9588, 0.0000, 1.9761,0.0000, 0.0000, 0.0000, 1.0000///Bero1_Joint
Bero2_Joint///-0.0000, 0.0000, -1.0000, -0.0000,-0.9588, -0.2841, -0.0000, -0.0896,-0.2841, 0.9588, 0.0000, 1.9761,0.0000, 0.0000, 0.0000, 1.0000///Bero1_Joint_pos
Bero3_Joint///-0.0000, 0.0000, -1.0000, -0.0000,-0.9588, -0.2841, -0.0000, -0.1076,-0.2841, 0.9588, 0.0000, 1.9708,0.0000, 0.0000, 0.0000, 1.0000///Bero2_Joint
Neck__offset///0.0000, -0.0000, 1.0000, 0.0000,-0.0000, -1.0000, -0.0000, 0.0000,1.0000, -0.0000, -0.0000, 1.9003,0.0000, 0.0000, 0.0000, 1.0000///Neck
Neck_back__offset///0.0000, -0.0000, 1.0000, 0.0000,-0.0000, -1.0000, -0.0000, 0.0000,1.0000, -0.0000, -0.0000, 1.9007,0.0000, 0.0000, 0.0000, 1.0000///Neck
L_Shoulder///1.0000, -0.0000, -0.0000, 0.1575,-0.0000, 0.0000, -1.0000, 0.0000,0.0000, 1.0000, -0.0000, 1.7587,0.0000, 0.0000, 0.0000, 1.0000///Spine2
L_Arm///1.0000, -0.0000, -0.0000, 0.4442,0.0000, 1.0000, 0.0000, 0.0000,0.0000, -0.0000, 1.0000, 1.7588,0.0000, 0.0000, 0.0000, 1.0000///L_Shoulder
L_ForeArm///1.0000, 0.0000, -0.0000, 0.8874,-0.0000, 1.0000, 0.0000, 0.0000,0.0000, -0.0000, 1.0000, 1.7588,0.0000, 0.0000, 0.0000, 1.0000///L_Arm
L_Hand///1.0000, -0.0000, -0.0000, 1.2271,-0.0000, 0.0000, -1.0000, 0.0000,0.0000, 1.0000, 0.0000, 1.7588,0.0000, 0.0000, 0.0000, 1.0000///L_ForeArm
L_FingerBase///1.0000, 0.0000, -0.0000, 1.2366,-0.0000, 0.0000, -1.0000, -0.0378,0.0000, 1.0000, 0.0000, 1.7588,0.0000, 0.0000, 0.0000, 1.0000///L_Hand
L_Middle///1.0000, 0.0000, -0.0000, 1.2366,-0.0000, 0.0000, -1.0000, -0.0189,0.0000, 1.0000, 0.0000, 1.7588,0.0000, 0.0000, 0.0000, 1.0000///L_FingerBase
L_Ring///1.0000, 0.0000, -0.0000, 1.2366,-0.0000, 0.0000, -1.0000, 0.0000,0.0000, 1.0000, 0.0000, 1.7588,0.0000, 0.0000, 0.0000, 1.0000///L_Middle
L_Pinky///1.0000, 0.0000, -0.0000, 1.2366,-0.0000, 0.0000, -1.0000, 0.0189,0.0000, 1.0000, 0.0000, 1.7588,0.0000, 0.0000, 0.0000, 1.0000///L_Ring
L_Pinky1///1.0000, -0.0000, -0.0000, 1.4311,-0.0000, 0.0000, -1.0000, 0.0727,0.0000, 1.0000, 0.0000, 1.7618,0.0000, 0.0000, 0.0000, 1.0000///L_Pinky
L_Pinky2///1.0000, -0.0000, -0.0000, 1.5218,-0.0000, 0.0000, -1.0000, 0.0727,0.0000, 1.0000, 0.0000, 1.7618,0.0000, 0.0000, 0.0000, 1.0000///L_Pinky1
L_Pinky3///1.0000, -0.0000, -0.0000, 1.5630,-0.0000, 0.0000, -1.0000, 0.0727,0.0000, 1.0000, 0.0000, 1.7618,0.0000, 0.0000, 0.0000, 1.0000///L_Pinky2
L_Pinky4__null///1.0000, -0.0000, -0.0000, 1.6197,-0.0000, 0.0000, -1.0000, 0.0727,0.0000, 1.0000, 0.0000, 1.7618,0.0000, 0.0000, 0.0000, 1.0000///L_Pinky3
L_Ring1///1.0000, -0.0000, -0.0000, 1.4562,-0.0000, 0.0000, -1.0000, 0.0271,0.0000, 1.0000, 0.0000, 1.7653,0.0000, 0.0000, 0.0000, 1.0000///L_Ring
L_Ring2///1.0000, -0.0000, -0.0000, 1.5567,-0.0000, 0.0000, -1.0000, 0.0271,0.0000, 1.0000, 0.0000, 1.7653,0.0000, 0.0000, 0.0000, 1.0000///L_Ring1
L_Ring3///1.0000, -0.0000, -0.0000, 1.6159,-0.0000, 0.0000, -1.0000, 0.0271,0.0000, 1.0000, 0.0000, 1.7653,0.0000, 0.0000, 0.0000, 1.0000///L_Ring2
L_Ring4__null///1.0000, -0.0000, -0.0000, 1.6726,-0.0000, 0.0000, -1.0000, 0.0271,0.0000, 1.0000, 0.0000, 1.7653,0.0000, 0.0000, 0.0000, 1.0000///L_Ring3
L_Middle1///1.0000, -0.0000, -0.0000, 1.4629,-0.0000, 0.0000, -1.0000, -0.0242,0.0000, 1.0000, 0.0000, 1.7688,0.0000, 0.0000, 0.0000, 1.0000///L_Middle
L_Middle2///1.0000, -0.0000, -0.0000, 1.5733,-0.0000, 0.0000, -1.0000, -0.0242,0.0000, 1.0000, 0.0000, 1.7688,0.0000, 0.0000, 0.0000, 1.0000///L_Middle1
L_Middle3///1.0000, -0.0000, -0.0000, 1.6378,-0.0000, 0.0000, -1.0000, -0.0242,0.0000, 1.0000, 0.0000, 1.7688,0.0000, 0.0000, 0.0000, 1.0000///L_Middle2
L_Middle4__null///1.0000, -0.0000, -0.0000, 1.6945,-0.0000, 0.0000, -1.0000, -0.0242,0.0000, 1.0000, 0.0000, 1.7688,0.0000, 0.0000, 0.0000, 1.0000///L_Middle3
L_Index1///1.0000, -0.0000, -0.0000, 1.4629,-0.0000, 0.0000, -1.0000, -0.0778,0.0000, 1.0000, 0.0000, 1.7688,0.0000, 0.0000, 0.0000, 1.0000///L_FingerBase
L_Index2///1.0000, -0.0000, -0.0000, 1.5676,-0.0000, 0.0000, -1.0000, -0.0778,0.0000, 1.0000, 0.0000, 1.7688,0.0000, 0.0000, 0.0000, 1.0000///L_Index1
L_Index3///1.0000, -0.0000, -0.0000, 1.6281,-0.0000, 0.0000, -1.0000, -0.0778,0.0000, 1.0000, 0.0000, 1.7688,0.0000, 0.0000, 0.0000, 1.0000///L_Index2
L_Index4__null///1.0000, -0.0000, -0.0000, 1.6848,-0.0000, 0.0000, -1.0000, -0.0778,0.0000, 1.0000, 0.0000, 1.7688,0.0000, 0.0000, 0.0000, 1.0000///L_Index3
L_Thumb1///0.8053, -0.2750, -0.5252, 1.2732,-0.5122, -0.7689, -0.3827, -0.0844,-0.2986, 0.5772, -0.7600, 1.7311,0.0000, 0.0000, 0.0000, 1.0000///L_FingerBase
L_Thumb2///0.8053, -0.2750, -0.5252, 1.3719,-0.5122, -0.7689, -0.3827, -0.1472,-0.2986, 0.5772, -0.7600, 1.6945,0.0000, 0.0000, 0.0000, 1.0000///L_Thumb1
L_Thumb3///0.8053, -0.2750, -0.5252, 1.4314,-0.5122, -0.7689, -0.3827, -0.1850,-0.2986, 0.5772, -0.7600, 1.6724,0.0000, 0.0000, 0.0000, 1.0000///L_Thumb2
L_Thumb4__null///0.8053, -0.2750, -0.5252, 1.4771,-0.5122, -0.7689, -0.3827, -0.2141,-0.2986, 0.5772, -0.7600, 1.6555,0.0000, 0.0000, 0.0000, 1.0000///L_Thumb3
HLP_L_ForeArm_Mid__offset///1.0000, -0.0000, -0.0000, 1.0794,-0.0000, 0.0000, -1.0000, 0.0001,0.0000, 1.0000, 0.0000, 1.7588,0.0000, 0.0000, 0.0000, 1.0000///L_ForeArm
HLP_L_ForeArm_Btm__offset///1.0000, -0.0000, -0.0000, 1.1976,-0.0000, 0.0000, -1.0000, 0.0000,0.0000, 1.0000, 0.0000, 1.7588,0.0000, 0.0000, 0.0000, 1.0000///L_ForeArm
HLP_L_Elbow__offset///1.0000, 0.0000, -0.0000, 0.8874,-0.0000, 1.0000, 0.0000, 0.0444,0.0000, -0.0000, 1.0000, 1.7588,0.0000, 0.0000, 0.0000, 1.0000///L_ForeArm
L_ForeArm_Slide__offset///1.0000, -0.0000, -0.0000, 1.0465,0.0000, 1.0000, 0.0000, 0.0001,0.0000, -0.0000, 1.0000, 1.7588,0.0000, 0.0000, 0.0000, 1.0000///L_ForeArm
L_ForeArm__offset///1.0000, 0.0000, -0.0000, 0.8875,-0.0000, 1.0000, 0.0000, 0.0000,0.0000, -0.0000, 1.0000, 1.7588,0.0000, 0.0000, 0.0000, 1.0000///L_ForeArm
HLP_L_Arm_Top__offset///1.0000, 0.0000, -0.0000, 0.4443,0.0000, 1.0000, 0.0000, 0.0000,0.0000, 0.0000, 1.0000, 1.7588,0.0000, 0.0000, 0.0000, 1.0000///L_Arm
HLP_L_Arm_Mid__offset///1.0000, -0.0000, -0.0000, 0.6508,0.0000, 1.0000, 0.0000, 0.0000,0.0000, -0.0000, 1.0000, 1.7588,0.0000, 0.0000, 0.0000, 1.0000///L_Arm
L_Bicep_Slide__offset///1.0000, -0.0000, -0.0000, 0.6798,0.0000, 1.0000, 0.0000, -0.0023,0.0000, -0.0000, 1.0000, 1.7588,0.0000, 0.0000, 0.0000, 1.0000///L_Arm
L_Tricep_Slide__offset///1.0000, -0.0000, -0.0000, 0.6798,0.0000, 1.0000, 0.0000, 0.0007,0.0000, -0.0000, 1.0000, 1.7588,0.0000, 0.0000, 0.0000, 1.0000///L_Arm
L_Arm_Btm__offset///1.0000, -0.0000, -0.0000, 0.8872,0.0000, 1.0000, 0.0000, 0.0000,0.0000, -0.0000, 1.0000, 1.7588,0.0000, 0.0000, 0.0000, 1.0000///L_Arm
HLP_L_ShldrBlade__offset///1.0000, -0.0000, -0.0000, 0.2325,0.0000, 1.0000, 0.0000, -0.0014,0.0000, -0.0000, 1.0000, 1.7288,0.0000, 0.0000, 0.0000, 1.0000///L_Shoulder
HLP_L_Shldr_B__offset///1.0000, -0.0000, -0.0000, 0.4439,0.0000, 1.0000, 0.0000, 0.0000,0.0000, -0.0000, 1.0000, 1.7588,0.0000, 0.0000, 0.0000, 1.0000///L_Shoulder
R_Shoulder///-1.0000, -0.0000, -0.0000, -0.1575,0.0000, 0.0000, -1.0000, 0.0000,0.0000, -1.0000, -0.0000, 1.7587,0.0000, 0.0000, 0.0000, 1.0000///Spine2
R_Arm///-1.0000, 0.0000, 0.0000, -0.4441,0.0000, 1.0000, -0.0000, 0.0000,-0.0000, -0.0000, -1.0000, 1.7588,0.0000, 0.0000, 0.0000, 1.0000///R_Shoulder
R_ForeArm///-1.0000, -0.0000, 0.0000, -0.8874,-0.0000, 1.0000, -0.0000, 0.0000,-0.0000, -0.0000, -1.0000, 1.7587,0.0000, 0.0000, 0.0000, 1.0000///R_Arm
R_Hand///-1.0000, 0.0000, 0.0000, -1.2271,-0.0000, -0.0000, -1.0000, 0.0000,0.0000, -1.0000, 0.0000, 1.7587,0.0000, 0.0000, 0.0000, 1.0000///R_ForeArm
R_FingerBase///-1.0000, -0.0000, 0.0000, -1.2366,-0.0000, -0.0000, -1.0000, -0.0378,0.0000, -1.0000, 0.0000, 1.7587,0.0000, 0.0000, 0.0000, 1.0000///R_Hand
R_Middle///-1.0000, -0.0000, 0.0000, -1.2366,-0.0000, -0.0000, -1.0000, -0.0189,0.0000, -1.0000, 0.0000, 1.7587,0.0000, 0.0000, 0.0000, 1.0000///R_FingerBase
R_Ring///-1.0000, -0.0000, 0.0000, -1.2366,-0.0000, -0.0000, -1.0000, 0.0000,0.0000, -1.0000, 0.0000, 1.7587,0.0000, 0.0000, 0.0000, 1.0000///R_Middle
R_Pinky///-1.0000, -0.0000, 0.0000, -1.2366,-0.0000, -0.0000, -1.0000, 0.0189,0.0000, -1.0000, 0.0000, 1.7587,0.0000, 0.0000, 0.0000, 1.0000///R_Ring
R_Pinky1///-1.0000, 0.0000, 0.0000, -1.4311,-0.0000, -0.0000, -1.0000, 0.0727,0.0000, -1.0000, 0.0000, 1.7617,0.0000, 0.0000, 0.0000, 1.0000///R_Pinky
R_Pinky2///-1.0000, 0.0000, 0.0000, -1.5218,-0.0000, -0.0000, -1.0000, 0.0727,0.0000, -1.0000, 0.0000, 1.7617,0.0000, 0.0000, 0.0000, 1.0000///R_Pinky1
R_Pinky3///-1.0000, 0.0000, 0.0000, -1.5630,-0.0000, -0.0000, -1.0000, 0.0727,0.0000, -1.0000, 0.0000, 1.7617,0.0000, 0.0000, 0.0000, 1.0000///R_Pinky2
R_Pinky4__null///-1.0000, 0.0000, 0.0000, -1.6197,-0.0000, -0.0000, -1.0000, 0.0727,0.0000, -1.0000, 0.0000, 1.7617,0.0000, 0.0000, 0.0000, 1.0000///R_Pinky3
R_Ring1///-1.0000, 0.0000, 0.0000, -1.4562,-0.0000, -0.0000, -1.0000, 0.0271,0.0000, -1.0000, 0.0000, 1.7653,0.0000, 0.0000, 0.0000, 1.0000///R_Ring
R_Ring2///-1.0000, 0.0000, 0.0000, -1.5567,-0.0000, -0.0000, -1.0000, 0.0271,0.0000, -1.0000, 0.0000, 1.7653,0.0000, 0.0000, 0.0000, 1.0000///R_Ring1
R_Ring3///-1.0000, 0.0000, 0.0000, -1.6159,-0.0000, -0.0000, -1.0000, 0.0271,0.0000, -1.0000, 0.0000, 1.7653,0.0000, 0.0000, 0.0000, 1.0000///R_Ring2
R_Ring4__null///-1.0000, 0.0000, 0.0000, -1.6726,-0.0000, -0.0000, -1.0000, 0.0271,0.0000, -1.0000, 0.0000, 1.7653,0.0000, 0.0000, 0.0000, 1.0000///R_Ring3
R_Middle1///-1.0000, 0.0000, 0.0000, -1.4629,-0.0000, -0.0000, -1.0000, -0.0242,0.0000, -1.0000, 0.0000, 1.7688,0.0000, 0.0000, 0.0000, 1.0000///R_Middle
R_Middle2///-1.0000, 0.0000, 0.0000, -1.5733,-0.0000, -0.0000, -1.0000, -0.0242,0.0000, -1.0000, 0.0000, 1.7688,0.0000, 0.0000, 0.0000, 1.0000///R_Middle1
R_Middle3///-1.0000, 0.0000, 0.0000, -1.6378,-0.0000, -0.0000, -1.0000, -0.0242,0.0000, -1.0000, 0.0000, 1.7688,0.0000, 0.0000, 0.0000, 1.0000///R_Middle2
R_Middle4__null///-1.0000, 0.0000, 0.0000, -1.6945,-0.0000, -0.0000, -1.0000, -0.0242,0.0000, -1.0000, 0.0000, 1.7688,0.0000, 0.0000, 0.0000, 1.0000///R_Middle3
R_Index1///-1.0000, 0.0000, 0.0000, -1.4629,-0.0000, -0.0000, -1.0000, -0.0778,0.0000, -1.0000, 0.0000, 1.7688,0.0000, 0.0000, 0.0000, 1.0000///R_FingerBase
R_Index2///-1.0000, 0.0000, 0.0000, -1.5676,-0.0000, -0.0000, -1.0000, -0.0778,0.0000, -1.0000, 0.0000, 1.7688,0.0000, 0.0000, 0.0000, 1.0000///R_Index1
R_Index3///-1.0000, 0.0000, 0.0000, -1.6281,-0.0000, -0.0000, -1.0000, -0.0778,0.0000, -1.0000, 0.0000, 1.7688,0.0000, 0.0000, 0.0000, 1.0000///R_Index2
R_Index4__null///-1.0000, 0.0000, 0.0000, -1.6848,-0.0000, -0.0000, -1.0000, -0.0778,0.0000, -1.0000, 0.0000, 1.7688,0.0000, 0.0000, 0.0000, 1.0000///R_Index3
R_Thumb1///-0.8053, -0.2750, 0.5252, -1.2732,-0.5122, 0.7689, -0.3827, -0.0844,-0.2986, -0.5772, -0.7601, 1.7311,0.0000, 0.0000, 0.0000, 1.0000///R_FingerBase
R_Thumb2///-0.8053, -0.2750, 0.5252, -1.3719,-0.5122, 0.7689, -0.3827, -0.1472,-0.2986, -0.5772, -0.7601, 1.6945,0.0000, 0.0000, 0.0000, 1.0000///R_Thumb1
R_Thumb3///-0.8053, -0.2750, 0.5252, -1.4314,-0.5122, 0.7689, -0.3827, -0.1850,-0.2986, -0.5772, -0.7601, 1.6724,0.0000, 0.0000, 0.0000, 1.0000///R_Thumb2
R_Thumb4__null///-0.8053, -0.2750, 0.5252, -1.4771,-0.5122, 0.7689, -0.3827, -0.2141,-0.2986, -0.5772, -0.7601, 1.6555,0.0000, 0.0000, 0.0000, 1.0000///R_Thumb3
HLP_R_ForeArm_Mid__offset///-1.0000, 0.0000, 0.0000, -1.0794,-0.0000, -0.0000, -1.0000, 0.0001,-0.0000, -1.0000, 0.0000, 1.7588,0.0000, 0.0000, 0.0000, 1.0000///R_ForeArm
HLP_R_ForeArm_Btm__offset///-1.0000, 0.0000, 0.0000, -1.1976,-0.0000, -0.0000, -1.0000, 0.0000,0.0000, -1.0000, 0.0000, 1.7587,0.0000, 0.0000, 0.0000, 1.0000///R_ForeArm
HLP_R_Elbow__offset///-1.0000, -0.0000, 0.0000, -0.8874,-0.0000, 1.0000, -0.0000, 0.0444,-0.0000, -0.0000, -1.0000, 1.7588,0.0000, 0.0000, 0.0000, 1.0000///R_ForeArm
R_ForeArm_Slide__offset///-1.0000, 0.0000, 0.0000, -1.0465,-0.0000, -0.0000, -1.0000, 0.0001,-0.0000, -1.0000, 0.0000, 1.7588,0.0000, 0.0000, 0.0000, 1.0000///R_ForeArm
R_ForeArm__offset///-1.0000, -0.0000, 0.0000, -0.8875,-0.0000, 1.0000, -0.0000, 0.0000,-0.0000, -0.0000, -1.0000, 1.7587,0.0000, 0.0000, 0.0000, 1.0000///R_ForeArm
HLP_R_Arm_Top__offset///-1.0000, 0.0000, -0.0000, -0.4443,0.0000, 1.0000, 0.0000, 0.0000,0.0000, 0.0000, -1.0000, 1.7588,0.0000, 0.0000, 0.0000, 1.0000///R_Arm
HLP_R_Arm_Mid__offset///-1.0000, 0.0000, 0.0000, -0.6508,0.0000, 1.0000, -0.0000, 0.0000,-0.0000, -0.0000, -1.0000, 1.7587,0.0000, 0.0000, 0.0000, 1.0000///R_Arm
R_Bicep_Slide__offset///-1.0000, 0.0000, 0.0000, -0.6798,0.0000, 1.0000, -0.0000, -0.0023,-0.0000, -0.0000, -1.0000, 1.7588,0.0000, 0.0000, 0.0000, 1.0000///R_Arm
R_Tricep_Slide__offset///-1.0000, 0.0000, 0.0000, -0.6798,0.0000, 1.0000, -0.0000, 0.0007,-0.0000, -0.0000, -1.0000, 1.7588,0.0000, 0.0000, 0.0000, 1.0000///R_Arm
R_Arm_Btm__offset///-1.0000, 0.0000, 0.0000, -0.8872,0.0000, 1.0000, -0.0000, 0.0000,-0.0000, -0.0000, -1.0000, 1.7587,0.0000, 0.0000, 0.0000, 1.0000///R_Arm
HLP_R_ShldrBlade__offset///-1.0000, 0.0000, 0.0000, -0.2325,0.0000, 1.0000, -0.0000, -0.0014,-0.0000, -0.0000, -1.0000, 1.7288,0.0000, 0.0000, 0.0000, 1.0000///R_Shoulder
HLP_R_Shldr_B__offset///-1.0000, 0.0000, 0.0000, -0.4439,0.0000, 1.0000, -0.0000, 0.0000,-0.0000, -0.0000, -1.0000, 1.7588,0.0000, 0.0000, 0.0000, 1.0000///R_Shoulder
HLP_L_CollarBone__offset///0.9835, -0.0001, 0.1807, 0.0157,0.1807, -0.0000, -0.9835, -0.0787,0.0001, 1.0000, -0.0000, 1.7587,0.0000, 0.0000, 0.0000, 1.0000///Spine2
HLP_L_Shldr_F__offset///0.9797, 0.1298, 0.1529, 0.2128,0.1519, 0.0174, -0.9882, -0.0973,-0.1309, 0.9914, -0.0027, 1.8723,0.0000, 0.0000, 0.0000, 1.0000///HLP_L_CollarBone__offset
L_Shldr_F1__null///0.9797, 0.1298, 0.1529, 0.3671,0.1519, 0.0174, -0.9882, -0.0734,-0.1309, 0.9914, -0.0027, 1.8517,0.0000, 0.0000, 0.0000, 1.0000///HLP_L_Shldr_F__offset
HLP_L_CollarBone_up__offset///0.9835, -0.0001, 0.1807, 0.0157,0.1807, -0.0000, -0.9835, -0.0785,0.0001, 1.0000, -0.0000, 1.7587,0.0000, 0.0000, 0.0000, 1.0000///HLP_L_CollarBone__offset
L_CollarBone1__null///0.9835, -0.0001, 0.1807, 0.3101,0.1807, -0.0000, -0.9835, -0.0246,0.0001, 1.0000, 0.0000, 1.7587,0.0000, 0.0000, 0.0000, 1.0000///HLP_L_CollarBone__offset
HLP_R_CollarBone__offset///-0.9835, -0.0001, -0.1808, -0.0157,0.1808, 0.0000, -0.9835, -0.0787,0.0001, -1.0000, 0.0000, 1.7587,0.0000, 0.0000, 0.0000, 1.0000///Spine2
HLP_R_Shldr_F__offset///-0.9797, -0.1298, 0.1529, -0.2128,0.1520, 0.0174, 0.9882, -0.0973,-0.1309, 0.9914, 0.0027, 1.8723,0.0000, 0.0000, 0.0000, 1.0000///HLP_R_CollarBone__offset
R_Shldr_F1__null///-0.9797, -0.1298, 0.1529, -0.3671,0.1520, 0.0174, 0.9882, -0.0734,-0.1309, 0.9914, 0.0027, 1.8517,0.0000, 0.0000, 0.0000, 1.0000///HLP_R_Shldr_F__offset
HLP_R_CollarBone_up__offset///-0.9835, -0.0001, -0.1808, -0.0157,0.1808, 0.0000, -0.9835, -0.0785,0.0001, -1.0000, 0.0000, 1.7587,0.0000, 0.0000, 0.0000, 1.0000///HLP_R_CollarBone__offset
R_CollarBone1__null///-0.9835, -0.0001, -0.1808, -0.3101,0.1808, 0.0000, -0.9835, -0.0246,0.0001, -1.0000, 0.0000, 1.7587,0.0000, 0.0000, 0.0000, 1.0000///HLP_R_CollarBone__offset
HLP_L_Pectoral__offset///0.9811, -0.1881, 0.0459, 0.0002,0.0451, -0.0087, -0.9989, -0.0299,0.1883, 0.9821, 0.0000, 1.6339,0.0000, 0.0000, 0.0000, 1.0000///Spine2
L_Pectoral__null///0.9811, -0.1881, 0.0459, 0.3092,0.0451, -0.0087, -0.9989, -0.0157,0.1883, 0.9821, 0.0000, 1.6932,0.0000, 0.0000, 0.0000, 1.0000///HLP_L_Pectoral__offset
HLP_L_Pectoral_side__offset///0.9811, -0.1881, 0.0459, 0.0001,0.0451, -0.0087, -0.9989, -0.0299,0.1883, 0.9821, 0.0000, 1.6340,0.0000, 0.0000, 0.0000, 1.0000///HLP_L_Pectoral__offset
HLP_R_Pectoral__offset///-0.9811, 0.1881, 0.0459, -0.0002,0.0451, -0.0087, 0.9989, -0.0299,0.1883, 0.9821, -0.0000, 1.6339,0.0000, 0.0000, 0.0000, 1.0000///Spine2
R_Pectoral__null///-0.9811, 0.1881, 0.0459, -0.3092,0.0451, -0.0087, 0.9989, -0.0157,0.1883, 0.9821, -0.0000, 1.6932,0.0000, 0.0000, 0.0000, 1.0000///HLP_R_Pectoral__offset
HLP_R_Pectoral_side__offset///-0.9811, 0.1881, 0.0459, -0.0001,0.0451, -0.0087, 0.9989, -0.0299,0.1883, 0.9821, -0.0000, 1.6340,0.0000, 0.0000, 0.0000, 1.0000///HLP_R_Pectoral__offset
Spine2__offset///0.0000, -0.0000, 1.0000, 0.0000,-0.0000, -1.0000, -0.0000, 0.0000,1.0000, 0.0000, -0.0000, 1.4121,0.0000, 0.0000, 0.0000, 1.0000///Spine2
Spine2_breast__offset///0.0000, -0.0000, 1.0000, 0.0000,-0.0000, -1.0000, -0.0000, 0.0002,1.0000, 0.0000, -0.0000, 1.4435,0.0000, 0.0000, 0.0000, 1.0000///Spine2__offset
Spine2up__offset///0.0000, -0.0000, 1.0000, 0.0000,-0.0000, -1.0000, -0.0000, 0.0000,1.0000, 0.0000, -0.0000, 1.4122,0.0000, 0.0000, 0.0000, 1.0000///Spine2__offset
Spine2side__offset///0.0000, -0.0000, 1.0000, 0.0000,-0.0000, -1.0000, -0.0000, 0.0000,1.0000, 0.0000, -0.0000, 1.4119,0.0000, 0.0000, 0.0000, 1.0000///Spine2
OPT0_bustL///0.3127, -0.0846, -0.9461, 0.0347,-0.9461, 0.0601, -0.3181, 0.1229,0.0838, 0.9946, -0.0612, 1.5192,0.0000, 0.0000, 0.0000, 1.0000///Spine2
OPT1_bustL///-0.3127, -0.0846, 0.9461, 0.1647,0.9461, 0.0601, 0.3181, -0.2704,-0.0838, 0.9946, 0.0612, 1.5541,0.0000, 0.0000, 0.0000, 1.0000///OPT0_bustL
OPT1_bustL_end///0.9983, -0.0464, 0.0341, 0.1275,0.0316, -0.0539, -0.9980, -0.1580,0.0482, 0.9975, -0.0523, 1.5441,0.0000, 0.0000, 0.0000, 1.0000///OPT1_bustL
OPT2_bustR///0.3127, -0.0845, -0.9461, -0.0344,0.9461, -0.0601, 0.3181, 0.1229,-0.0838, -0.9946, 0.0612, 1.5193,0.0000, 0.0000, 0.0000, 1.0000///Spine2
OPT3_bustR///-0.3127, -0.0845, 0.9461, -0.1644,-0.9461, -0.0601, -0.3181, -0.2704,0.0838, -0.9946, -0.0612, 1.5541,0.0000, 0.0000, 0.0000, 1.0000///OPT2_bustR
OPT1_bustR_end///0.9983, -0.0464, 0.0341, -0.1272,-0.0316, 0.0539, 0.9980, -0.1580,-0.0481, -0.9975, 0.0523, 1.5441,0.0000, 0.0000, 0.0000, 1.0000///OPT3_bustR
Spine1__offset///0.0000, -0.0000, 1.0000, 0.0000,-0.0000, -1.0000, -0.0000, 0.0000,1.0000, 0.0000, -0.0000, 1.2073,0.0000, 0.0000, 0.0000, 1.0000///Spine1
Spine1_front__offset///0.0000, -0.0000, 1.0000, 0.0000,-0.0000, -1.0000, -0.0000, 0.0000,1.0000, 0.0000, -0.0000, 1.2077,0.0000, 0.0000, 0.0000, 1.0000///Spine1
Hip///-0.0000, -0.0000, 1.0000, 0.0000,-0.0000, 1.0000, 0.0000, 0.0000,-1.0000, 0.0000, -0.0000, 1.2075,0.0000, 0.0000, 0.0000, 1.0000///Base
L_UpLeg///0.0000, 0.0000, 1.0000, 0.1050,-0.0001, 1.0000, -0.0000, -0.0000,-1.0000, -0.0001, 0.0000, 1.0395,0.0000, 0.0000, 0.0000, 1.0000///Hip
L_Leg///0.0000, 0.0000, 1.0000, 0.1050,0.0001, 1.0000, -0.0000, -0.0000,-1.0000, 0.0001, 0.0000, 0.5775,0.0000, 0.0000, 0.0000, 1.0000///L_UpLeg
L_Foot///0.0000, 0.0000, 1.0000, 0.1050,0.0000, 1.0000, -0.0000, -0.0000,-1.0000, 0.0000, 0.0000, 0.1365,0.0000, 0.0000, 0.0000, 1.0000///L_Leg
L_Toe///-0.0000, 0.0000, 1.0000, 0.1050,-1.0000, 0.0000, -0.0000, -0.1607,-0.0000, -1.0000, 0.0000, 0.0317,0.0000, 0.0000, 0.0000, 1.0000///L_Foot
L_Toe1__null///-0.0000, 0.0000, 1.0000, 0.1050,-1.0000, 0.0000, -0.0000, -0.2972,-0.0000, -1.0000, 0.0000, 0.0317,0.0000, 0.0000, 0.0000, 1.0000///L_Toe
L_Toe__offset///-0.0000, 0.0000, 1.0000, 0.1050,-1.0000, 0.0000, -0.0000, -0.1954,-0.0000, -1.0000, 0.0000, 0.0317,0.0000, 0.0000, 0.0000, 1.0000///L_Toe
ATH_L_Toe_Btm///1.0000, 0.0000, -0.0000, 0.1050,-0.0000, 1.0000, -0.0000, -0.1680,0.0000, 0.0000, 1.0000, -0.0050,0.0000, 0.0000, 0.0000, 1.0000///L_Toe
L_Foot__offset///0.0000, 0.0000, 1.0000, 0.1050,0.0000, 1.0000, -0.0000, -0.0000,-1.0000, 0.0000, 0.0000, 0.1364,0.0000, 0.0000, 0.0000, 1.0000///L_Foot
L_Ankle__offset///0.0000, 0.0000, 1.0000, 0.1050,0.0000, 1.0000, -0.0000, -0.0000,-1.0000, 0.0000, 0.0000, 0.1366,0.0000, 0.0000, 0.0000, 1.0000///L_Foot
ATH_L_Foot_Btm///1.0000, 0.0000, -0.0000, 0.1050,-0.0000, 1.0000, -0.0000, -0.0000,0.0000, 0.0000, 1.0000, -0.0052,0.0000, 0.0000, 0.0000, 1.0000///L_Foot
L_Calf_Slide__offset///1.0000, -0.0000, -0.0000, 0.1050,-0.0000, -0.0001, -1.0000, -0.0000,0.0000, 1.0000, -0.0001, 0.3570,0.0000, 0.0000, 0.0000, 1.0000///L_Leg
L_Leg__offset///0.0000, 0.0000, 1.0000, 0.1050,0.0001, 1.0000, -0.0000, -0.0000,-1.0000, 0.0001, 0.0000, 0.5774,0.0000, 0.0000, 0.0000, 1.0000///L_Leg
HLP_L_Knee__offset///0.0000, 0.0000, 1.0000, 0.1050,0.0000, 1.0000, -0.0000, -0.0211,-1.0000, 0.0000, 0.0000, 0.5775,0.0000, 0.0000, 0.0000, 1.0000///L_UpLeg
HLP_L_UpLeg_Top__offset///-0.0000, 0.0000, 1.0000, 0.1050,0.0000, 1.0000, 0.0000, -0.0000,-1.0000, 0.0000, -0.0000, 1.0396,0.0000, 0.0000, 0.0000, 1.0000///L_UpLeg
HLP_L_UpLeg_Mid__offset///0.0000, 0.0000, 1.0000, 0.1050,-0.0000, 1.0000, -0.0000, -0.0000,-1.0000, -0.0000, 0.0000, 0.8295,0.0000, 0.0000, 0.0000, 1.0000///L_UpLeg
L_Thigh_Slide__offset///1.0000, -0.0000, -0.0000, 0.1050,-0.0000, 0.0001, -1.0000, -0.0011,0.0000, 1.0000, 0.0001, 0.8085,0.0000, 0.0000, 0.0000, 1.0000///L_UpLeg
L_UpLeg__offset///0.0000, 0.0000, 1.0000, 0.1050,-0.0001, 1.0000, -0.0000, -0.0000,-1.0000, -0.0001, 0.0000, 1.0394,0.0000, 0.0000, 0.0000, 1.0000///L_UpLeg
R_UpLeg///0.0000, 0.0000, 1.0000, -0.1050,-0.0001, 1.0000, -0.0000, -0.0000,-1.0000, -0.0001, 0.0000, 1.0395,0.0000, 0.0000, 0.0000, 1.0000///Hip
R_Leg///0.0000, 0.0000, 1.0000, -0.1050,0.0001, 1.0000, -0.0000, -0.0000,-1.0000, 0.0001, 0.0000, 0.5775,0.0000, 0.0000, 0.0000, 1.0000///R_UpLeg
R_Foot///0.0013, 0.0000, 1.0000, -0.1050,0.0000, 1.0000, -0.0000, -0.0000,-1.0000, 0.0000, 0.0013, 0.1365,0.0000, 0.0000, 0.0000, 1.0000///R_Leg
R_Toe///-0.0000, 0.0013, 1.0000, -0.1049,-1.0000, 0.0000, -0.0000, -0.1607,-0.0000, -1.0000, 0.0013, 0.0317,0.0000, 0.0000, 0.0000, 1.0000///R_Foot
R_Toe1__null///-0.0000, 0.0013, 1.0000, -0.1049,-1.0000, 0.0000, -0.0000, -0.2972,-0.0000, -1.0000, 0.0013, 0.0317,0.0000, 0.0000, 0.0000, 1.0000///R_Toe
R_Toe__offset///0.0000, 0.0013, 1.0000, -0.1049,-1.0000, 0.0000, 0.0000, -0.1954,-0.0000, -1.0000, 0.0013, 0.0317,0.0000, 0.0000, 0.0000, 1.0000///R_Toe
ATH_R_Toe_Btm///1.0000, 0.0000, -0.0000, -0.1048,-0.0000, 1.0000, -0.0000, -0.1680,0.0000, 0.0000, 1.0000, -0.0050,0.0000, 0.0000, 0.0000, 1.0000///R_Toe
R_Foot__offset///0.0013, 0.0000, 1.0000, -0.1050,0.0000, 1.0000, -0.0000, -0.0000,-1.0000, 0.0000, 0.0013, 0.1364,0.0000, 0.0000, 0.0000, 1.0000///R_Foot
R_Ankle__offset///-0.0013, 0.0000, 1.0000, -0.1050,-0.0000, -1.0000, 0.0000, -0.0000,1.0000, -0.0000, 0.0013, 0.1366,0.0000, 0.0000, 0.0000, 1.0000///R_Foot
ATH_R_Foot_Btm///1.0000, 0.0000, -0.0000, -0.1048,-0.0000, 1.0000, -0.0000, -0.0000,0.0000, 0.0000, 1.0000, -0.0052,0.0000, 0.0000, 0.0000, 1.0000///R_Foot
R_Calf_Slide__offset///1.0000, -0.0000, -0.0000, -0.1050,-0.0000, -0.0001, -1.0000, -0.0000,0.0000, 1.0000, -0.0001, 0.3570,0.0000, 0.0000, 0.0000, 1.0000///R_Leg
R_Leg__offset///0.0000, 0.0000, 1.0000, -0.1050,0.0001, 1.0000, -0.0000, -0.0000,-1.0000, 0.0001, 0.0000, 0.5774,0.0000, 0.0000, 0.0000, 1.0000///R_Leg
HLP_R_Knee__offset///0.0000, 0.0000, 1.0000, -0.1050,0.0000, 1.0000, -0.0000, -0.0211,-1.0000, 0.0000, 0.0000, 0.5775,0.0000, 0.0000, 0.0000, 1.0000///R_UpLeg
HLP_R_UpLeg_Top__offset///-0.0000, 0.0000, 1.0000, -0.1050,0.0000, 1.0000, 0.0000, -0.0000,-1.0000, 0.0000, -0.0000, 1.0396,0.0000, 0.0000, 0.0000, 1.0000///R_UpLeg
HLP_R_UpLeg_Mid__offset///0.0000, 0.0000, 1.0000, -0.1050,-0.0000, 1.0000, -0.0000, -0.0000,-1.0000, -0.0000, 0.0000, 0.8295,0.0000, 0.0000, 0.0000, 1.0000///R_UpLeg
R_Thigh_Slide__offset///1.0000, -0.0000, -0.0000, -0.1050,-0.0000, 0.0001, -1.0000, -0.0011,0.0000, 1.0000, 0.0001, 0.8085,0.0000, 0.0000, 0.0000, 1.0000///R_UpLeg
R_UpLeg__offset///0.0000, 0.0000, 1.0000, -0.1050,-0.0001, 1.0000, -0.0000, -0.0000,-1.0000, -0.0001, 0.0000, 1.0394,0.0000, 0.0000, 0.0000, 1.0000///R_UpLeg
HLP_L_Butt__offset///-0.0000, 0.0000, 1.0000, 0.1051,0.0000, 1.0000, 0.0000, 0.0001,-1.0000, 0.0000, -0.0000, 1.0394,0.0000, 0.0000, 0.0000, 1.0000///Hip
HLP_R_Butt__offset///-0.0000, 0.0000, 1.0000, -0.1051,0.0000, 1.0000, 0.0000, 0.0001,-1.0000, 0.0000, -0.0000, 1.0394,0.0000, 0.0000, 0.0000, 1.0000///Hip
HLP_L_Inguinal__offset///-0.1165, -0.0101, -0.9931, 0.1753,0.0867, -0.9962, -0.0000, -0.0524,-0.9894, -0.0861, 0.1169, 1.1750,0.0000, 0.0000, 0.0000, 1.0000///Hip
L_Inguinal1__null///-0.1165, -0.0101, -0.9932, 0.1387,0.0867, -0.9962, -0.0000, -0.0251,-0.9894, -0.0861, 0.1169, 0.8633,0.0000, 0.0000, 0.0000, 1.0000///HLP_L_Inguinal__offset
HLP_R_Inguinal__offset///0.1165, 0.0101, -0.9932, -0.1753,0.0867, -0.9962, -0.0000, -0.0524,-0.9894, -0.0861, -0.1169, 1.1750,0.0000, 0.0000, 0.0000, 1.0000///Hip
R_Inguinal__null///0.1165, 0.0101, -0.9931, -0.1387,0.0867, -0.9962, -0.0000, -0.0251,-0.9894, -0.0861, -0.1169, 0.8633,0.0000, 0.0000, 0.0000, 1.0000///HLP_R_Inguinal__offset
Hip__offset///-0.0000, -0.0000, 1.0000, 0.0000,-0.0000, 1.0000, 0.0000, 0.0000,-1.0000, 0.0000, -0.0000, 1.2076,0.0000, 0.0000, 0.0000, 1.0000///Hip
Hip_front__offset///-0.0000, -0.0000, 1.0000, -0.0000,-0.0000, 1.0000, 0.0000, 0.0000,-1.0000, 0.0000, -0.0000, 1.2074,0.0000, 0.0000, 0.0000, 1.0000///Hip
EDIT__null///1.0000, 0.0000, 0.0000, 0.0014,0.0000, 1.0000, 0.0000, 0.0000,0.0000, 0.0000, 1.0000, -0.0000,0.0000, 0.0000, 0.0000, 1.0000///MODEL_00
Deform__null///1.0000, 0.0000, 0.0000, 0.0083,0.0000, 1.0000, 0.0000, 0.0015,0.0000, 0.0000, 1.0000, -0.0002,0.0000, 0.0000, 0.0000, 1.0000///EDIT__null
