MODEL_00///1.0000, 0.0000, 0.0000, 0.0000,0.0000, 1.0000, 0.0000, -0.0000,0.0000, 0.0000, 1.0000, 0.0000,0.0000, 0.0000, 0.0000, 1.0000///
BODY_SCALE__group///1.0000, 0.0000, 0.0000, 0.0000,0.0000, 0.0000, -1.0000, 0.0000,0.0000, 1.0000, 0.0000, 0.0000,0.0000, 0.0000, 0.0000, 1.0000///MODEL_00
BASE///1.0000, 0.0000, 0.0000, 0.0000,0.0000, -0.0000, -1.0000, 0.0000,0.0000, 1.0000, -0.0000, 1.2132,0.0000, 0.0000, 0.0000, 1.0000///BODY_SCALE__group
Spine1///0.0000, -0.0000, 1.0000, 0.0000,-0.0000, -1.0000, -0.0000, 0.0000,1.0000, -0.0000, -0.0000, 1.2132,0.0000, 0.0000, 0.0000, 1.0000///BASE
Spine2///0.0000, -0.0000, 1.0000, 0.0000,-0.0000, -1.0000, -0.0000, 0.0000,1.0000, -0.0000, -0.0000, 1.3504,0.0000, 0.0000, 0.0000, 1.0000///Spine1
Neck///0.0000, -0.0000, 1.0000, 0.0000,-0.0000, -1.0000, -0.0000, 0.0000,1.0000, -0.0000, -0.0000, 1.6458,0.0000, 0.0000, 0.0000, 1.0000///Spine2
Head///-0.0000, 1.0000, -0.0000, 0.0000,-1.0000, -0.0000, -0.0000, 0.0000,-0.0000, 0.0000, 1.0000, 1.7724,0.0000, 0.0000, 0.0000, 1.0000///Neck
Head__offset///-0.0000, 1.0000, -0.0000, 0.0000,-1.0000, -0.0000, 0.0003, 0.0000,0.0003, 0.0000, 1.0000, 1.7725,0.0000, 0.0000, 0.0000, 1.0000///Head
ATH_Head_Top///1.0000, 0.0000, -0.0000, -0.0000,-0.0000, 1.0000, 0.0000, 0.0000,0.0000, 0.0000, 1.0000, 1.9607,0.0000, 0.0000, 0.0000, 1.0000///Head
L_Mayu2_Joint///1.0000, -0.0000, -0.0000, 0.0355,-0.0000, -0.0000, -1.0000, -0.1263,0.0000, 1.0000, -0.0000, 1.8484,0.0000, 0.0000, 0.0000, 1.0000///Head
L_Mayu3_Joint///1.0000, 0.0000, -0.0000, 0.0538,-0.0000, -0.0000, -1.0000, -0.1063,-0.0000, 1.0000, -0.0000, 1.8458,0.0000, 0.0000, 0.0000, 1.0000///Head
L_Mayu1_Joint///1.0000, -0.0000, -0.0000, 0.0154,-0.0000, -0.0000, -1.0000, -0.1285,0.0000, 1.0000, -0.0000, 1.8430,0.0000, 0.0000, 0.0000, 1.0000///Head
R_Mayu3_Joint///1.0000, -0.0000, -0.0000, -0.0538,-0.0000, -0.0000, -1.0000, -0.1063,0.0000, 1.0000, -0.0000, 1.8458,0.0000, 0.0000, 0.0000, 1.0000///Head
R_Mayu2_Joint///1.0000, -0.0000, -0.0000, -0.0355,-0.0000, -0.0000, -1.0000, -0.1263,0.0000, 1.0000, -0.0000, 1.8484,0.0000, 0.0000, 0.0000, 1.0000///Head
R_Mayu1_Joint///1.0000, -0.0000, -0.0000, -0.0154,-0.0000, -0.0000, -1.0000, -0.1285,0.0000, 1.0000, -0.0000, 1.8430,0.0000, 0.0000, 0.0000, 1.0000///Head
R_Eyecorner///1.0000, -0.0000, -0.0000, -0.0487,-0.0000, -0.0000, -1.0000, -0.1104,0.0000, 1.0000, -0.0000, 1.8300,0.0000, 0.0000, 0.0000, 1.0000///Head
R_UwaMabuta_Joint///1.0000, -0.0000, -0.0000, -0.0310,-0.0000, -0.0000, -1.0000, -0.1014,0.0000, 1.0000, -0.0000, 1.8308,0.0000, 0.0000, 0.0000, 1.0000///Head
R_UpEyelid1///1.0000, -0.0000, -0.0000, -0.0264,-0.0000, -0.0000, -1.0000, -0.1192,0.0000, 1.0000, -0.0000, 1.8352,0.0000, 0.0000, 0.0000, 1.0000///R_UwaMabuta_Joint
R_UpEyelid2///1.0000, -0.0000, -0.0000, -0.0417,-0.0000, -0.0000, -1.0000, -0.1158,0.0000, 1.0000, -0.0000, 1.8344,0.0000, 0.0000, 0.0000, 1.0000///R_UwaMabuta_Joint
L_UwaMabuta_Joint///1.0000, -0.0000, 0.0000, 0.0310,0.0000, -0.0000, -1.0000, -0.1014,0.0000, 1.0000, -0.0000, 1.8308,0.0000, 0.0000, 0.0000, 1.0000///Head
L_UpEyelid2///1.0000, -0.0000, 0.0000, 0.0416,0.0000, -0.0000, -1.0000, -0.1158,0.0000, 1.0000, -0.0000, 1.8344,0.0000, 0.0000, 0.0000, 1.0000///L_UwaMabuta_Joint
L_UpEyelid1///1.0000, -0.0000, 0.0000, 0.0264,0.0000, -0.0000, -1.0000, -0.1192,0.0000, 1.0000, -0.0000, 1.8352,0.0000, 0.0000, 0.0000, 1.0000///L_UwaMabuta_Joint
L_Eyecorner///1.0000, -0.0000, -0.0000, 0.0487,-0.0000, -0.0000, -1.0000, -0.1104,0.0000, 1.0000, -0.0000, 1.8300,0.0000, 0.0000, 0.0000, 1.0000///Head
L_Eye_Joint///1.0000, -0.0000, 0.0000, 0.0293,0.0000, -0.0000, -1.0000, -0.1028,0.0000, 1.0000, -0.0000, 1.8365,0.0000, 0.0000, 0.0000, 1.0000///Head
R_Eye_Joint///1.0000, -0.0000, -0.0000, -0.0293,-0.0000, -0.0000, -1.0000, -0.1028,0.0000, 1.0000, -0.0000, 1.8365,0.0000, 0.0000, 0.0000, 1.0000///Head
R_SitaMabuta_Joint///1.0000, -0.0000, -0.0000, -0.0310,-0.0000, -0.0000, -1.0000, -0.1014,0.0000, 1.0000, -0.0000, 1.8304,0.0000, 0.0000, 0.0000, 1.0000///Head
R_LowEyelid1///1.0000, -0.0000, -0.0000, -0.0285,-0.0000, -0.0000, -1.0000, -0.1179,0.0000, 1.0000, -0.0000, 1.8266,0.0000, 0.0000, 0.0000, 1.0000///R_SitaMabuta_Joint
R_LowEyelid2///1.0000, -0.0000, -0.0000, -0.0407,-0.0000, -0.0000, -1.0000, -0.1140,0.0000, 1.0000, -0.0000, 1.8280,0.0000, 0.0000, 0.0000, 1.0000///R_SitaMabuta_Joint
L_SitaMabuta_Joint///1.0000, -0.0000, -0.0000, 0.0310,-0.0000, -0.0000, -1.0000, -0.1014,0.0000, 1.0000, -0.0000, 1.8304,0.0000, 0.0000, 0.0000, 1.0000///Head
L_LowEyelid2///1.0000, -0.0000, -0.0000, 0.0407,-0.0000, -0.0000, -1.0000, -0.1140,0.0000, 1.0000, -0.0000, 1.8280,0.0000, 0.0000, 0.0000, 1.0000///L_SitaMabuta_Joint
L_LowEyelid1///1.0000, -0.0000, -0.0000, 0.0285,-0.0000, -0.0000, -1.0000, -0.1179,0.0000, 1.0000, -0.0000, 1.8266,0.0000, 0.0000, 0.0000, 1.0000///L_SitaMabuta_Joint
L_Hoho_Joint///1.0000, -0.0000, -0.0000, 0.0528,-0.0000, -0.0000, -1.0000, -0.1031,0.0000, 1.0000, -0.0000, 1.8113,0.0000, 0.0000, 0.0000, 1.0000///Head
L_Hana_Joint///1.0000, -0.0000, -0.0000, 0.0140,-0.0000, -0.0000, -1.0000, -0.1216,0.0000, 1.0000, -0.0000, 1.8166,0.0000, 0.0000, 0.0000, 1.0000///Head
R_Hana_Joint///1.0000, -0.0000, -0.0000, -0.0140,-0.0000, -0.0000, -1.0000, -0.1216,0.0000, 1.0000, -0.0000, 1.8166,0.0000, 0.0000, 0.0000, 1.0000///Head
R_Hoho_Joint///1.0000, -0.0000, -0.0000, -0.0528,-0.0000, -0.0000, -1.0000, -0.1031,0.0000, 1.0000, -0.0000, 1.8113,0.0000, 0.0000, 0.0000, 1.0000///Head
L_Kobana_Joint///1.0000, -0.0000, -0.0000, 0.0172,-0.0000, -0.0000, -1.0000, -0.1235,0.0000, 1.0000, -0.0000, 1.8017,0.0000, 0.0000, 0.0000, 1.0000///Head
R_Kobana_Joint///1.0000, -0.0000, -0.0000, -0.0172,-0.0000, -0.0000, -1.0000, -0.1235,0.0000, 1.0000, -0.0000, 1.8017,0.0000, 0.0000, 0.0000, 1.0000///Head
L_LipU_Joint///1.0000, -0.0000, -0.0000, 0.0156,-0.0000, -0.0000, -1.0000, -0.1285,0.0000, 1.0000, -0.0000, 1.7652,0.0000, 0.0000, 0.0000, 1.0000///Head
R_LipU_Joint///1.0000, -0.0000, -0.0000, -0.0156,-0.0000, -0.0000, -1.0000, -0.1285,0.0000, 1.0000, -0.0000, 1.7652,0.0000, 0.0000, 0.0000, 1.0000///Head
M_LipU_Joint///1.0000, -0.0000, -0.0000, -0.0000,-0.0000, -0.0000, -1.0000, -0.1330,0.0000, 1.0000, -0.0000, 1.7668,0.0000, 0.0000, 0.0000, 1.0000///Head
Jaw_Joint///1.0000, -0.0000, -0.0000, -0.0000,-0.0000, -0.0000, -1.0000, -0.0415,0.0000, 1.0000, -0.0000, 1.7777,0.0000, 0.0000, 0.0000, 1.0000///Head
L_LipD_Joint///1.0000, -0.0000, -0.0000, 0.0148,-0.0000, -0.0000, -1.0000, -0.1247,0.0000, 1.0000, -0.0000, 1.7482,0.0000, 0.0000, 0.0000, 1.0000///Jaw_Joint
R_LipD_Joint///1.0000, -0.0000, -0.0000, -0.0148,-0.0000, -0.0000, -1.0000, -0.1247,0.0000, 1.0000, -0.0000, 1.7482,0.0000, 0.0000, 0.0000, 1.0000///Jaw_Joint
M_LipD_Joint///1.0000, -0.0000, -0.0000, -0.0000,-0.0000, -0.0000, -1.0000, -0.1293,0.0000, 1.0000, -0.0000, 1.7466,0.0000, 0.0000, 0.0000, 1.0000///Jaw_Joint
L_LipE_Joint///1.0000, -0.0000, -0.0000, 0.0269,-0.0000, -0.0000, -1.0000, -0.1161,0.0000, 1.0000, -0.0000, 1.7558,0.0000, 0.0000, 0.0000, 1.0000///Jaw_Joint
R_LipE_Joint///1.0000, -0.0000, -0.0000, -0.0269,-0.0000, -0.0000, -1.0000, -0.1161,0.0000, 1.0000, -0.0000, 1.7558,0.0000, 0.0000, 0.0000, 1.0000///Jaw_Joint
Bero1_Joint///-0.0001, 0.0008, -1.0000, -0.0000,-0.9848, -0.1736, 0.0000, -0.0666,-0.1736, 0.9848, 0.0008, 1.7583,0.0000, 0.0000, 0.0000, 1.0000///Jaw_Joint
Bero1_Joint_pos///0.0001, 0.0000, -1.0000, 0.0000,-0.9848, -0.1736, -0.0001, -0.0854,-0.1736, 0.9848, 0.0000, 1.7580,0.0000, 0.0000, 0.0000, 1.0000///Bero1_Joint
Bero2_Joint///0.0001, 0.0000, -1.0000, 0.0000,-0.9848, -0.1736, -0.0001, -0.0854,-0.1736, 0.9848, 0.0000, 1.7580,0.0000, 0.0000, 0.0000, 1.0000///Bero1_Joint_pos
Bero3_Joint///0.0001, 0.0000, -1.0000, 0.0000,-0.9848, -0.1736, -0.0001, -0.1050,-0.1736, 0.9848, 0.0000, 1.7545,0.0000, 0.0000, 0.0000, 1.0000///Bero2_Joint
L_Horei_back1_Joint///1.0000, -0.0000, -0.0000, 0.0538,-0.0000, -0.0000, -1.0000, -0.0964,0.0000, 1.0000, -0.0000, 1.7713,0.0000, 0.0000, 0.0000, 1.0000///Head
L_Chobo2_Joint///1.0000, -0.0000, 0.0000, 0.0646,0.0000, -0.0000, -1.0000, -0.0754,0.0000, 1.0000, -0.0000, 1.7513,0.0000, 0.0000, 0.0000, 1.0000///Head
L_Horei1_Joint///1.0000, -0.0000, -0.0000, 0.0441,-0.0000, -0.0000, -1.0000, -0.1087,0.0000, 1.0000, -0.0000, 1.7655,0.0000, 0.0000, 0.0000, 1.0000///Head
L_Horei_back2_Joint///1.0000, -0.0000, -0.0000, 0.0517,-0.0000, -0.0000, -1.0000, -0.0865,0.0000, 1.0000, -0.0000, 1.7433,0.0000, 0.0000, 0.0000, 1.0000///Head
L_Horei2_Joint///1.0000, -0.0000, -0.0000, 0.0441,-0.0000, -0.0000, -1.0000, -0.1018,0.0000, 1.0000, -0.0000, 1.7435,0.0000, 0.0000, 0.0000, 1.0000///Head
L_Horei_front_Joint///1.0000, -0.0000, -0.0000, 0.0279,-0.0000, -0.0000, -1.0000, -0.1202,0.0000, 1.0000, -0.0000, 1.7838,0.0000, 0.0000, 0.0000, 1.0000///Head
R_Horei_front_Joint///1.0000, 0.0000, 0.0000, -0.0279,-0.0000, 0.0000, 1.0000, -0.1202,0.0000, -1.0000, 0.0000, 1.7838,0.0000, 0.0000, 0.0000, 1.0000///Head
R_Horei1_Joint///1.0000, 0.0000, 0.0000, -0.0441,-0.0000, 0.0000, 1.0000, -0.1087,0.0000, -1.0000, 0.0000, 1.7655,0.0000, 0.0000, 0.0000, 1.0000///Head
R_Horei2_Joint///1.0000, 0.0000, 0.0000, -0.0441,-0.0000, 0.0000, 1.0000, -0.1018,0.0000, -1.0000, 0.0000, 1.7435,0.0000, 0.0000, 0.0000, 1.0000///Head
R_Horei_back2_Joint///1.0000, 0.0000, 0.0000, -0.0517,-0.0000, 0.0000, 1.0000, -0.0865,0.0000, -1.0000, 0.0000, 1.7433,0.0000, 0.0000, 0.0000, 1.0000///Head
R_Horei_back1_Joint///1.0000, 0.0000, 0.0000, -0.0538,-0.0000, 0.0000, 1.0000, -0.0964,0.0000, -1.0000, 0.0000, 1.7713,0.0000, 0.0000, 0.0000, 1.0000///Head
R_Chobo2_Joint///1.0000, 0.0000, 0.0000, -0.0646,-0.0000, 0.0000, 1.0000, -0.0754,0.0000, -1.0000, 0.0000, 1.7513,0.0000, 0.0000, 0.0000, 1.0000///Head
M_Miken_Joint///1.0000, -0.0000, -0.0000, -0.0000,-0.0000, -0.0000, -1.0000, -0.1310,0.0000, 1.0000, -0.0000, 1.8510,0.0000, 0.0000, 0.0000, 1.0000///Head
L_Chobo_Joint///1.0000, -0.0000, 0.0000, 0.0646,0.0000, -0.0000, -1.0000, -0.0777,0.0000, 1.0000, -0.0000, 1.7782,0.0000, 0.0000, 0.0000, 1.0000///Head
R_Chobo_Joint///1.0000, 0.0000, 0.0000, -0.0646,-0.0000, 0.0000, 1.0000, -0.0777,0.0000, -1.0000, 0.0000, 1.7782,0.0000, 0.0000, 0.0000, 1.0000///Head
Neck__offset///0.0000, -0.0000, 1.0000, 0.0000,-0.0000, -1.0000, -0.0000, 0.0000,1.0000, -0.0000, -0.0000, 1.6457,0.0000, 0.0000, 0.0000, 1.0000///Neck
Neck_back__offset///0.0000, -0.0000, 1.0000, 0.0000,-0.0000, -1.0000, -0.0000, 0.0000,1.0000, -0.0000, -0.0000, 1.6459,0.0000, 0.0000, 0.0000, 1.0000///Neck
L_Shoulder///1.0000, -0.0000, -0.0000, 0.1055,-0.0000, -0.0000, -1.0000, 0.0000,0.0000, 1.0000, -0.0000, 1.5825,0.0000, 0.0000, 0.0000, 1.0000///Spine2
L_Arm///1.0000, -0.0000, -0.0000, 0.2237,0.0000, 1.0000, 0.0000, 0.0000,0.0000, -0.0000, 1.0000, 1.5825,0.0000, 0.0000, 0.0000, 1.0000///L_Shoulder
L_ForeArm///1.0000, 0.0000, -0.0000, 0.5593,-0.0000, 1.0000, 0.0000, 0.0000,0.0000, -0.0000, 1.0000, 1.5825,0.0000, 0.0000, 0.0000, 1.0000///L_Arm
L_Hand///1.0000, -0.0000, -0.0000, 0.8108,-0.0000, 0.0000, -1.0000, 0.0000,0.0000, 1.0000, 0.0000, 1.5825,0.0000, 0.0000, 0.0000, 1.0000///L_ForeArm
L_FingerBase///1.0000, -0.0000, -0.0000, 0.8155,-0.0000, 0.0000, -1.0000, -0.0190,0.0000, 1.0000, 0.0000, 1.5825,0.0000, 0.0000, 0.0000, 1.0000///L_Hand
L_Middle///1.0000, -0.0000, -0.0000, 0.8155,-0.0000, 0.0000, -1.0000, -0.0095,0.0000, 1.0000, 0.0000, 1.5825,0.0000, 0.0000, 0.0000, 1.0000///L_FingerBase
L_Ring///1.0000, -0.0000, -0.0000, 0.8155,-0.0000, 0.0000, -1.0000, 0.0000,0.0000, 1.0000, 0.0000, 1.5825,0.0000, 0.0000, 0.0000, 1.0000///L_Middle
L_Pinky///1.0000, -0.0000, -0.0000, 0.8155,-0.0000, 0.0000, -1.0000, 0.0095,0.0000, 1.0000, 0.0000, 1.5825,0.0000, 0.0000, 0.0000, 1.0000///L_Ring
L_Pinky1///1.0000, -0.0000, -0.0000, 0.9132,-0.0000, 0.0000, -1.0000, 0.0365,0.0000, 1.0000, 0.0000, 1.5840,0.0000, 0.0000, 0.0000, 1.0000///L_Pinky
L_Pinky2///1.0000, -0.0000, -0.0000, 0.9588,-0.0000, 0.0000, -1.0000, 0.0365,0.0000, 1.0000, 0.0000, 1.5840,0.0000, 0.0000, 0.0000, 1.0000///L_Pinky1
L_Pinky3///1.0000, -0.0000, -0.0000, 0.9795,-0.0000, 0.0000, -1.0000, 0.0365,0.0000, 1.0000, 0.0000, 1.5840,0.0000, 0.0000, 0.0000, 1.0000///L_Pinky2
L_Pinky4__null///1.0000, -0.0000, -0.0000, 1.0080,-0.0000, 0.0000, -1.0000, 0.0365,0.0000, 1.0000, 0.0000, 1.5840,0.0000, 0.0000, 0.0000, 1.0000///L_Pinky3
L_Ring1///1.0000, -0.0000, -0.0000, 0.9259,-0.0000, 0.0000, -1.0000, 0.0136,0.0000, 1.0000, 0.0000, 1.5858,0.0000, 0.0000, 0.0000, 1.0000///L_Ring
L_Ring2///1.0000, -0.0000, -0.0000, 0.9763,-0.0000, 0.0000, -1.0000, 0.0136,0.0000, 1.0000, 0.0000, 1.5858,0.0000, 0.0000, 0.0000, 1.0000///L_Ring1
L_Ring3///1.0000, -0.0000, -0.0000, 1.0061,-0.0000, 0.0000, -1.0000, 0.0136,0.0000, 1.0000, 0.0000, 1.5858,0.0000, 0.0000, 0.0000, 1.0000///L_Ring2
L_Ring4__null///1.0000, -0.0000, -0.0000, 1.0346,-0.0000, 0.0000, -1.0000, 0.0136,0.0000, 1.0000, 0.0000, 1.5858,0.0000, 0.0000, 0.0000, 1.0000///L_Ring3
L_Middle1///1.0000, -0.0000, -0.0000, 0.9292,-0.0000, 0.0000, -1.0000, -0.0121,0.0000, 1.0000, 0.0000, 1.5876,0.0000, 0.0000, 0.0000, 1.0000///L_Middle
L_Middle2///1.0000, -0.0000, -0.0000, 0.9847,-0.0000, 0.0000, -1.0000, -0.0121,0.0000, 1.0000, 0.0000, 1.5876,0.0000, 0.0000, 0.0000, 1.0000///L_Middle1
L_Middle3///1.0000, -0.0000, -0.0000, 1.0171,-0.0000, 0.0000, -1.0000, -0.0121,0.0000, 1.0000, 0.0000, 1.5876,0.0000, 0.0000, 0.0000, 1.0000///L_Middle2
L_Middle4__null///1.0000, -0.0000, -0.0000, 1.0456,-0.0000, 0.0000, -1.0000, -0.0121,0.0000, 1.0000, 0.0000, 1.5876,0.0000, 0.0000, 0.0000, 1.0000///L_Middle3
L_Index1///1.0000, -0.0000, -0.0000, 0.9292,-0.0000, 0.0000, -1.0000, -0.0391,0.0000, 1.0000, 0.0000, 1.5876,0.0000, 0.0000, 0.0000, 1.0000///L_FingerBase
L_Index2///1.0000, -0.0000, -0.0000, 0.9818,-0.0000, 0.0000, -1.0000, -0.0391,0.0000, 1.0000, 0.0000, 1.5876,0.0000, 0.0000, 0.0000, 1.0000///L_Index1
L_Index3///1.0000, -0.0000, -0.0000, 1.0122,-0.0000, 0.0000, -1.0000, -0.0391,0.0000, 1.0000, 0.0000, 1.5876,0.0000, 0.0000, 0.0000, 1.0000///L_Index2
L_Index4__null///1.0000, -0.0000, -0.0000, 1.0407,-0.0000, 0.0000, -1.0000, -0.0391,0.0000, 1.0000, 0.0000, 1.5876,0.0000, 0.0000, 0.0000, 1.0000///L_Index3
L_Thumb1///0.8053, -0.2750, -0.5252, 0.8339,-0.5122, -0.7689, -0.3827, -0.0424,-0.2986, 0.5772, -0.7601, 1.5686,0.0000, 0.0000, 0.0000, 1.0000///L_FingerBase
L_Thumb2///0.8053, -0.2750, -0.5252, 0.8835,-0.5122, -0.7689, -0.3827, -0.0739,-0.2986, 0.5772, -0.7601, 1.5502,0.0000, 0.0000, 0.0000, 1.0000///L_Thumb1
L_Thumb3///0.8053, -0.2750, -0.5252, 0.9134,-0.5122, -0.7689, -0.3827, -0.0930,-0.2986, 0.5772, -0.7601, 1.5391,0.0000, 0.0000, 0.0000, 1.0000///L_Thumb2
L_Thumb4__null///0.8053, -0.2750, -0.5252, 0.9363,-0.5122, -0.7689, -0.3827, -0.1075,-0.2986, 0.5772, -0.7601, 1.5306,0.0000, 0.0000, 0.0000, 1.0000///L_Thumb3
ATH_L_weapon001///-0.0000, 1.0000, 0.0000, 0.8915,-1.0000, -0.0000, 0.0000, -0.0095,0.0000, 0.0000, 1.0000, 1.5540,0.0000, 0.0000, 0.0000, 1.0000///L_Hand
ATH_L_weapon001_hilp///-0.0000, 1.0000, 0.0000, 0.8915,-1.0000, -0.0000, 0.0000, -0.1329,0.0000, 0.0000, 1.0000, 1.5540,0.0000, 0.0000, 0.0000, 1.0000///ATH_L_weapon001
ATH_L_weapon001_top///-0.0000, 1.0000, 0.0000, 0.8915,-1.0000, -0.0000, 0.0000, -0.8830,0.0000, 0.0000, 1.0000, 1.5540,0.0000, 0.0000, 0.0000, 1.0000///ATH_L_weapon001
ATH_L_weapon002///-0.0000, 1.0000, 0.0000, 0.9043,-1.0000, -0.0000, 0.0000, 0.0137,0.0000, 0.0000, 1.0000, 1.5585,0.0000, 0.0000, 0.0000, 1.0000///L_Hand
HLP_L_ForeArm_Mid__offset///1.0000, -0.0000, -0.0000, 0.7014,-0.0000, 0.0000, -1.0000, 0.0000,0.0000, 1.0000, 0.0000, 1.5825,0.0000, 0.0000, 0.0000, 1.0000///L_ForeArm
HLP_L_ForeArm_Btm__offset///1.0000, -0.0000, -0.0000, 0.7889,-0.0000, 0.0000, -1.0000, 0.0000,0.0000, 1.0000, 0.0000, 1.5825,0.0000, 0.0000, 0.0000, 1.0000///L_ForeArm
HLP_L_Elbow__offset///1.0000, 0.0000, -0.0000, 0.5593,-0.0000, 1.0000, 0.0000, 0.0297,0.0000, -0.0000, 1.0000, 1.5825,0.0000, 0.0000, 0.0000, 1.0000///L_ForeArm
L_ForeArm_Slide__offset///1.0000, -0.0000, -0.0000, 0.6771,0.0000, 1.0000, 0.0000, 0.0000,0.0000, -0.0000, 1.0000, 1.5825,0.0000, 0.0000, 0.0000, 1.0000///L_ForeArm
L_ForeArm__offset///1.0000, 0.0000, -0.0000, 0.5594,-0.0000, 1.0000, 0.0000, 0.0000,0.0000, -0.0000, 1.0000, 1.5825,0.0000, 0.0000, 0.0000, 1.0000///L_ForeArm
HLP_L_Arm_Top__offset///1.0000, 0.0000, -0.0000, 0.2238,-0.0000, 1.0000, 0.0000, 0.0000,0.0000, 0.0000, 1.0000, 1.5825,0.0000, 0.0000, 0.0000, 1.0000///L_Arm
HLP_L_Arm_Mid__offset///1.0000, -0.0000, -0.0000, 0.3802,0.0000, 1.0000, 0.0000, 0.0000,0.0000, -0.0000, 1.0000, 1.5825,0.0000, 0.0000, 0.0000, 1.0000///L_Arm
L_Bicep_Slide__offset///1.0000, -0.0000, -0.0000, 0.4021,0.0000, 1.0000, 0.0000, -0.0015,0.0000, -0.0000, 1.0000, 1.5825,0.0000, 0.0000, 0.0000, 1.0000///L_Arm
L_Tricep_Slide__offset///1.0000, -0.0000, -0.0000, 0.4021,0.0000, 1.0000, 0.0000, 0.0005,0.0000, -0.0000, 1.0000, 1.5825,0.0000, 0.0000, 0.0000, 1.0000///L_Arm
L_Arm_Btm__offset///1.0000, -0.0000, -0.0000, 0.5592,0.0000, 1.0000, 0.0000, 0.0000,0.0000, -0.0000, 1.0000, 1.5825,0.0000, 0.0000, 0.0000, 1.0000///L_Arm
HLP_L_ShldrBlade__offset///1.0000, -0.0000, -0.0000, 0.1557,0.0000, 1.0000, 0.0000, -0.0009,0.0000, -0.0000, 1.0000, 1.5625,0.0000, 0.0000, 0.0000, 1.0000///L_Shoulder
HLP_L_Shldr_B__offset///1.0000, -0.0000, -0.0000, 0.2236,0.0000, 1.0000, 0.0000, 0.0000,0.0000, -0.0000, 1.0000, 1.5825,0.0000, 0.0000, 0.0000, 1.0000///L_Shoulder
R_Shoulder///-1.0000, -0.0000, -0.0000, -0.1055,0.0000, 0.0000, -1.0000, 0.0000,0.0000, -1.0000, -0.0000, 1.5825,0.0000, 0.0000, 0.0000, 1.0000///Spine2
R_Arm///-1.0000, 0.0000, 0.0000, -0.2237,0.0000, 1.0000, -0.0000, 0.0000,-0.0000, -0.0000, -1.0000, 1.5825,0.0000, 0.0000, 0.0000, 1.0000///R_Shoulder
R_ForeArm///-1.0000, -0.0000, 0.0000, -0.5593,-0.0000, 1.0000, -0.0000, 0.0000,-0.0000, -0.0000, -1.0000, 1.5825,0.0000, 0.0000, 0.0000, 1.0000///R_Arm
R_Hand///-1.0000, 0.0000, 0.0000, -0.8108,-0.0000, -0.0000, -1.0000, 0.0000,0.0000, -1.0000, 0.0000, 1.5825,0.0000, 0.0000, 0.0000, 1.0000///R_ForeArm
R_FingerBase///-1.0000, -0.0000, 0.0000, -0.8155,-0.0000, -0.0000, -1.0000, -0.0190,0.0000, -1.0000, 0.0000, 1.5825,0.0000, 0.0000, 0.0000, 1.0000///R_Hand
R_Middle///-1.0000, -0.0000, 0.0000, -0.8155,-0.0000, -0.0000, -1.0000, -0.0095,0.0000, -1.0000, 0.0000, 1.5825,0.0000, 0.0000, 0.0000, 1.0000///R_FingerBase
R_Ring///-1.0000, -0.0000, 0.0000, -0.8155,-0.0000, -0.0000, -1.0000, 0.0000,0.0000, -1.0000, 0.0000, 1.5825,0.0000, 0.0000, 0.0000, 1.0000///R_Middle
R_Pinky///-1.0000, -0.0000, 0.0000, -0.8155,-0.0000, -0.0000, -1.0000, 0.0095,0.0000, -1.0000, 0.0000, 1.5825,0.0000, 0.0000, 0.0000, 1.0000///R_Ring
R_Pinky1///-1.0000, 0.0000, 0.0000, -0.9132,-0.0000, -0.0000, -1.0000, 0.0365,0.0000, -1.0000, 0.0000, 1.5840,0.0000, 0.0000, 0.0000, 1.0000///R_Pinky
R_Pinky2///-1.0000, 0.0000, 0.0000, -0.9588,-0.0000, -0.0000, -1.0000, 0.0365,0.0000, -1.0000, 0.0000, 1.5840,0.0000, 0.0000, 0.0000, 1.0000///R_Pinky1
R_Pinky3///-1.0000, 0.0000, 0.0000, -0.9795,-0.0000, -0.0000, -1.0000, 0.0365,0.0000, -1.0000, 0.0000, 1.5840,0.0000, 0.0000, 0.0000, 1.0000///R_Pinky2
R_Pinky4__null///-1.0000, 0.0000, 0.0000, -1.0080,-0.0000, -0.0000, -1.0000, 0.0365,0.0000, -1.0000, 0.0000, 1.5840,0.0000, 0.0000, 0.0000, 1.0000///R_Pinky3
R_Ring1///-1.0000, 0.0000, 0.0000, -0.9259,-0.0000, -0.0000, -1.0000, 0.0136,0.0000, -1.0000, 0.0000, 1.5858,0.0000, 0.0000, 0.0000, 1.0000///R_Ring
R_Ring2///-1.0000, 0.0000, 0.0000, -0.9763,-0.0000, -0.0000, -1.0000, 0.0136,0.0000, -1.0000, 0.0000, 1.5858,0.0000, 0.0000, 0.0000, 1.0000///R_Ring1
R_Ring3///-1.0000, 0.0000, 0.0000, -1.0061,-0.0000, -0.0000, -1.0000, 0.0136,0.0000, -1.0000, 0.0000, 1.5858,0.0000, 0.0000, 0.0000, 1.0000///R_Ring2
R_Ring4__null///-1.0000, 0.0000, 0.0000, -1.0346,-0.0000, -0.0000, -1.0000, 0.0136,0.0000, -1.0000, 0.0000, 1.5858,0.0000, 0.0000, 0.0000, 1.0000///R_Ring3
R_Middle1///-1.0000, 0.0000, 0.0000, -0.9292,-0.0000, -0.0000, -1.0000, -0.0121,0.0000, -1.0000, 0.0000, 1.5876,0.0000, 0.0000, 0.0000, 1.0000///R_Middle
R_Middle2///-1.0000, 0.0000, 0.0000, -0.9847,-0.0000, -0.0000, -1.0000, -0.0121,0.0000, -1.0000, 0.0000, 1.5876,0.0000, 0.0000, 0.0000, 1.0000///R_Middle1
R_Middle3///-1.0000, 0.0000, 0.0000, -1.0171,-0.0000, -0.0000, -1.0000, -0.0121,0.0000, -1.0000, 0.0000, 1.5876,0.0000, 0.0000, 0.0000, 1.0000///R_Middle2
R_Middle4__null///-1.0000, 0.0000, 0.0000, -1.0456,-0.0000, -0.0000, -1.0000, -0.0121,0.0000, -1.0000, 0.0000, 1.5876,0.0000, 0.0000, 0.0000, 1.0000///R_Middle3
R_Index1///-1.0000, 0.0000, 0.0000, -0.9292,-0.0000, -0.0000, -1.0000, -0.0391,0.0000, -1.0000, 0.0000, 1.5876,0.0000, 0.0000, 0.0000, 1.0000///R_FingerBase
R_Index2///-1.0000, 0.0000, 0.0000, -0.9818,-0.0000, -0.0000, -1.0000, -0.0391,0.0000, -1.0000, 0.0000, 1.5876,0.0000, 0.0000, 0.0000, 1.0000///R_Index1
R_Index3///-1.0000, 0.0000, 0.0000, -1.0122,-0.0000, -0.0000, -1.0000, -0.0391,0.0000, -1.0000, 0.0000, 1.5876,0.0000, 0.0000, 0.0000, 1.0000///R_Index2
R_Index4__null///-1.0000, 0.0000, 0.0000, -1.0407,-0.0000, -0.0000, -1.0000, -0.0391,0.0000, -1.0000, 0.0000, 1.5876,0.0000, 0.0000, 0.0000, 1.0000///R_Index3
R_Thumb1///-0.8053, -0.2750, 0.5252, -0.8339,-0.5122, 0.7689, -0.3827, -0.0424,-0.2986, -0.5772, -0.7600, 1.5686,0.0000, 0.0000, 0.0000, 1.0000///R_FingerBase
R_Thumb2///-0.8053, -0.2750, 0.5252, -0.8835,-0.5122, 0.7689, -0.3827, -0.0739,-0.2986, -0.5772, -0.7600, 1.5502,0.0000, 0.0000, 0.0000, 1.0000///R_Thumb1
R_Thumb3///-0.8053, -0.2750, 0.5252, -0.9134,-0.5122, 0.7689, -0.3827, -0.0930,-0.2986, -0.5772, -0.7600, 1.5391,0.0000, 0.0000, 0.0000, 1.0000///R_Thumb2
R_Thumb4__null///-0.8053, -0.2750, 0.5252, -0.9363,-0.5122, 0.7689, -0.3827, -0.1075,-0.2986, -0.5772, -0.7600, 1.5306,0.0000, 0.0000, 0.0000, 1.0000///R_Thumb3
ATH_R_weapon001///0.0000, 1.0000, -0.0000, -0.8915,-1.0000, 0.0000, 0.0000, -0.0095,0.0000, 0.0000, 1.0000, 1.5540,0.0000, 0.0000, 0.0000, 1.0000///R_Hand
ATH_R_weapon001_hilp///0.0000, 1.0000, -0.0000, -0.8915,-1.0000, 0.0000, 0.0000, -0.1329,0.0000, 0.0000, 1.0000, 1.5540,0.0000, 0.0000, 0.0000, 1.0000///ATH_R_weapon001
ATH_R_weapon001_top///0.0000, 1.0000, -0.0000, -0.8915,-1.0000, 0.0000, 0.0000, -0.8830,0.0000, 0.0000, 1.0000, 1.5540,0.0000, 0.0000, 0.0000, 1.0000///ATH_R_weapon001
HLP_R_ForeArm_Mid__offset///-1.0000, 0.0000, 0.0000, -0.7014,-0.0000, -0.0000, -1.0000, 0.0000,-0.0000, -1.0000, 0.0000, 1.5825,0.0000, 0.0000, 0.0000, 1.0000///R_ForeArm
HLP_R_ForeArm_Btm__offset///-1.0000, 0.0000, 0.0000, -0.7889,-0.0000, -0.0000, -1.0000, 0.0000,0.0000, -1.0000, 0.0000, 1.5825,0.0000, 0.0000, 0.0000, 1.0000///R_ForeArm
HLP_R_Elbow__offset///-1.0000, -0.0000, 0.0000, -0.5593,-0.0000, 1.0000, -0.0000, 0.0297,-0.0000, -0.0000, -1.0000, 1.5825,0.0000, 0.0000, 0.0000, 1.0000///R_ForeArm
R_ForeArm_Slide__offset///-1.0000, 0.0000, 0.0000, -0.6771,-0.0000, -0.0000, -1.0000, 0.0000,-0.0000, -1.0000, 0.0000, 1.5825,0.0000, 0.0000, 0.0000, 1.0000///R_ForeArm
R_ForeArm__offset///-1.0000, -0.0000, 0.0000, -0.5594,-0.0000, 1.0000, -0.0000, 0.0000,-0.0000, -0.0000, -1.0000, 1.5825,0.0000, 0.0000, 0.0000, 1.0000///R_ForeArm
HLP_R_Arm_Top__offset///-1.0000, 0.0000, -0.0000, -0.2238,0.0000, 1.0000, 0.0000, 0.0000,0.0000, 0.0000, -1.0000, 1.5825,0.0000, 0.0000, 0.0000, 1.0000///R_Arm
HLP_R_Arm_Mid__offset///-1.0000, 0.0000, 0.0000, -0.3802,0.0000, 1.0000, -0.0000, 0.0000,-0.0000, -0.0000, -1.0000, 1.5825,0.0000, 0.0000, 0.0000, 1.0000///R_Arm
R_Bicep_Slide__offset///-1.0000, 0.0000, 0.0000, -0.4021,0.0000, 1.0000, -0.0000, -0.0015,-0.0000, -0.0000, -1.0000, 1.5825,0.0000, 0.0000, 0.0000, 1.0000///R_Arm
R_Tricep_Slide__offset///-1.0000, 0.0000, 0.0000, -0.4021,0.0000, 1.0000, -0.0000, 0.0005,-0.0000, -0.0000, -1.0000, 1.5825,0.0000, 0.0000, 0.0000, 1.0000///R_Arm
R_Arm_Btm__offset///-1.0000, 0.0000, 0.0000, -0.5592,0.0000, 1.0000, -0.0000, 0.0000,-0.0000, -0.0000, -1.0000, 1.5825,0.0000, 0.0000, 0.0000, 1.0000///R_Arm
HLP_R_ShldrBlade__offset///-1.0000, 0.0000, 0.0000, -0.1557,0.0000, 1.0000, -0.0000, -0.0009,-0.0000, -0.0000, -1.0000, 1.5625,0.0000, 0.0000, 0.0000, 1.0000///R_Shoulder
HLP_R_Shldr_B__offset///-1.0000, 0.0000, 0.0000, -0.2236,0.0000, 1.0000, -0.0000, 0.0000,-0.0000, -0.0000, -1.0000, 1.5825,0.0000, 0.0000, 0.0000, 1.0000///R_Shoulder
HLP_L_CollarBone__offset///0.9707, -0.0002, 0.2402, 0.0105,0.2402, -0.0000, -0.9707, -0.0527,0.0002, 1.0000, -0.0000, 1.5825,0.0000, 0.0000, 0.0000, 1.0000///Spine2
HLP_L_Shldr_F__offset///0.9862, 0.1403, 0.0878, 0.1399,0.0864, 0.0163, -0.9961, -0.0444,-0.1412, 0.9900, 0.0040, 1.6383,0.0000, 0.0000, 0.0000, 1.0000///HLP_L_CollarBone__offset
L_Shldr_F1__null///0.9862, 0.1403, 0.0878, 0.2440,0.0864, 0.0163, -0.9961, -0.0353,-0.1412, 0.9900, 0.0040, 1.6234,0.0000, 0.0000, 0.0000, 1.0000///HLP_L_Shldr_F__offset
HLP_L_CollarBone_up__offset///0.9707, -0.0002, 0.2402, 0.0105,0.2402, -0.0000, -0.9707, -0.0526,0.0002, 1.0000, -0.0000, 1.5825,0.0000, 0.0000, 0.0000, 1.0000///HLP_L_CollarBone__offset
L_CollarBone1__null///0.9707, -0.0002, 0.2402, 0.2051,0.2402, -0.0000, -0.9707, -0.0046,0.0002, 1.0000, -0.0000, 1.5825,0.0000, 0.0000, 0.0000, 1.0000///HLP_L_CollarBone__offset
HLP_R_CollarBone__offset///-0.9707, -0.0002, -0.2402, -0.0105,0.2402, 0.0000, -0.9707, -0.0527,0.0002, -1.0000, -0.0000, 1.5825,0.0000, 0.0000, 0.0000, 1.0000///Spine2
HLP_R_Shldr_F__offset///-0.9862, -0.1403, 0.0878, -0.1399,0.0864, 0.0163, 0.9961, -0.0444,-0.1412, 0.9900, -0.0040, 1.6383,0.0000, 0.0000, 0.0000, 1.0000///HLP_R_CollarBone__offset
R_Shldr_F1__null///-0.9862, -0.1403, 0.0878, -0.2440,0.0864, 0.0163, 0.9961, -0.0353,-0.1412, 0.9900, -0.0040, 1.6234,0.0000, 0.0000, 0.0000, 1.0000///HLP_R_Shldr_F__offset
HLP_R_CollarBone_up__offset///-0.9707, -0.0002, -0.2402, -0.0105,0.2402, 0.0000, -0.9707, -0.0527,0.0002, -1.0000, 0.0000, 1.5825,0.0000, 0.0000, 0.0000, 1.0000///HLP_R_CollarBone__offset
R_CollarBone1__null///-0.9707, -0.0002, -0.2402, -0.2051,0.2402, 0.0000, -0.9707, -0.0046,0.0002, -1.0000, 0.0000, 1.5825,0.0000, 0.0000, 0.0000, 1.0000///HLP_R_CollarBone__offset
HLP_L_Pectoral__offset///0.9753, -0.2144, 0.0527, 0.0001,0.0514, -0.0113, -0.9986, -0.0200,0.2147, 0.9767, 0.0000, 1.4988,0.0000, 0.0000, 0.0000, 1.0000///Spine2
L_Pectoral__null///0.9753, -0.2144, 0.0527, 0.2059,0.0514, -0.0113, -0.9986, -0.0092,0.2147, 0.9767, -0.0000, 1.5441,0.0000, 0.0000, 0.0000, 1.0000///HLP_L_Pectoral__offset
HLP_L_Pectoral_side__offset///0.9753, -0.2144, 0.0527, 0.0020,0.0514, -0.0113, -0.9986, -0.0199,0.2147, 0.9767, -0.0000, 1.4994,0.0000, 0.0000, 0.0000, 1.0000///HLP_L_Pectoral__offset
HLP_R_Pectoral__offset///-0.9753, 0.2144, 0.0527, -0.0001,0.0514, -0.0113, 0.9986, -0.0200,0.2147, 0.9767, 0.0000, 1.4988,0.0000, 0.0000, 0.0000, 1.0000///Spine2
R_Pectoral__null///-0.9753, 0.2144, 0.0527, -0.2059,0.0514, -0.0113, 0.9986, -0.0092,0.2147, 0.9767, 0.0000, 1.5441,0.0000, 0.0000, 0.0000, 1.0000///HLP_R_Pectoral__offset
HLP_R_Pectoral_side__offset///-0.9753, 0.2144, 0.0527, -0.0020,0.0514, -0.0113, 0.9986, -0.0199,0.2147, 0.9767, 0.0000, 1.4994,0.0000, 0.0000, 0.0000, 1.0000///HLP_R_Pectoral__offset
Spine2__offset///0.0000, -0.0000, 1.0000, 0.0000,-0.0000, -1.0000, -0.0000, 0.0000,1.0000, -0.0000, -0.0000, 1.3503,0.0000, 0.0000, 0.0000, 1.0000///Spine2
Spine2_breast__offset///0.0000, -0.0000, 1.0000, 0.0000,-0.0000, -1.0000, -0.0000, 0.0001,1.0000, -0.0000, -0.0000, 1.3415,0.0000, 0.0000, 0.0000, 1.0000///Spine2__offset
Spine2up__offset///0.0000, -0.0000, 1.0000, 0.0000,-0.0000, -1.0000, -0.0000, 0.0000,1.0000, -0.0000, -0.0000, 1.3504,0.0000, 0.0000, 0.0000, 1.0000///Spine2__offset
Spine2side__offset///0.0000, -0.0000, 1.0000, 0.0000,-0.0000, -1.0000, -0.0000, 0.0000,1.0000, -0.0000, -0.0000, 1.3502,0.0000, 0.0000, 0.0000, 1.0000///Spine2
OPT0_bustL///0.3127, -0.0846, -0.9461, 0.0232,-0.9461, 0.0601, -0.3181, 0.0824,0.0838, 0.9946, -0.0612, 1.4221,0.0000, 0.0000, 0.0000, 1.0000///Spine2
OPT1_bustL///-0.3127, -0.0846, 0.9461, 0.1103,0.9461, 0.0601, 0.3181, -0.1811,-0.0838, 0.9946, 0.0612, 1.4454,0.0000, 0.0000, 0.0000, 1.0000///OPT0_bustL
OPT1_bustL_end///0.9983, -0.0464, 0.0341, 0.0854,0.0316, -0.0539, -0.9980, -0.1058,0.0482, 0.9975, -0.0523, 1.4387,0.0000, 0.0000, 0.0000, 1.0000///OPT1_bustL
OPT2_bustR///0.3127, -0.0845, -0.9461, -0.0230,0.9461, -0.0601, 0.3181, 0.0824,-0.0838, -0.9946, 0.0612, 1.4221,0.0000, 0.0000, 0.0000, 1.0000///Spine2
OPT3_bustR///-0.3127, -0.0845, 0.9461, -0.1101,-0.9461, -0.0601, -0.3181, -0.1811,0.0838, -0.9946, -0.0612, 1.4454,0.0000, 0.0000, 0.0000, 1.0000///OPT2_bustR
OPT1_bustR_end///0.9983, -0.0464, 0.0341, -0.0852,-0.0316, 0.0539, 0.9980, -0.1058,-0.0481, -0.9975, 0.0523, 1.4387,0.0000, 0.0000, 0.0000, 1.0000///OPT3_bustR
Spine1__offset///0.0000, -0.0000, 1.0000, 0.0000,-0.0000, -1.0000, -0.0000, 0.0000,1.0000, -0.0000, -0.0000, 1.2131,0.0000, 0.0000, 0.0000, 1.0000///Spine1
Spine1_front__offset///0.0000, -0.0000, 1.0000, 0.0000,-0.0000, -1.0000, -0.0000, 0.0000,1.0000, -0.0000, -0.0000, 1.2134,0.0000, 0.0000, 0.0000, 1.0000///Spine1
Hip///-0.0000, -0.0000, 1.0000, 0.0000,-0.0000, 1.0000, 0.0000, 0.0000,-1.0000, 0.0000, -0.0000, 1.2132,0.0000, 0.0000, 0.0000, 1.0000///BASE
L_UpLeg///0.0000, 0.0000, 1.0000, 0.1055,-0.0001, 1.0000, -0.0000, -0.0000,-1.0000, -0.0001, 0.0000, 1.0444,0.0000, 0.0000, 0.0000, 1.0000///Hip
L_Leg///0.0000, 0.0000, 1.0000, 0.1055,0.0001, 1.0000, -0.0000, -0.0000,-1.0000, 0.0001, 0.0000, 0.5802,0.0000, 0.0000, 0.0000, 1.0000///L_UpLeg
L_Foot///-0.0000, 0.0000, 1.0000, 0.1055,0.0000, 1.0000, -0.0000, -0.0000,-1.0000, 0.0000, -0.0000, 0.1371,0.0000, 0.0000, 0.0000, 1.0000///L_Leg
L_Toe///-0.0000, 0.0000, 1.0000, 0.1055,-1.0000, 0.0000, -0.0000, -0.1615,0.0000, -1.0000, 0.0000, 0.0319,0.0000, 0.0000, 0.0000, 1.0000///L_Foot
L_Toe1__null///-0.0000, 0.0000, 1.0000, 0.1055,-1.0000, 0.0000, -0.0000, -0.2986,-0.0000, -1.0000, 0.0000, 0.0319,0.0000, 0.0000, 0.0000, 1.0000///L_Toe
L_Toe__offset///-0.0000, 0.0000, 1.0000, 0.1055,-1.0000, 0.0000, -0.0000, -0.1616,0.0000, -1.0000, 0.0000, 0.0319,0.0000, 0.0000, 0.0000, 1.0000///L_Toe
ATH_L_Toe_Btm///1.0000, 0.0000, -0.0000, 0.1055,-0.0000, 1.0000, -0.0000, -0.1688,0.0000, 0.0000, 1.0000, -0.0051,0.0000, 0.0000, 0.0000, 1.0000///L_Toe
L_Foot__offset///-0.0000, 0.0000, 1.0000, 0.1055,0.0000, 1.0000, -0.0000, -0.0000,-1.0000, 0.0000, -0.0000, 0.1370,0.0000, 0.0000, 0.0000, 1.0000///L_Foot
L_Ankle__offset///-0.0000, 0.0000, 1.0000, 0.1055,0.0000, 1.0000, -0.0000, -0.0000,-1.0000, 0.0000, -0.0000, 0.1373,0.0000, 0.0000, 0.0000, 1.0000///L_Foot
ATH_L_Foot_Btm///1.0000, 0.0000, 0.0000, 0.1055,-0.0000, 1.0000, -0.0000, -0.0000,-0.0000, 0.0000, 1.0000, -0.0053,0.0000, 0.0000, 0.0000, 1.0000///L_Foot
L_Calf_Slide__offset///1.0000, -0.0000, -0.0000, 0.1055,-0.0000, -0.0001, -1.0000, -0.0000,0.0000, 1.0000, -0.0001, 0.3587,0.0000, 0.0000, 0.0000, 1.0000///L_Leg
L_Leg__offset///0.0000, 0.0000, 1.0000, 0.1055,0.0001, 1.0000, -0.0000, -0.0000,-1.0000, 0.0001, 0.0000, 0.5801,0.0000, 0.0000, 0.0000, 1.0000///L_Leg
HLP_L_Knee__offset///0.0000, 0.0000, 1.0000, 0.1055,0.0000, 1.0000, -0.0000, -0.0212,-1.0000, 0.0000, 0.0000, 0.5803,0.0000, 0.0000, 0.0000, 1.0000///L_UpLeg
HLP_L_UpLeg_Top__offset///0.0000, -0.0000, 1.0000, 0.1055,0.0000, 1.0000, 0.0000, -0.0000,-1.0000, 0.0000, 0.0000, 1.0446,0.0000, 0.0000, 0.0000, 1.0000///L_UpLeg
HLP_L_UpLeg_Mid__offset///0.0000, 0.0000, 1.0000, 0.1055,-0.0000, 1.0000, -0.0000, -0.0000,-1.0000, -0.0000, 0.0000, 0.8334,0.0000, 0.0000, 0.0000, 1.0000///L_UpLeg
L_Thigh_Slide__offset///1.0000, -0.0000, -0.0000, 0.1055,-0.0000, 0.0001, -1.0000, -0.0011,0.0000, 1.0000, 0.0001, 0.8123,0.0000, 0.0000, 0.0000, 1.0000///L_UpLeg
L_UpLeg__offset///0.0000, 0.0000, 1.0000, 0.1055,-0.0001, 1.0000, -0.0000, -0.0000,-1.0000, -0.0001, 0.0000, 1.0443,0.0000, 0.0000, 0.0000, 1.0000///L_UpLeg
R_UpLeg///0.0000, 0.0000, 1.0000, -0.1055,-0.0001, 1.0000, 0.0000, -0.0000,-1.0000, -0.0001, 0.0000, 1.0444,0.0000, 0.0000, 0.0000, 1.0000///Hip
R_Leg///0.0000, 0.0000, 1.0000, -0.1055,0.0001, 1.0000, -0.0000, -0.0000,-1.0000, 0.0001, 0.0000, 0.5802,0.0000, 0.0000, 0.0000, 1.0000///R_UpLeg
R_Foot///0.0013, 0.0000, 1.0000, -0.1055,0.0000, 1.0000, -0.0000, -0.0000,-1.0000, 0.0000, 0.0013, 0.1371,0.0000, 0.0000, 0.0000, 1.0000///R_Leg
R_Toe///-0.0000, 0.0013, 1.0000, -0.1054,-1.0000, 0.0000, -0.0000, -0.1615,-0.0000, -1.0000, 0.0013, 0.0319,0.0000, 0.0000, 0.0000, 1.0000///R_Foot
R_Toe1__null///-0.0000, 0.0013, 1.0000, -0.1054,-1.0000, 0.0000, -0.0000, -0.2986,-0.0000, -1.0000, 0.0013, 0.0319,0.0000, 0.0000, 0.0000, 1.0000///R_Toe
R_Toe__offset///-0.0000, 0.0013, 1.0000, -0.1054,-1.0000, 0.0000, -0.0000, -0.1616,-0.0000, -1.0000, 0.0013, 0.0319,0.0000, 0.0000, 0.0000, 1.0000///R_Toe
ATH_R_Toe_Btm///1.0000, 0.0000, 0.0000, -0.1053,-0.0000, 1.0000, 0.0000, -0.1688,-0.0000, -0.0000, 1.0000, -0.0051,0.0000, 0.0000, 0.0000, 1.0000///R_Toe
R_Foot__offset///0.0013, 0.0000, 1.0000, -0.1055,0.0000, 1.0000, -0.0000, -0.0000,-1.0000, 0.0000, 0.0013, 0.1370,0.0000, 0.0000, 0.0000, 1.0000///R_Foot
R_Ankle__offset///-0.0013, -0.0000, 1.0000, -0.1055,-0.0000, -1.0000, -0.0000, -0.0000,1.0000, -0.0000, 0.0013, 0.1373,0.0000, 0.0000, 0.0000, 1.0000///R_Foot
ATH_R_Foot_Btm///1.0000, 0.0000, 0.0000, -0.1053,-0.0000, 1.0000, -0.0000, -0.0000,-0.0000, 0.0000, 1.0000, -0.0053,0.0000, 0.0000, 0.0000, 1.0000///R_Foot
R_Calf_Slide__offset///1.0000, -0.0000, -0.0000, -0.1055,-0.0000, -0.0001, -1.0000, -0.0000,0.0000, 1.0000, -0.0001, 0.3587,0.0000, 0.0000, 0.0000, 1.0000///R_Leg
R_Leg__offset///0.0000, 0.0000, 1.0000, -0.1055,0.0001, 1.0000, -0.0000, -0.0000,-1.0000, 0.0001, 0.0000, 0.5801,0.0000, 0.0000, 0.0000, 1.0000///R_Leg
HLP_R_Knee__offset///0.0000, 0.0000, 1.0000, -0.1055,0.0000, 1.0000, -0.0000, -0.0212,-1.0000, 0.0000, 0.0000, 0.5803,0.0000, 0.0000, 0.0000, 1.0000///R_UpLeg
HLP_R_UpLeg_Top__offset///0.0000, -0.0000, 1.0000, -0.1055,0.0000, 1.0000, 0.0000, -0.0000,-1.0000, 0.0000, 0.0000, 1.0446,0.0000, 0.0000, 0.0000, 1.0000///R_UpLeg
HLP_R_UpLeg_Mid__offset///0.0000, -0.0000, 1.0000, -0.1055,-0.0000, 1.0000, 0.0000, -0.0000,-1.0000, -0.0000, 0.0000, 0.8334,0.0000, 0.0000, 0.0000, 1.0000///R_UpLeg
R_Thigh_Slide__offset///1.0000, -0.0000, -0.0000, -0.1055,-0.0000, 0.0001, -1.0000, -0.0011,0.0000, 1.0000, 0.0001, 0.8124,0.0000, 0.0000, 0.0000, 1.0000///R_UpLeg
R_UpLeg__offset///0.0000, 0.0000, 1.0000, -0.1055,-0.0001, 1.0000, 0.0000, -0.0000,-1.0000, -0.0001, 0.0000, 1.0443,0.0000, 0.0000, 0.0000, 1.0000///R_UpLeg
HLP_L_Butt__offset///0.0000, -0.0000, 1.0000, 0.1056,0.0000, 1.0000, 0.0000, 0.0001,-1.0000, 0.0000, 0.0000, 1.0443,0.0000, 0.0000, 0.0000, 1.0000///Hip
HLP_R_Butt__offset///0.0000, -0.0000, 1.0000, -0.1056,0.0000, 1.0000, 0.0000, 0.0001,-1.0000, 0.0000, 0.0000, 1.0443,0.0000, 0.0000, 0.0000, 1.0000///Hip
HLP_L_Inguinal__offset///-0.1165, -0.0101, -0.9931, 0.1762,0.0867, -0.9962, 0.0000, -0.0526,-0.9894, -0.0861, 0.1169, 1.1805,0.0000, 0.0000, 0.0000, 1.0000///Hip
L_Inguinal1__null///-0.1165, -0.0101, -0.9931, 0.1393,0.0867, -0.9962, 0.0000, -0.0252,-0.9894, -0.0861, 0.1169, 0.8674,0.0000, 0.0000, 0.0000, 1.0000///HLP_L_Inguinal__offset
HLP_R_Inguinal__offset///0.1165, 0.0101, -0.9931, -0.1762,0.0867, -0.9962, 0.0000, -0.0526,-0.9894, -0.0861, -0.1169, 1.1805,0.0000, 0.0000, 0.0000, 1.0000///Hip
R_Inguinal__null///0.1165, 0.0101, -0.9932, -0.1393,0.0867, -0.9962, -0.0000, -0.0252,-0.9894, -0.0861, -0.1169, 0.8674,0.0000, 0.0000, 0.0000, 1.0000///HLP_R_Inguinal__offset
Hip__offset///-0.0000, -0.0000, 1.0000, 0.0000,-0.0000, 1.0000, 0.0000, 0.0000,-1.0000, 0.0000, -0.0000, 1.2134,0.0000, 0.0000, 0.0000, 1.0000///Hip
Hip_front__offset///-0.0000, -0.0000, 1.0000, -0.0000,-0.0000, 1.0000, 0.0000, 0.0000,-1.0000, 0.0000, -0.0000, 1.2131,0.0000, 0.0000, 0.0000, 1.0000///Hip
EDIT__null///1.0000, 0.0000, 0.0000, 0.0014,0.0000, 1.0000, 0.0000, 0.0000,0.0000, 0.0000, 1.0000, -0.0000,0.0000, 0.0000, 0.0000, 1.0000///MODEL_00
Deform__null///1.0000, 0.0000, 0.0000, 0.0083,0.0000, 1.0000, 0.0000, 0.0015,0.0000, 0.0000, 1.0000, -0.0002,0.0000, 0.0000, 0.0000, 1.0000///EDIT__null
