MODEL_00///1.0000, 0.0000, 0.0000, 0.0000,0.0000, 1.0000, 0.0000, 0.0000,0.0000, 0.0000, 1.0000, 0.0000,0.0000, 0.0000, 0.0000, 1.0000///
BODY_SCALE__group///1.0000, 0.0000, 0.0000, 0.0000,0.0000, 0.0000, -1.0000, 0.0000,0.0000, 1.0000, 0.0000, 0.0000,0.0000, 0.0000, 0.0000, 1.0000///MODEL_00
Base///1.0000, 0.0000, 0.0000, 0.0000,0.0000, 0.0000, -1.0000, 0.0000,0.0000, 1.0000, 0.0000, 1.2075,0.0000, 0.0000, 0.0000, 1.0000///BODY_SCALE__group
Spine1///0.0000, -0.0000, 1.0000, 0.0000,-0.0000, -1.0000, -0.0000, 0.0000,1.0000, -0.0000, -0.0000, 1.2075,0.0000, 0.0000, 0.0000, 1.0000///Base
Spine2///0.0000, -0.0000, 1.0000, 0.0000,-0.0000, -1.0000, -0.0000, 0.0000,1.0000, 0.0000, -0.0000, 1.3986,0.0000, 0.0000, 0.0000, 1.0000///Spine1
Neck///0.0000, -0.0000, 1.0000, 0.0000,-0.0000, -1.0000, -0.0000, 0.0000,1.0000, 0.0000, -0.0000, 1.8102,0.0000, 0.0000, 0.0000, 1.0000///Spine2
HEAD///-0.0000, 1.0000, -0.0000, 0.0000,-1.0000, -0.0000, -0.0000, 0.0000,-0.0000, 0.0000, 1.0000, 2.0057,0.0000, 0.0000, 0.0000, 1.0000///Neck
Head__offset///-0.0000, 1.0000, -0.0000, 0.0000,-1.0000, -0.0000, 0.0003, 0.0000,0.0003, 0.0000, 1.0000, 2.0058,0.0000, 0.0000, 0.0000, 1.0000///HEAD
ATH_Head_Top///1.0000, 0.0000, 0.0000, -0.0000,-0.0000, 1.0000, -0.0000, 0.0000,-0.0000, 0.0000, 1.0000, 2.2156,0.0000, 0.0000, 0.0000, 1.0000///HEAD
L_Mayu2_Joint///1.0000, 0.0000, -0.0000, 0.0432,-0.0000, 0.0000, -1.0000, -0.1600,-0.0000, 1.0000, 0.0000, 2.1052,0.0000, 0.0000, 0.0000, 1.0000///HEAD
L_Mayu3_Joint///1.0000, 0.0000, -0.0000, 0.0672,-0.0000, 0.0000, -1.0000, -0.1345,-0.0000, 1.0000, 0.0000, 2.1041,0.0000, 0.0000, 0.0000, 1.0000///HEAD
L_Mayu1_Joint///1.0000, 0.0000, -0.0000, 0.0151,-0.0000, 0.0000, -1.0000, -0.1667,-0.0000, 1.0000, 0.0000, 2.0971,0.0000, 0.0000, 0.0000, 1.0000///HEAD
R_Mayu3_Joint///1.0000, 0.0000, -0.0000, -0.0672,-0.0000, 0.0000, -1.0000, -0.1345,-0.0000, 1.0000, 0.0000, 2.1041,0.0000, 0.0000, 0.0000, 1.0000///HEAD
R_Mayu2_Joint///1.0000, 0.0000, -0.0000, -0.0432,-0.0000, 0.0000, -1.0000, -0.1600,-0.0000, 1.0000, 0.0000, 2.1052,0.0000, 0.0000, 0.0000, 1.0000///HEAD
R_Mayu1_Joint///1.0000, 0.0000, -0.0000, -0.0151,-0.0000, 0.0000, -1.0000, -0.1667,-0.0000, 1.0000, 0.0000, 2.0971,0.0000, 0.0000, 0.0000, 1.0000///HEAD
R_Eyecorner///1.0000, 0.0000, -0.0000, -0.0579,-0.0000, 0.0000, -1.0000, -0.1210,-0.0000, 1.0000, 0.0000, 2.0576,0.0000, 0.0000, 0.0000, 1.0000///HEAD
R_UwaMabuta_Joint///1.0000, 0.0000, -0.0000, -0.0303,-0.0000, 0.0000, -1.0000, -0.1300,-0.0000, 1.0000, 0.0000, 2.0886,0.0000, 0.0000, 0.0000, 1.0000///HEAD
R_UpEyelid1///1.0000, 0.0000, -0.0000, -0.0248,-0.0000, 0.0000, -1.0000, -0.1511,-0.0000, 1.0000, 0.0000, 2.0939,0.0000, 0.0000, 0.0000, 1.0000///R_UwaMabuta_Joint
R_UpEyelid2///1.0000, 0.0000, -0.0000, -0.0430,-0.0000, 0.0000, -1.0000, -0.1472,-0.0000, 1.0000, 0.0000, 2.0948,0.0000, 0.0000, 0.0000, 1.0000///R_UwaMabuta_Joint
L_UwaMabuta_Joint///1.0000, 0.0000, 0.0000, 0.0303,0.0000, -0.0000, -1.0000, -0.1300,-0.0000, 1.0000, -0.0000, 2.0886,0.0000, 0.0000, 0.0000, 1.0000///HEAD
L_UpEyelid2///1.0000, 0.0000, 0.0000, 0.0430,0.0000, -0.0000, -1.0000, -0.1472,-0.0000, 1.0000, -0.0000, 2.0947,0.0000, 0.0000, 0.0000, 1.0000///L_UwaMabuta_Joint
L_UpEyelid1///1.0000, 0.0000, 0.0000, 0.0248,0.0000, -0.0000, -1.0000, -0.1511,-0.0000, 1.0000, -0.0000, 2.0939,0.0000, 0.0000, 0.0000, 1.0000///L_UwaMabuta_Joint
L_Eyecorner///1.0000, 0.0000, -0.0000, 0.0579,-0.0000, 0.0000, -1.0000, -0.1210,-0.0000, 1.0000, 0.0000, 2.0576,0.0000, 0.0000, 0.0000, 1.0000///HEAD
L_Eye_Joint///1.0000, 0.0000, 0.0000, 0.0303,0.0000, -0.0000, -1.0000, -0.1300,-0.0000, 1.0000, -0.0000, 2.0886,0.0000, 0.0000, 0.0000, 1.0000///HEAD
R_Eye_Joint///1.0000, 0.0000, -0.0000, -0.0303,-0.0000, 0.0000, -1.0000, -0.1300,-0.0000, 1.0000, 0.0000, 2.0886,0.0000, 0.0000, 0.0000, 1.0000///HEAD
R_SitaMabuta_Joint///1.0000, 0.0000, -0.0000, -0.0303,-0.0000, 0.0000, -1.0000, -0.1300,-0.0000, 1.0000, 0.0000, 2.0881,0.0000, 0.0000, 0.0000, 1.0000///HEAD
R_LowEyelid1///1.0000, 0.0000, -0.0000, -0.0274,-0.0000, 0.0000, -1.0000, -0.1496,-0.0000, 1.0000, 0.0000, 2.0803,0.0000, 0.0000, 0.0000, 1.0000///R_SitaMabuta_Joint
R_LowEyelid2///1.0000, 0.0000, -0.0000, -0.0447,-0.0000, 0.0000, -1.0000, -0.1450,-0.0000, 1.0000, 0.0000, 2.0832,0.0000, 0.0000, 0.0000, 1.0000///R_SitaMabuta_Joint
L_SitaMabuta_Joint///1.0000, 0.0000, -0.0000, 0.0303,-0.0000, 0.0000, -1.0000, -0.1300,-0.0000, 1.0000, 0.0000, 2.0881,0.0000, 0.0000, 0.0000, 1.0000///HEAD
L_LowEyelid2///1.0000, 0.0000, -0.0000, 0.0447,-0.0000, 0.0000, -1.0000, -0.1450,-0.0000, 1.0000, 0.0000, 2.0832,0.0000, 0.0000, 0.0000, 1.0000///L_SitaMabuta_Joint
L_LowEyelid1///1.0000, 0.0000, -0.0000, 0.0274,-0.0000, 0.0000, -1.0000, -0.1496,-0.0000, 1.0000, 0.0000, 2.0802,0.0000, 0.0000, 0.0000, 1.0000///L_SitaMabuta_Joint
L_Hoho_Joint///1.0000, 0.0000, -0.0000, 0.0579,-0.0000, 0.0000, -1.0000, -0.1400,-0.0000, 1.0000, 0.0000, 2.0683,0.0000, 0.0000, 0.0000, 1.0000///HEAD
L_Hana_Joint///1.0000, 0.0000, -0.0000, 0.0182,-0.0000, 0.0000, -1.0000, -0.1567,-0.0000, 1.0000, 0.0000, 2.0687,0.0000, 0.0000, 0.0000, 1.0000///HEAD
R_Hana_Joint///1.0000, 0.0000, -0.0000, -0.0182,-0.0000, 0.0000, -1.0000, -0.1567,-0.0000, 1.0000, 0.0000, 2.0687,0.0000, 0.0000, 0.0000, 1.0000///HEAD
R_Hoho_Joint///1.0000, 0.0000, -0.0000, -0.0579,-0.0000, 0.0000, -1.0000, -0.1400,-0.0000, 1.0000, 0.0000, 2.0683,0.0000, 0.0000, 0.0000, 1.0000///HEAD
L_Kobana_Joint///1.0000, 0.0000, -0.0000, 0.0144,-0.0000, 0.0000, -1.0000, -0.1641,-0.0000, 1.0000, 0.0000, 2.0487,0.0000, 0.0000, 0.0000, 1.0000///HEAD
R_Kobana_Joint///1.0000, 0.0000, -0.0000, -0.0144,-0.0000, 0.0000, -1.0000, -0.1641,-0.0000, 1.0000, 0.0000, 2.0487,0.0000, 0.0000, 0.0000, 1.0000///HEAD
L_Chobo_Joint///1.0000, 0.0000, -0.0000, 0.0688,-0.0000, 0.0000, -1.0000, -0.1083,-0.0000, 1.0000, 0.0000, 2.0271,0.0000, 0.0000, 0.0000, 1.0000///HEAD
R_Chobo_Joint///1.0000, 0.0000, -0.0000, -0.0688,-0.0000, 0.0000, -1.0000, -0.1083,-0.0000, 1.0000, 0.0000, 2.0271,0.0000, 0.0000, 0.0000, 1.0000///HEAD
L_LipU_Joint///1.0000, 0.0000, -0.0000, 0.0178,-0.0000, 0.0000, -1.0000, -0.1630,-0.0000, 1.0000, 0.0000, 2.0251,0.0000, 0.0000, 0.0000, 1.0000///HEAD
R_LipU_Joint///1.0000, 0.0000, -0.0000, -0.0178,-0.0000, 0.0000, -1.0000, -0.1630,-0.0000, 1.0000, 0.0000, 2.0251,0.0000, 0.0000, 0.0000, 1.0000///HEAD
M_LipU_Joint///1.0000, 0.0000, -0.0000, -0.0001,-0.0000, 0.0000, -1.0000, -0.1695,-0.0000, 1.0000, 0.0000, 2.0232,0.0000, 0.0000, 0.0000, 1.0000///HEAD
Jaw_Joint///1.0000, 0.0000, -0.0000, -0.0000,-0.0000, 0.0000, -1.0000, -0.0620,-0.0000, 1.0000, 0.0000, 2.0402,0.0000, 0.0000, 0.0000, 1.0000///HEAD
L_LipD_Joint///1.0000, 0.0000, -0.0000, 0.0198,-0.0000, 0.0000, -1.0000, -0.1607,-0.0000, 1.0000, 0.0000, 1.9995,0.0000, 0.0000, 0.0000, 1.0000///Jaw_Joint
R_LipD_Joint///1.0000, 0.0000, -0.0000, -0.0198,-0.0000, 0.0000, -1.0000, -0.1607,-0.0000, 1.0000, 0.0000, 1.9995,0.0000, 0.0000, 0.0000, 1.0000///Jaw_Joint
M_LipD_Joint///1.0000, 0.0000, -0.0000, -0.0000,-0.0000, 0.0000, -1.0000, -0.1652,-0.0000, 1.0000, 0.0000, 1.9991,0.0000, 0.0000, 0.0000, 1.0000///Jaw_Joint
L_LipE_Joint///1.0000, 0.0000, -0.0000, 0.0353,-0.0000, 0.0000, -1.0000, -0.1400,-0.0000, 1.0000, 0.0000, 2.0068,0.0000, 0.0000, 0.0000, 1.0000///Jaw_Joint
R_LipE_Joint///1.0000, -0.0000, -0.0000, -0.0353,-0.0000, 0.0000, -1.0000, -0.1400,0.0000, 1.0000, -0.0000, 2.0068,0.0000, 0.0000, 0.0000, 1.0000///Jaw_Joint
Bero1_Joint///0.0000, -0.0000, -1.0000, -0.0000,-1.0000, -0.0000, -0.0000, -0.0933,-0.0000, 1.0000, -0.0000, 1.9998,0.0000, 0.0000, 0.0000, 1.0000///Jaw_Joint
Bero1_Joint_pos///1.0000, 0.0000, 0.0000, -0.0000,0.0000, 0.0000, -1.0000, -0.1242,-0.0000, 1.0000, -0.0000, 2.0107,0.0000, 0.0000, 0.0000, 1.0000///Bero1_Joint
Bero2_Joint///-0.0000, 0.0001, -1.0000, -0.0000,-0.9158, -0.4016, -0.0000, -0.1242,-0.4016, 0.9158, 0.0001, 2.0107,0.0000, 0.0000, 0.0000, 1.0000///Bero1_Joint_pos
Bero3_Joint///1.0000, 0.0001, 0.0000, -0.0000,0.0000, 0.0000, -1.0000, -0.1433,-0.0001, 1.0000, -0.0000, 2.0050,0.0000, 0.0000, 0.0000, 1.0000///Bero2_Joint
Neck__offset///-0.0194, -0.0000, -0.9998, 0.0000,-0.0001, -1.0000, 0.0000, 0.0000,-0.9998, 0.0001, 0.0194, 1.8101,0.0000, 0.0000, 0.0000, 1.0000///Neck
Neck_back__offset///-0.0194, -0.0000, -0.9998, 0.0000,-0.0001, -1.0000, 0.0000, 0.0000,-0.9998, 0.0001, 0.0194, 1.8103,0.0000, 0.0000, 0.0000, 1.0000///Neck
L_Shoulder///1.0000, -0.0000, -0.0000, 0.1470,-0.0000, 0.0000, -1.0000, 0.0000,0.0000, 1.0000, -0.0000, 1.7220,0.0000, 0.0000, 0.0000, 1.0000///Spine2
L_Arm///1.0000, -0.0000, -0.0000, 0.4351,0.0000, 1.0000, 0.0000, 0.0000,0.0000, -0.0000, 1.0000, 1.7220,0.0000, 0.0000, 0.0000, 1.0000///L_Shoulder
L_ForeArm///1.0000, 0.0000, -0.0000, 0.8488,-0.0000, 1.0000, 0.0000, 0.0000,0.0000, -0.0000, 1.0000, 1.7220,0.0000, 0.0000, 0.0000, 1.0000///L_Arm
L_Hand///1.0000, -0.0000, -0.0000, 1.1659,-0.0000, 0.0000, -1.0000, 0.0000,0.0000, 1.0000, 0.0000, 1.7220,0.0000, 0.0000, 0.0000, 1.0000///L_ForeArm
L_FingerBase///1.0000, 0.0000, -0.0000, 1.1757,-0.0000, 0.0000, -1.0000, -0.0391,0.0000, 1.0000, 0.0000, 1.7220,0.0000, 0.0000, 0.0000, 1.0000///L_Hand
L_Middle///1.0000, 0.0000, -0.0000, 1.1757,-0.0000, 0.0000, -1.0000, -0.0195,0.0000, 1.0000, 0.0000, 1.7220,0.0000, 0.0000, 0.0000, 1.0000///L_FingerBase
L_Ring///1.0000, 0.0000, -0.0000, 1.1757,-0.0000, 0.0000, -1.0000, 0.0000,0.0000, 1.0000, 0.0000, 1.7220,0.0000, 0.0000, 0.0000, 1.0000///L_Middle
L_Pinky///1.0000, 0.0000, -0.0000, 1.1757,-0.0000, 0.0000, -1.0000, 0.0196,0.0000, 1.0000, 0.0000, 1.7220,0.0000, 0.0000, 0.0000, 1.0000///L_Ring
L_Pinky1///1.0000, -0.0000, -0.0000, 1.3769,-0.0000, 0.0000, -1.0000, 0.0752,0.0000, 1.0000, 0.0000, 1.7251,0.0000, 0.0000, 0.0000, 1.0000///L_Pinky
L_Pinky2///1.0000, -0.0000, -0.0000, 1.4707,-0.0000, 0.0000, -1.0000, 0.0752,0.0000, 1.0000, 0.0000, 1.7251,0.0000, 0.0000, 0.0000, 1.0000///L_Pinky1
L_Pinky3///1.0000, -0.0000, -0.0000, 1.5133,-0.0000, 0.0000, -1.0000, 0.0752,0.0000, 1.0000, 0.0000, 1.7251,0.0000, 0.0000, 0.0000, 1.0000///L_Pinky2
L_Pinky4__null///1.0000, -0.0000, -0.0000, 1.5719,-0.0000, 0.0000, -1.0000, 0.0752,0.0000, 1.0000, 0.0000, 1.7251,0.0000, 0.0000, 0.0000, 1.0000///L_Pinky3
L_Ring1///1.0000, -0.0000, -0.0000, 1.4029,-0.0000, 0.0000, -1.0000, 0.0280,0.0000, 1.0000, 0.0000, 1.7287,0.0000, 0.0000, 0.0000, 1.0000///L_Ring
L_Ring2///1.0000, -0.0000, -0.0000, 1.5068,-0.0000, 0.0000, -1.0000, 0.0280,0.0000, 1.0000, 0.0000, 1.7287,0.0000, 0.0000, 0.0000, 1.0000///L_Ring1
L_Ring3///1.0000, -0.0000, -0.0000, 1.5681,-0.0000, 0.0000, -1.0000, 0.0280,0.0000, 1.0000, 0.0000, 1.7287,0.0000, 0.0000, 0.0000, 1.0000///L_Ring2
L_Ring4__null///1.0000, -0.0000, -0.0000, 1.6267,-0.0000, 0.0000, -1.0000, 0.0280,0.0000, 1.0000, 0.0000, 1.7287,0.0000, 0.0000, 0.0000, 1.0000///L_Ring3
L_Middle1///1.0000, -0.0000, -0.0000, 1.4098,-0.0000, 0.0000, -1.0000, -0.0250,0.0000, 1.0000, 0.0000, 1.7324,0.0000, 0.0000, 0.0000, 1.0000///L_Middle
L_Middle2///1.0000, -0.0000, -0.0000, 1.5240,-0.0000, 0.0000, -1.0000, -0.0250,0.0000, 1.0000, 0.0000, 1.7324,0.0000, 0.0000, 0.0000, 1.0000///L_Middle1
L_Middle3///1.0000, -0.0000, -0.0000, 1.5907,-0.0000, 0.0000, -1.0000, -0.0250,0.0000, 1.0000, 0.0000, 1.7324,0.0000, 0.0000, 0.0000, 1.0000///L_Middle2
L_Middle4__null///1.0000, -0.0000, -0.0000, 1.6494,-0.0000, 0.0000, -1.0000, -0.0250,0.0000, 1.0000, 0.0000, 1.7324,0.0000, 0.0000, 0.0000, 1.0000///L_Middle3
L_Index1///1.0000, -0.0000, -0.0000, 1.4098,-0.0000, 0.0000, -1.0000, -0.0805,0.0000, 1.0000, 0.0000, 1.7324,0.0000, 0.0000, 0.0000, 1.0000///L_FingerBase
L_Index2///1.0000, -0.0000, -0.0000, 1.5181,-0.0000, 0.0000, -1.0000, -0.0805,0.0000, 1.0000, 0.0000, 1.7324,0.0000, 0.0000, 0.0000, 1.0000///L_Index1
L_Index3///1.0000, -0.0000, -0.0000, 1.5807,-0.0000, 0.0000, -1.0000, -0.0805,0.0000, 1.0000, 0.0000, 1.7324,0.0000, 0.0000, 0.0000, 1.0000///L_Index2
L_Index4__null///1.0000, -0.0000, -0.0000, 1.6394,-0.0000, 0.0000, -1.0000, -0.0805,0.0000, 1.0000, 0.0000, 1.7324,0.0000, 0.0000, 0.0000, 1.0000///L_Index3
L_Thumb1///0.8053, -0.2750, -0.5252, 1.2135,-0.5122, -0.7689, -0.3827, -0.0873,-0.2986, 0.5772, -0.7600, 1.6934,0.0000, 0.0000, 0.0000, 1.0000///L_FingerBase
L_Thumb2///0.8053, -0.2750, -0.5252, 1.3156,-0.5122, -0.7689, -0.3827, -0.1522,-0.2986, 0.5772, -0.7600, 1.6555,0.0000, 0.0000, 0.0000, 1.0000///L_Thumb1
L_Thumb3///0.8053, -0.2750, -0.5252, 1.3772,-0.5122, -0.7689, -0.3827, -0.1914,-0.2986, 0.5772, -0.7600, 1.6327,0.0000, 0.0000, 0.0000, 1.0000///L_Thumb2
L_Thumb4__null///0.8053, -0.2750, -0.5252, 1.4245,-0.5122, -0.7689, -0.3827, -0.2215,-0.2986, 0.5772, -0.7600, 1.6152,0.0000, 0.0000, 0.0000, 1.0000///L_Thumb3
HLP_L_ForeArm_Mid__offset///1.0000, -0.0000, -0.0000, 1.0280,-0.0000, 0.0000, -1.0000, 0.0001,0.0000, 1.0000, 0.0000, 1.7220,0.0000, 0.0000, 0.0000, 1.0000///L_ForeArm
HLP_L_ForeArm_Btm__offset///1.0000, -0.0000, -0.0000, 1.1383,-0.0000, 0.0000, -1.0000, 0.0000,0.0000, 1.0000, 0.0000, 1.7220,0.0000, 0.0000, 0.0000, 1.0000///L_ForeArm
HLP_L_Elbow__offset///1.0000, 0.0000, -0.0000, 0.8488,-0.0000, 1.0000, 0.0000, 0.0414,0.0000, -0.0000, 1.0000, 1.7220,0.0000, 0.0000, 0.0000, 1.0000///L_ForeArm
L_ForeArm_Slide__offset///1.0000, -0.0000, -0.0000, 0.9973,0.0000, 1.0000, 0.0000, 0.0001,0.0000, -0.0000, 1.0000, 1.7220,0.0000, 0.0000, 0.0000, 1.0000///L_ForeArm
L_ForeArm__offset///1.0000, 0.0000, -0.0000, 0.8489,-0.0000, 1.0000, 0.0000, 0.0000,0.0000, -0.0000, 1.0000, 1.7220,0.0000, 0.0000, 0.0000, 1.0000///L_ForeArm
ATH_L_ForeArm///1.0000, -0.0029, 0.0001, 0.8488,0.0029, 1.0000, 0.0000, -0.0011,-0.0001, 0.0000, 1.0000, 1.7231,0.0000, 0.0000, 0.0000, 1.0000///L_ForeArm
HLP_L_Arm_Top__offset///1.0000, 0.0000, -0.0000, 0.4353,0.0000, 1.0000, 0.0000, 0.0000,0.0000, 0.0000, 1.0000, 1.7220,0.0000, 0.0000, 0.0000, 1.0000///L_Arm
HLP_L_Arm_Mid__offset///1.0000, -0.0000, -0.0000, 0.6280,0.0000, 1.0000, 0.0000, 0.0000,0.0000, -0.0000, 1.0000, 1.7220,0.0000, 0.0000, 0.0000, 1.0000///L_Arm
L_Bicep_Slide__offset///1.0000, -0.0000, -0.0000, 0.6550,0.0000, 1.0000, 0.0000, -0.0021,0.0000, -0.0000, 1.0000, 1.7220,0.0000, 0.0000, 0.0000, 1.0000///L_Arm
L_Tricep_Slide__offset///1.0000, -0.0000, -0.0000, 0.6550,0.0000, 1.0000, 0.0000, 0.0006,0.0000, -0.0000, 1.0000, 1.7220,0.0000, 0.0000, 0.0000, 1.0000///L_Arm
L_Arm_Btm__offset///1.0000, -0.0000, -0.0000, 0.8486,0.0000, 1.0000, 0.0000, 0.0000,0.0000, -0.0000, 1.0000, 1.7220,0.0000, 0.0000, 0.0000, 1.0000///L_Arm
HLP_L_ShldrBlade__offset///1.0000, -0.0000, -0.0000, 0.2170,0.0000, 1.0000, 0.0000, -0.0013,0.0000, -0.0000, 1.0000, 1.6941,0.0000, 0.0000, 0.0000, 1.0000///L_Shoulder
HLP_L_Shldr_B__offset///1.0000, -0.0000, -0.0000, 0.4349,0.0000, 1.0000, 0.0000, 0.0000,0.0000, -0.0000, 1.0000, 1.7220,0.0000, 0.0000, 0.0000, 1.0000///L_Shoulder
R_Shoulder///-1.0000, -0.0000, -0.0000, -0.1470,0.0000, 0.0000, -1.0000, 0.0000,0.0000, -1.0000, -0.0000, 1.7220,0.0000, 0.0000, 0.0000, 1.0000///Spine2
R_Arm///-1.0000, 0.0000, 0.0000, -0.4351,0.0000, 1.0000, -0.0000, 0.0000,-0.0000, -0.0000, -1.0000, 1.7220,0.0000, 0.0000, 0.0000, 1.0000///R_Shoulder
R_ForeArm///-1.0000, -0.0000, 0.0000, -0.8488,-0.0000, 1.0000, -0.0000, 0.0000,-0.0000, -0.0000, -1.0000, 1.7220,0.0000, 0.0000, 0.0000, 1.0000///R_Arm
R_Hand///-1.0000, 0.0000, 0.0000, -1.1659,-0.0000, -0.0000, -1.0000, 0.0000,0.0000, -1.0000, 0.0000, 1.7220,0.0000, 0.0000, 0.0000, 1.0000///R_ForeArm
R_FingerBase///-1.0000, -0.0000, 0.0000, -1.1757,-0.0000, -0.0000, -1.0000, -0.0391,0.0000, -1.0000, 0.0000, 1.7220,0.0000, 0.0000, 0.0000, 1.0000///R_Hand
R_Middle///-1.0000, -0.0000, 0.0000, -1.1757,-0.0000, -0.0000, -1.0000, -0.0195,0.0000, -1.0000, 0.0000, 1.7220,0.0000, 0.0000, 0.0000, 1.0000///R_FingerBase
R_Ring///-1.0000, -0.0000, 0.0000, -1.1757,-0.0000, -0.0000, -1.0000, 0.0000,0.0000, -1.0000, 0.0000, 1.7220,0.0000, 0.0000, 0.0000, 1.0000///R_Middle
R_Pinky///-1.0000, -0.0000, 0.0000, -1.1757,-0.0000, -0.0000, -1.0000, 0.0196,0.0000, -1.0000, 0.0000, 1.7220,0.0000, 0.0000, 0.0000, 1.0000///R_Ring
R_Pinky1///-1.0000, 0.0000, 0.0000, -1.3769,-0.0000, -0.0000, -1.0000, 0.0753,0.0000, -1.0000, 0.0000, 1.7251,0.0000, 0.0000, 0.0000, 1.0000///R_Pinky
R_Pinky2///-1.0000, 0.0000, 0.0000, -1.4707,-0.0000, -0.0000, -1.0000, 0.0753,0.0000, -1.0000, 0.0000, 1.7251,0.0000, 0.0000, 0.0000, 1.0000///R_Pinky1
R_Pinky3///-1.0000, 0.0000, 0.0000, -1.5133,-0.0000, -0.0000, -1.0000, 0.0753,0.0000, -1.0000, 0.0000, 1.7251,0.0000, 0.0000, 0.0000, 1.0000///R_Pinky2
R_Pinky4__null///-1.0000, 0.0000, 0.0000, -1.5719,-0.0000, -0.0000, -1.0000, 0.0753,0.0000, -1.0000, 0.0000, 1.7251,0.0000, 0.0000, 0.0000, 1.0000///R_Pinky3
R_Ring1///-1.0000, 0.0000, 0.0000, -1.4029,-0.0000, -0.0000, -1.0000, 0.0281,0.0000, -1.0000, 0.0000, 1.7287,0.0000, 0.0000, 0.0000, 1.0000///R_Ring
R_Ring2///-1.0000, 0.0000, 0.0000, -1.5068,-0.0000, -0.0000, -1.0000, 0.0281,0.0000, -1.0000, 0.0000, 1.7287,0.0000, 0.0000, 0.0000, 1.0000///R_Ring1
R_Ring3///-1.0000, 0.0000, 0.0000, -1.5681,-0.0000, -0.0000, -1.0000, 0.0281,0.0000, -1.0000, 0.0000, 1.7287,0.0000, 0.0000, 0.0000, 1.0000///R_Ring2
R_Ring4__null///-1.0000, 0.0000, 0.0000, -1.6267,-0.0000, -0.0000, -1.0000, 0.0281,0.0000, -1.0000, 0.0000, 1.7287,0.0000, 0.0000, 0.0000, 1.0000///R_Ring3
R_Middle1///-1.0000, 0.0000, 0.0000, -1.4098,-0.0000, -0.0000, -1.0000, -0.0250,0.0000, -1.0000, 0.0000, 1.7324,0.0000, 0.0000, 0.0000, 1.0000///R_Middle
R_Middle2///-1.0000, 0.0000, 0.0000, -1.5240,-0.0000, -0.0000, -1.0000, -0.0250,0.0000, -1.0000, 0.0000, 1.7324,0.0000, 0.0000, 0.0000, 1.0000///R_Middle1
R_Middle3///-1.0000, 0.0000, 0.0000, -1.5907,-0.0000, -0.0000, -1.0000, -0.0250,0.0000, -1.0000, 0.0000, 1.7324,0.0000, 0.0000, 0.0000, 1.0000///R_Middle2
R_Middle4__null///-1.0000, 0.0000, 0.0000, -1.6494,-0.0000, -0.0000, -1.0000, -0.0250,0.0000, -1.0000, 0.0000, 1.7324,0.0000, 0.0000, 0.0000, 1.0000///R_Middle3
R_Index1///-1.0000, 0.0000, 0.0000, -1.4098,-0.0000, -0.0000, -1.0000, -0.0805,0.0000, -1.0000, 0.0000, 1.7324,0.0000, 0.0000, 0.0000, 1.0000///R_FingerBase
R_Index2///-1.0000, 0.0000, 0.0000, -1.5181,-0.0000, -0.0000, -1.0000, -0.0805,0.0000, -1.0000, 0.0000, 1.7324,0.0000, 0.0000, 0.0000, 1.0000///R_Index1
R_Index3///-1.0000, 0.0000, 0.0000, -1.5807,-0.0000, -0.0000, -1.0000, -0.0805,0.0000, -1.0000, 0.0000, 1.7324,0.0000, 0.0000, 0.0000, 1.0000///R_Index2
R_Index4__null///-1.0000, 0.0000, 0.0000, -1.6394,-0.0000, -0.0000, -1.0000, -0.0805,0.0000, -1.0000, 0.0000, 1.7324,0.0000, 0.0000, 0.0000, 1.0000///R_Index3
R_Thumb1///-0.8053, -0.2750, 0.5252, -1.2135,-0.5122, 0.7689, -0.3827, -0.0873,-0.2986, -0.5772, -0.7601, 1.6934,0.0000, 0.0000, 0.0000, 1.0000///R_FingerBase
R_Thumb2///-0.8053, -0.2750, 0.5252, -1.3156,-0.5122, 0.7689, -0.3827, -0.1522,-0.2986, -0.5772, -0.7601, 1.6555,0.0000, 0.0000, 0.0000, 1.0000///R_Thumb1
R_Thumb3///-0.8053, -0.2750, 0.5252, -1.3772,-0.5122, 0.7689, -0.3827, -0.1914,-0.2986, -0.5772, -0.7601, 1.6327,0.0000, 0.0000, 0.0000, 1.0000///R_Thumb2
R_Thumb4__null///-0.8053, -0.2750, 0.5252, -1.4245,-0.5122, 0.7689, -0.3827, -0.2214,-0.2986, -0.5772, -0.7601, 1.6152,0.0000, 0.0000, 0.0000, 1.0000///R_Thumb3
HLP_R_ForeArm_Mid__offset///-1.0000, 0.0000, 0.0000, -1.0280,-0.0000, -0.0000, -1.0000, 0.0001,-0.0000, -1.0000, 0.0000, 1.7220,0.0000, 0.0000, 0.0000, 1.0000///R_ForeArm
HLP_R_ForeArm_Btm__offset///-1.0000, 0.0000, 0.0000, -1.1383,-0.0000, -0.0000, -1.0000, 0.0000,0.0000, -1.0000, 0.0000, 1.7220,0.0000, 0.0000, 0.0000, 1.0000///R_ForeArm
HLP_R_Elbow__offset///-1.0000, -0.0000, 0.0000, -0.8488,-0.0000, 1.0000, -0.0000, 0.0414,-0.0000, -0.0000, -1.0000, 1.7220,0.0000, 0.0000, 0.0000, 1.0000///R_ForeArm
R_ForeArm_Slide__offset///-1.0000, 0.0000, 0.0000, -0.9973,-0.0000, -0.0000, -1.0000, 0.0001,-0.0000, -1.0000, 0.0000, 1.7220,0.0000, 0.0000, 0.0000, 1.0000///R_ForeArm
R_ForeArm__offset///-1.0000, -0.0000, 0.0000, -0.8489,-0.0000, 1.0000, -0.0000, 0.0000,-0.0000, -0.0000, -1.0000, 1.7220,0.0000, 0.0000, 0.0000, 1.0000///R_ForeArm
ATH_R_ForeArm///-1.0000, -0.0001, 0.0001, -0.8488,-0.0001, 1.0000, 0.0000, -0.0011,-0.0001, 0.0000, -1.0000, 1.7210,0.0000, 0.0000, 0.0000, 1.0000///R_ForeArm
HLP_R_Arm_Top__offset///-1.0000, 0.0000, -0.0000, -0.4353,0.0000, 1.0000, 0.0000, 0.0000,0.0000, 0.0000, -1.0000, 1.7220,0.0000, 0.0000, 0.0000, 1.0000///R_Arm
HLP_R_Arm_Mid__offset///-1.0000, 0.0000, 0.0000, -0.6280,0.0000, 1.0000, -0.0000, 0.0000,-0.0000, -0.0000, -1.0000, 1.7220,0.0000, 0.0000, 0.0000, 1.0000///R_Arm
R_Bicep_Slide__offset///-1.0000, 0.0000, 0.0000, -0.6550,0.0000, 1.0000, -0.0000, -0.0021,-0.0000, -0.0000, -1.0000, 1.7220,0.0000, 0.0000, 0.0000, 1.0000///R_Arm
R_Tricep_Slide__offset///-1.0000, 0.0000, 0.0000, -0.6550,0.0000, 1.0000, -0.0000, 0.0006,-0.0000, -0.0000, -1.0000, 1.7220,0.0000, 0.0000, 0.0000, 1.0000///R_Arm
R_Arm_Btm__offset///-1.0000, 0.0000, 0.0000, -0.8486,0.0000, 1.0000, -0.0000, 0.0000,-0.0000, -0.0000, -1.0000, 1.7220,0.0000, 0.0000, 0.0000, 1.0000///R_Arm
HLP_R_ShldrBlade__offset///-1.0000, 0.0000, 0.0000, -0.2170,0.0000, 1.0000, -0.0000, -0.0013,-0.0000, -0.0000, -1.0000, 1.6941,0.0000, 0.0000, 0.0000, 1.0000///R_Shoulder
HLP_R_Shldr_B__offset///-1.0000, 0.0000, 0.0000, -0.4349,0.0000, 1.0000, -0.0000, 0.0000,-0.0000, -0.0000, -1.0000, 1.7220,0.0000, 0.0000, 0.0000, 1.0000///R_Shoulder
HLP_L_CollarBone__offset///0.9851, -0.0001, 0.1722, 0.0147,0.1722, -0.0000, -0.9851, -0.0735,0.0001, 1.0000, -0.0000, 1.7220,0.0000, 0.0000, 0.0000, 1.0000///Spine2
HLP_L_Shldr_F__offset///0.9805, 0.1257, 0.1512, 0.1987,0.1502, 0.0171, -0.9885, -0.0938,-0.1269, 0.9919, -0.0022, 1.8302,0.0000, 0.0000, 0.0000, 1.0000///HLP_L_CollarBone__offset
L_Shldr_F1__null///0.9805, 0.1257, 0.1512, 0.3428,0.1502, 0.0171, -0.9885, -0.0717,-0.1269, 0.9919, -0.0022, 1.8115,0.0000, 0.0000, 0.0000, 1.0000///HLP_L_Shldr_F__offset
HLP_L_CollarBone_up__offset///0.9851, -0.0001, 0.1722, 0.0147,0.1722, -0.0000, -0.9851, -0.0733,0.0001, 1.0000, -0.0000, 1.7220,0.0000, 0.0000, 0.0000, 1.0000///HLP_L_CollarBone__offset
L_CollarBone1__null///0.9851, -0.0001, 0.1722, 0.2898,0.1722, -0.0000, -0.9851, -0.0254,0.0001, 1.0000, -0.0000, 1.7220,0.0000, 0.0000, 0.0000, 1.0000///HLP_L_CollarBone__offset
HLP_R_CollarBone__offset///-0.9851, -0.0001, -0.1722, -0.0147,0.1722, 0.0000, -0.9851, -0.0735,0.0001, -1.0000, 0.0000, 1.7219,0.0000, 0.0000, 0.0000, 1.0000///Spine2
HLP_R_Shldr_F__offset///-0.9805, -0.1257, 0.1512, -0.1987,0.1503, 0.0171, 0.9885, -0.0938,-0.1269, 0.9919, 0.0022, 1.8302,0.0000, 0.0000, 0.0000, 1.0000///HLP_R_CollarBone__offset
R_Shldr_F1__null///-0.9805, -0.1257, 0.1512, -0.3428,0.1503, 0.0171, 0.9885, -0.0717,-0.1269, 0.9919, 0.0022, 1.8115,0.0000, 0.0000, 0.0000, 1.0000///HLP_R_Shldr_F__offset
HLP_R_CollarBone_up__offset///-0.9851, -0.0001, -0.1722, -0.0147,0.1722, 0.0000, -0.9851, -0.0733,0.0001, -1.0000, 0.0000, 1.7219,0.0000, 0.0000, 0.0000, 1.0000///HLP_R_CollarBone__offset
R_CollarBone1__null///-0.9851, -0.0001, -0.1722, -0.2899,0.1722, 0.0000, -0.9851, -0.0254,0.0001, -1.0000, 0.0000, 1.7220,0.0000, 0.0000, 0.0000, 1.0000///HLP_R_CollarBone__offset
HLP_L_Pectoral__offset///0.9823, -0.1822, 0.0444, 0.0001,0.0437, -0.0081, -0.9990, -0.0279,0.1824, 0.9832, 0.0000, 1.6054,0.0000, 0.0000, 0.0000, 1.0000///Spine2
L_Pectoral__null///0.9823, -0.1822, 0.0444, 0.2889,0.0437, -0.0081, -0.9990, -0.0151,0.1824, 0.9832, 0.0000, 1.6590,0.0000, 0.0000, 0.0000, 1.0000///HLP_L_Pectoral__offset
HLP_L_Pectoral_side__offset///0.9823, -0.1822, 0.0444, 0.0001,0.0437, -0.0081, -0.9990, -0.0279,0.1824, 0.9832, 0.0000, 1.6056,0.0000, 0.0000, 0.0000, 1.0000///HLP_L_Pectoral__offset
HLP_R_Pectoral__offset///-0.9823, 0.1822, 0.0444, -0.0001,0.0437, -0.0081, 0.9990, -0.0279,0.1824, 0.9832, -0.0000, 1.6054,0.0000, 0.0000, 0.0000, 1.0000///Spine2
R_Pectoral__null///-0.9823, 0.1822, 0.0444, -0.2889,0.0437, -0.0081, 0.9990, -0.0151,0.1824, 0.9832, -0.0000, 1.6590,0.0000, 0.0000, 0.0000, 1.0000///HLP_R_Pectoral__offset
HLP_R_Pectoral_side__offset///-0.9823, 0.1822, 0.0444, -0.0001,0.0437, -0.0081, 0.9990, -0.0279,0.1824, 0.9832, -0.0000, 1.6056,0.0000, 0.0000, 0.0000, 1.0000///HLP_R_Pectoral__offset
Spine2__offset///0.0000, -0.0000, 1.0000, 0.0000,-0.0000, -1.0000, -0.0000, 0.0000,1.0000, 0.0000, -0.0000, 1.3985,0.0000, 0.0000, 0.0000, 1.0000///Spine2
Spine2_breast__offset///0.0000, -0.0000, 1.0000, 0.0000,-0.0000, -1.0000, -0.0000, 0.0002,1.0000, 0.0000, -0.0000, 1.3991,0.0000, 0.0000, 0.0000, 1.0000///Spine2__offset
Spine2up__offset///0.0000, -0.0000, 1.0000, 0.0000,-0.0000, -1.0000, -0.0000, 0.0000,1.0000, 0.0000, -0.0000, 1.3986,0.0000, 0.0000, 0.0000, 1.0000///Spine2__offset
Spine2side__offset///0.0000, -0.0000, 1.0000, 0.0000,-0.0000, -1.0000, -0.0000, 0.0000,1.0000, 0.0000, -0.0000, 1.3983,0.0000, 0.0000, 0.0000, 1.0000///Spine2
OPT0_bustL///0.3127, -0.0846, -0.9461, 0.0324,-0.9461, 0.0601, -0.3181, 0.1148,0.0838, 0.9946, -0.0612, 1.4984,0.0000, 0.0000, 0.0000, 1.0000///Spine2
OPT1_bustL///-0.3127, -0.0846, 0.9461, 0.1537,0.9461, 0.0601, 0.3181, -0.2523,-0.0838, 0.9946, 0.0612, 1.5310,0.0000, 0.0000, 0.0000, 1.0000///OPT0_bustL
OPT1_bustL_end///0.9983, -0.0464, 0.0341, 0.1190,0.0316, -0.0539, -0.9980, -0.1475,0.0482, 0.9975, -0.0523, 1.5217,0.0000, 0.0000, 0.0000, 1.0000///OPT1_bustL
OPT2_bustR///0.3127, -0.0845, -0.9461, -0.0321,0.9461, -0.0601, 0.3181, 0.1147,-0.0838, -0.9946, 0.0612, 1.4985,0.0000, 0.0000, 0.0000, 1.0000///Spine2
OPT3_bustR///-0.3127, -0.0845, 0.9461, -0.1534,-0.9461, -0.0601, -0.3181, -0.2524,0.0838, -0.9946, -0.0612, 1.5310,0.0000, 0.0000, 0.0000, 1.0000///OPT2_bustR
OPT1_bustR_end///0.9983, -0.0464, 0.0341, -0.1187,-0.0316, 0.0539, 0.9980, -0.1475,-0.0481, -0.9975, 0.0523, 1.5217,0.0000, 0.0000, 0.0000, 1.0000///OPT3_bustR
Spine1__offset///0.0000, -0.0000, 1.0000, 0.0000,-0.0000, -1.0000, -0.0000, 0.0000,1.0000, 0.0000, -0.0000, 1.2074,0.0000, 0.0000, 0.0000, 1.0000///Spine1
Spine1_front__offset///0.0000, -0.0000, 1.0000, 0.0000,-0.0000, -1.0000, -0.0000, 0.0000,1.0000, 0.0000, -0.0000, 1.2076,0.0000, 0.0000, 0.0000, 1.0000///Spine1
Hip///-0.0000, -0.0000, 1.0000, 0.0000,-0.0000, 1.0000, 0.0000, 0.0000,-1.0000, 0.0000, -0.0000, 1.2075,0.0000, 0.0000, 0.0000, 1.0000///Base
L_UpLeg///0.0000, 0.0000, 1.0000, 0.1050,-0.0001, 1.0000, -0.0000, -0.0000,-1.0000, -0.0001, 0.0000, 1.0395,0.0000, 0.0000, 0.0000, 1.0000///Hip
L_Leg///0.0000, 0.0000, 1.0000, 0.1050,0.0001, 1.0000, -0.0000, -0.0000,-1.0000, 0.0001, 0.0000, 0.5775,0.0000, 0.0000, 0.0000, 1.0000///L_UpLeg
L_Foot///0.0000, 0.0000, 1.0000, 0.1050,0.0000, 1.0000, -0.0000, -0.0000,-1.0000, 0.0000, 0.0000, 0.1365,0.0000, 0.0000, 0.0000, 1.0000///L_Leg
L_Toe///-0.0000, 0.0000, 1.0000, 0.1050,-1.0000, 0.0000, -0.0000, -0.1607,-0.0000, -1.0000, 0.0000, 0.0317,0.0000, 0.0000, 0.0000, 1.0000///L_Foot
L_Toe1__null///-0.0000, 0.0000, 1.0000, 0.1050,-1.0000, 0.0000, -0.0000, -0.2972,-0.0000, -1.0000, 0.0000, 0.0317,0.0000, 0.0000, 0.0000, 1.0000///L_Toe
L_Toe__offset///-0.0000, 0.0000, 1.0000, 0.1050,-1.0000, 0.0000, -0.0000, -0.2226,-0.0000, -1.0000, 0.0000, 0.0317,0.0000, 0.0000, 0.0000, 1.0000///L_Toe
ATH_L_Toe_Btm///1.0000, 0.0000, -0.0000, 0.1050,-0.0000, 1.0000, -0.0000, -0.1680,0.0000, 0.0000, 1.0000, -0.0000,0.0000, 0.0000, 0.0000, 1.0000///L_Toe
L_Foot__offset///0.0000, 0.0000, 1.0000, 0.1050,0.0000, 1.0000, -0.0000, -0.0000,-1.0000, 0.0000, 0.0000, 0.1364,0.0000, 0.0000, 0.0000, 1.0000///L_Foot
L_Ankle__offset///0.0000, 0.0000, 1.0000, 0.1050,0.0000, 1.0000, -0.0000, -0.0000,-1.0000, 0.0000, 0.0000, 0.1366,0.0000, 0.0000, 0.0000, 1.0000///L_Foot
ATH_L_Foot_Btm///1.0000, 0.0000, 0.0000, 0.1050,-0.0000, 1.0000, -0.0000, -0.0000,-0.0000, 0.0000, 1.0000, 0.0000,0.0000, 0.0000, 0.0000, 1.0000///L_Foot
L_Calf_Slide__offset///1.0000, -0.0000, -0.0000, 0.1050,-0.0000, -0.0001, -1.0000, -0.0000,0.0000, 1.0000, -0.0001, 0.3570,0.0000, 0.0000, 0.0000, 1.0000///L_Leg
L_Leg__offset///0.0000, 0.0000, 1.0000, 0.1050,0.0001, 1.0000, -0.0000, -0.0000,-1.0000, 0.0001, 0.0000, 0.5774,0.0000, 0.0000, 0.0000, 1.0000///L_Leg
HLP_L_Knee__offset///0.0000, 0.0000, 1.0000, 0.1050,0.0000, 1.0000, -0.0000, -0.0211,-1.0000, 0.0000, 0.0000, 0.5775,0.0000, 0.0000, 0.0000, 1.0000///L_UpLeg
HLP_L_UpLeg_Top__offset///0.0000, 0.0000, 1.0000, 0.1050,0.0000, 1.0000, 0.0000, -0.0000,-1.0000, 0.0000, 0.0000, 1.0396,0.0000, 0.0000, 0.0000, 1.0000///L_UpLeg
HLP_L_UpLeg_Mid__offset///0.0000, 0.0000, 1.0000, 0.1050,-0.0000, 1.0000, -0.0000, -0.0000,-1.0000, -0.0000, 0.0000, 0.8295,0.0000, 0.0000, 0.0000, 1.0000///L_UpLeg
L_Thigh_Slide__offset///1.0000, -0.0000, -0.0000, 0.1050,-0.0000, 0.0001, -1.0000, -0.0011,0.0000, 1.0000, 0.0001, 0.8085,0.0000, 0.0000, 0.0000, 1.0000///L_UpLeg
L_UpLeg__offset///0.0000, 0.0000, 1.0000, 0.1050,-0.0001, 1.0000, -0.0000, -0.0000,-1.0000, -0.0001, 0.0000, 1.0394,0.0000, 0.0000, 0.0000, 1.0000///L_UpLeg
R_UpLeg///0.0000, 0.0000, 1.0000, -0.1050,-0.0001, 1.0000, -0.0000, -0.0000,-1.0000, -0.0001, 0.0000, 1.0395,0.0000, 0.0000, 0.0000, 1.0000///Hip
R_Leg///0.0000, 0.0000, 1.0000, -0.1050,0.0001, 1.0000, -0.0000, -0.0000,-1.0000, 0.0001, 0.0000, 0.5775,0.0000, 0.0000, 0.0000, 1.0000///R_UpLeg
R_Foot///0.0013, 0.0000, 1.0000, -0.1050,0.0000, 1.0000, -0.0000, -0.0000,-1.0000, 0.0000, 0.0013, 0.1365,0.0000, 0.0000, 0.0000, 1.0000///R_Leg
R_Toe///-0.0000, 0.0013, 1.0000, -0.1049,-1.0000, 0.0000, -0.0000, -0.1607,-0.0000, -1.0000, 0.0013, 0.0317,0.0000, 0.0000, 0.0000, 1.0000///R_Foot
R_Toe1__null///-0.0000, 0.0013, 1.0000, -0.1049,-1.0000, 0.0000, -0.0000, -0.2972,-0.0000, -1.0000, 0.0013, 0.0317,0.0000, 0.0000, 0.0000, 1.0000///R_Toe
R_Toe__offset///-0.0000, 0.0013, 1.0000, -0.1049,-1.0000, 0.0000, -0.0000, -0.2226,-0.0000, -1.0000, 0.0013, 0.0317,0.0000, 0.0000, 0.0000, 1.0000///R_Toe
ATH_R_Toe_Btm///1.0000, 0.0000, 0.0000, -0.1048,-0.0000, 1.0000, -0.0000, -0.1680,-0.0000, 0.0000, 1.0000, -0.0000,0.0000, 0.0000, 0.0000, 1.0000///R_Toe
R_Foot__offset///0.0013, 0.0000, 1.0000, -0.1050,0.0000, 1.0000, -0.0000, -0.0000,-1.0000, 0.0000, 0.0013, 0.1364,0.0000, 0.0000, 0.0000, 1.0000///R_Foot
R_Ankle__offset///-0.0013, -0.0000, 1.0000, -0.1050,-0.0000, -1.0000, -0.0000, -0.0000,1.0000, -0.0000, 0.0013, 0.1366,0.0000, 0.0000, 0.0000, 1.0000///R_Foot
ATH_R_Foot_Btm///1.0000, 0.0000, 0.0000, -0.1048,-0.0000, 1.0000, -0.0000, -0.0000,-0.0000, 0.0000, 1.0000, 0.0000,0.0000, 0.0000, 0.0000, 1.0000///R_Foot
R_Calf_Slide__offset///1.0000, -0.0000, -0.0000, -0.1050,-0.0000, -0.0001, -1.0000, -0.0000,0.0000, 1.0000, -0.0001, 0.3570,0.0000, 0.0000, 0.0000, 1.0000///R_Leg
R_Leg__offset///0.0000, 0.0000, 1.0000, -0.1050,0.0001, 1.0000, -0.0000, -0.0000,-1.0000, 0.0001, 0.0000, 0.5774,0.0000, 0.0000, 0.0000, 1.0000///R_Leg
HLP_R_Knee__offset///0.0000, 0.0000, 1.0000, -0.1050,0.0000, 1.0000, -0.0000, -0.0211,-1.0000, 0.0000, 0.0000, 0.5775,0.0000, 0.0000, 0.0000, 1.0000///R_UpLeg
HLP_R_UpLeg_Top__offset///0.0000, 0.0000, 1.0000, -0.1050,0.0000, 1.0000, 0.0000, -0.0000,-1.0000, 0.0000, 0.0000, 1.0396,0.0000, 0.0000, 0.0000, 1.0000///R_UpLeg
HLP_R_UpLeg_Mid__offset///0.0000, 0.0000, 1.0000, -0.1050,-0.0000, 1.0000, -0.0000, -0.0000,-1.0000, -0.0000, 0.0000, 0.8295,0.0000, 0.0000, 0.0000, 1.0000///R_UpLeg
R_Thigh_Slide__offset///1.0000, -0.0000, -0.0000, -0.1050,-0.0000, 0.0001, -1.0000, -0.0011,0.0000, 1.0000, 0.0001, 0.8085,0.0000, 0.0000, 0.0000, 1.0000///R_UpLeg
R_UpLeg__offset///0.0000, 0.0000, 1.0000, -0.1050,-0.0001, 1.0000, -0.0000, -0.0000,-1.0000, -0.0001, 0.0000, 1.0394,0.0000, 0.0000, 0.0000, 1.0000///R_UpLeg
HLP_L_Butt__offset///0.0000, 0.0000, 1.0000, 0.1051,0.0000, 1.0000, 0.0000, 0.0001,-1.0000, 0.0000, 0.0000, 1.0394,0.0000, 0.0000, 0.0000, 1.0000///Hip
HLP_R_Butt__offset///0.0000, 0.0000, 1.0000, -0.1051,0.0000, 1.0000, 0.0000, 0.0001,-1.0000, 0.0000, 0.0000, 1.0394,0.0000, 0.0000, 0.0000, 1.0000///Hip
HLP_L_Inguinal__offset///-0.1165, -0.0101, -0.9931, 0.1753,0.0867, -0.9962, -0.0000, -0.0524,-0.9894, -0.0861, 0.1169, 1.1750,0.0000, 0.0000, 0.0000, 1.0000///Hip
L_Inguinal1__null///-0.1165, -0.0101, -0.9932, 0.1387,0.0867, -0.9962, -0.0000, -0.0251,-0.9894, -0.0861, 0.1169, 0.8633,0.0000, 0.0000, 0.0000, 1.0000///HLP_L_Inguinal__offset
HLP_R_Inguinal__offset///0.1165, 0.0101, -0.9931, -0.1753,0.0867, -0.9962, -0.0000, -0.0524,-0.9894, -0.0861, -0.1169, 1.1750,0.0000, 0.0000, 0.0000, 1.0000///Hip
R_Inguinal__null///0.1165, 0.0101, -0.9932, -0.1387,0.0867, -0.9962, -0.0000, -0.0251,-0.9894, -0.0861, -0.1169, 0.8633,0.0000, 0.0000, 0.0000, 1.0000///HLP_R_Inguinal__offset
Hip__offset///-0.0000, -0.0000, 1.0000, 0.0000,-0.0000, 1.0000, 0.0000, 0.0000,-1.0000, 0.0000, -0.0000, 1.2076,0.0000, 0.0000, 0.0000, 1.0000///Hip
Hip_front__offset///-0.0000, -0.0000, 1.0000, -0.0000,-0.0000, 1.0000, 0.0000, 0.0000,-1.0000, 0.0000, -0.0000, 1.2074,0.0000, 0.0000, 0.0000, 1.0000///Hip
EDIT__null///1.0000, 0.0000, 0.0000, 0.0014,0.0000, 1.0000, 0.0000, 0.0000,0.0000, 0.0000, 1.0000, -0.0000,0.0000, 0.0000, 0.0000, 1.0000///MODEL_00
Deform__null///1.0000, 0.0000, 0.0000, 0.0083,0.0000, 1.0000, 0.0000, 0.0015,0.0000, 0.0000, 1.0000, -0.0002,0.0000, 0.0000, 0.0000, 1.0000///EDIT__null
