MODEL_00///1.0000, 0.0000, 0.0000, 0.0000,0.0000, 1.0000, 0.0000, -0.0000,0.0000, 0.0000, 1.0000, 0.0000,0.0000, 0.0000, 0.0000, 1.0000///
BODY_SCALE__group///1.0000, 0.0000, 0.0000, 0.0000,0.0000, 0.0000, -1.0000, 0.0000,0.0000, 1.0000, 0.0000, 0.0000,0.0000, 0.0000, 0.0000, 1.0000///MODEL_00
BASE///1.0000, 0.0000, 0.0000, 0.0000,0.0000, -0.0000, -1.0000, 0.0000,0.0000, 1.0000, -0.0000, 1.1270,0.0000, 0.0000, 0.0000, 1.0000///BODY_SCALE__group
Spine1///0.0000, -0.0000, 1.0000, 0.0000,-0.0000, -1.0000, -0.0000, 0.0000,1.0000, -0.0000, -0.0000, 1.1270,0.0000, 0.0000, 0.0000, 1.0000///BASE
Spine2///0.0000, -0.0000, 1.0000, 0.0000,-0.0000, -1.0000, -0.0000, 0.0000,1.0000, -0.0000, -0.0000, 1.2480,0.0000, 0.0000, 0.0000, 1.0000///Spine1
Neck///0.0000, -0.0000, 1.0000, 0.0000,-0.0000, -1.0000, -0.0000, 0.0000,1.0000, -0.0000, -0.0000, 1.4901,0.0000, 0.0000, 0.0000, 1.0000///Spine2
Head///-0.0000, 1.0000, -0.0000, 0.0000,-1.0000, -0.0000, -0.0000, 0.0000,-0.0000, 0.0000, 1.0000, 1.5925,0.0000, 0.0000, 0.0000, 1.0000///Neck
Head__offset///-0.0000, 1.0000, -0.0000, 0.0000,-1.0000, -0.0000, 0.0003, 0.0000,0.0003, 0.0000, 1.0000, 1.5926,0.0000, 0.0000, 0.0000, 1.0000///Head
ATH_Head_Top///1.0000, -0.0000, 0.0000, -0.0000,0.0000, 1.0000, 0.0000, 0.0000,-0.0000, 0.0000, 1.0000, 1.7538,0.0000, 0.0000, 0.0000, 1.0000///Head
L_Mayu2_Joint///1.0000, 0.0000, -0.0000, 0.0343,-0.0000, -0.0000, -1.0000, -0.1172,-0.0000, 1.0000, -0.0000, 1.6601,0.0000, 0.0000, 0.0000, 1.0000///Head
L_Mayu3_Joint///1.0000, 0.0000, -0.0000, 0.0502,-0.0000, -0.0000, -1.0000, -0.1043,-0.0000, 1.0000, -0.0000, 1.6570,0.0000, 0.0000, 0.0000, 1.0000///Head
L_Mayu1_Joint///1.0000, 0.0000, -0.0000, 0.0151,-0.0000, -0.0000, -1.0000, -0.1227,-0.0000, 1.0000, -0.0000, 1.6558,0.0000, 0.0000, 0.0000, 1.0000///Head
R_Mayu3_Joint///1.0000, 0.0000, -0.0000, -0.0502,-0.0000, -0.0000, -1.0000, -0.1043,-0.0000, 1.0000, -0.0000, 1.6570,0.0000, 0.0000, 0.0000, 1.0000///Head
R_Mayu2_Joint///1.0000, 0.0000, -0.0000, -0.0343,-0.0000, -0.0000, -1.0000, -0.1172,-0.0000, 1.0000, -0.0000, 1.6601,0.0000, 0.0000, 0.0000, 1.0000///Head
R_Mayu1_Joint///1.0000, 0.0000, -0.0000, -0.0151,-0.0000, -0.0000, -1.0000, -0.1227,-0.0000, 1.0000, -0.0000, 1.6558,0.0000, 0.0000, 0.0000, 1.0000///Head
R_Eyecorner///1.0000, 0.0000, -0.0000, -0.0469,-0.0000, -0.0000, -1.0000, -0.1011,-0.0000, 1.0000, -0.0000, 1.6419,0.0000, 0.0000, 0.0000, 1.0000///Head
R_UwaMabuta_Joint///1.0000, 0.0000, -0.0000, -0.0323,-0.0000, -0.0000, -1.0000, -0.0910,-0.0000, 1.0000, -0.0000, 1.6417,0.0000, 0.0000, 0.0000, 1.0000///Head
R_UpEyelid1///1.0000, 0.0000, -0.0000, -0.0280,-0.0000, -0.0000, -1.0000, -0.1101,-0.0000, 1.0000, -0.0000, 1.6451,0.0000, 0.0000, 0.0000, 1.0000///R_UwaMabuta_Joint
R_UpEyelid2///1.0000, 0.0000, -0.0000, -0.0419,-0.0000, -0.0000, -1.0000, -0.1068,-0.0000, 1.0000, -0.0000, 1.6448,0.0000, 0.0000, 0.0000, 1.0000///R_UwaMabuta_Joint
L_UwaMabuta_Joint///1.0000, 0.0000, 0.0000, 0.0323,0.0000, -0.0000, -1.0000, -0.0910,0.0000, 1.0000, -0.0000, 1.6417,0.0000, 0.0000, 0.0000, 1.0000///Head
L_UpEyelid2///1.0000, 0.0000, 0.0000, 0.0419,0.0000, -0.0000, -1.0000, -0.1068,0.0000, 1.0000, -0.0000, 1.6448,0.0000, 0.0000, 0.0000, 1.0000///L_UwaMabuta_Joint
L_UpEyelid1///1.0000, 0.0000, 0.0000, 0.0280,0.0000, -0.0000, -1.0000, -0.1101,-0.0000, 1.0000, -0.0000, 1.6451,0.0000, 0.0000, 0.0000, 1.0000///L_UwaMabuta_Joint
L_Eyecorner///1.0000, 0.0000, -0.0000, 0.0469,-0.0000, -0.0000, -1.0000, -0.1011,-0.0000, 1.0000, -0.0000, 1.6419,0.0000, 0.0000, 0.0000, 1.0000///Head
L_Eye_Joint///1.0000, 0.0000, 0.0000, 0.0307,0.0000, -0.0000, -1.0000, -0.0907,-0.0000, 1.0000, -0.0000, 1.6415,0.0000, 0.0000, 0.0000, 1.0000///Head
R_Eye_Joint///1.0000, 0.0000, -0.0000, -0.0307,-0.0000, -0.0000, -1.0000, -0.0907,-0.0000, 1.0000, -0.0000, 1.6415,0.0000, 0.0000, 0.0000, 1.0000///Head
R_SitaMabuta_Joint///1.0000, 0.0000, -0.0000, -0.0323,-0.0000, -0.0000, -1.0000, -0.0910,-0.0000, 1.0000, -0.0000, 1.6405,0.0000, 0.0000, 0.0000, 1.0000///Head
R_LowEyelid1///1.0000, 0.0000, -0.0000, -0.0300,-0.0000, -0.0000, -1.0000, -0.1087,-0.0000, 1.0000, -0.0000, 1.6346,0.0000, 0.0000, 0.0000, 1.0000///R_SitaMabuta_Joint
R_LowEyelid2///1.0000, 0.0000, -0.0000, -0.0411,-0.0000, -0.0000, -1.0000, -0.1054,-0.0000, 1.0000, -0.0000, 1.6356,0.0000, 0.0000, 0.0000, 1.0000///R_SitaMabuta_Joint
L_SitaMabuta_Joint///1.0000, 0.0000, -0.0000, 0.0323,-0.0000, -0.0000, -1.0000, -0.0910,-0.0000, 1.0000, -0.0000, 1.6405,0.0000, 0.0000, 0.0000, 1.0000///Head
L_LowEyelid2///1.0000, 0.0000, -0.0000, 0.0411,-0.0000, -0.0000, -1.0000, -0.1054,-0.0000, 1.0000, -0.0000, 1.6356,0.0000, 0.0000, 0.0000, 1.0000///L_SitaMabuta_Joint
L_LowEyelid1///1.0000, 0.0000, -0.0000, 0.0277,-0.0000, -0.0000, -1.0000, -0.1087,-0.0000, 1.0000, -0.0000, 1.6346,0.0000, 0.0000, 0.0000, 1.0000///L_SitaMabuta_Joint
L_Hoho_Joint///1.0000, 0.0000, -0.0000, 0.0511,-0.0000, -0.0000, -1.0000, -0.0978,-0.0000, 1.0000, -0.0000, 1.6180,0.0000, 0.0000, 0.0000, 1.0000///Head
L_Hana_Joint///1.0000, 0.0000, -0.0000, 0.0153,-0.0000, -0.0000, -1.0000, -0.1160,-0.0000, 1.0000, -0.0000, 1.6181,0.0000, 0.0000, 0.0000, 1.0000///Head
R_Hana_Joint///1.0000, 0.0000, -0.0000, -0.0153,-0.0000, -0.0000, -1.0000, -0.1160,-0.0000, 1.0000, -0.0000, 1.6181,0.0000, 0.0000, 0.0000, 1.0000///Head
R_Hoho_Joint///1.0000, 0.0000, -0.0000, -0.0511,-0.0000, -0.0000, -1.0000, -0.0978,-0.0000, 1.0000, -0.0000, 1.6180,0.0000, 0.0000, 0.0000, 1.0000///Head
L_Kobana_Joint///1.0000, 0.0000, -0.0000, 0.0114,-0.0000, -0.0000, -1.0000, -0.1202,-0.0000, 1.0000, -0.0000, 1.6077,0.0000, 0.0000, 0.0000, 1.0000///Head
R_Kobana_Joint///1.0000, 0.0000, -0.0000, -0.0114,-0.0000, -0.0000, -1.0000, -0.1202,-0.0000, 1.0000, -0.0000, 1.6077,0.0000, 0.0000, 0.0000, 1.0000///Head
L_Chobo_Joint///1.0000, 0.0000, -0.0000, 0.0536,-0.0000, -0.0000, -1.0000, -0.0717,-0.0000, 1.0000, -0.0000, 1.5898,0.0000, 0.0000, 0.0000, 1.0000///Head
R_Chobo_Joint///1.0000, 0.0000, -0.0000, -0.0536,-0.0000, -0.0000, -1.0000, -0.0717,-0.0000, 1.0000, -0.0000, 1.5898,0.0000, 0.0000, 0.0000, 1.0000///Head
L_LipU_Joint///1.0000, 0.0000, -0.0000, 0.0126,-0.0000, -0.0000, -1.0000, -0.1160,-0.0000, 1.0000, -0.0000, 1.5816,0.0000, 0.0000, 0.0000, 1.0000///Head
R_LipU_Joint///1.0000, 0.0000, -0.0000, -0.0125,-0.0000, -0.0000, -1.0000, -0.1160,-0.0000, 1.0000, -0.0000, 1.5816,0.0000, 0.0000, 0.0000, 1.0000///Head
M_LipU_Joint///1.0000, 0.0000, -0.0000, -0.0000,-0.0000, -0.0000, -1.0000, -0.1218,-0.0000, 1.0000, -0.0000, 1.5825,0.0000, 0.0000, 0.0000, 1.0000///Head
Jaw_Joint///1.0000, 0.0000, -0.0000, -0.0000,-0.0000, -0.0000, -1.0000, -0.0387,-0.0000, 1.0000, -0.0000, 1.5978,0.0000, 0.0000, 0.0000, 1.0000///Head
L_LipD_Joint///1.0000, 0.0000, -0.0000, 0.0111,-0.0000, -0.0000, -1.0000, -0.1137,-0.0000, 1.0000, -0.0000, 1.5694,0.0000, 0.0000, 0.0000, 1.0000///Jaw_Joint
R_LipD_Joint///1.0000, 0.0000, -0.0000, -0.0112,-0.0000, -0.0000, -1.0000, -0.1137,-0.0000, 1.0000, -0.0000, 1.5694,0.0000, 0.0000, 0.0000, 1.0000///Jaw_Joint
M_LipD_Joint///1.0000, 0.0000, -0.0000, -0.0000,-0.0000, -0.0000, -1.0000, -0.1158,-0.0000, 1.0000, -0.0000, 1.5686,0.0000, 0.0000, 0.0000, 1.0000///Jaw_Joint
L_LipE_Joint///1.0000, 0.0000, -0.0000, 0.0218,-0.0000, -0.0000, -1.0000, -0.1059,-0.0000, 1.0000, -0.0000, 1.5765,0.0000, 0.0000, 0.0000, 1.0000///Jaw_Joint
R_LipE_Joint///1.0000, -0.0000, -0.0000, -0.0218,-0.0000, -0.0000, -1.0000, -0.1059,0.0000, 1.0000, -0.0000, 1.5765,0.0000, 0.0000, 0.0000, 1.0000///Jaw_Joint
Bero1_Joint///0.0000, -0.0000, -1.0000, -0.0000,-1.0000, -0.0000, -0.0000, -0.0629,-0.0000, 1.0000, -0.0000, 1.5883,0.0000, 0.0000, 0.0000, 1.0000///Jaw_Joint
Bero1_Joint_pos///1.0000, -0.0000, 0.0000, -0.0000,0.0000, 0.0000, -1.0000, -0.0806,0.0000, 1.0000, 0.0000, 1.5844,0.0000, 0.0000, 0.0000, 1.0000///Bero1_Joint
Bero2_Joint///-0.0000, 0.0001, -1.0000, -0.0000,-0.9158, -0.4016, -0.0000, -0.0806,-0.4016, 0.9158, 0.0001, 1.5844,0.0000, 0.0000, 0.0000, 1.0000///Bero1_Joint_pos
Bero3_Joint///1.0000, 0.0001, 0.0000, -0.0000,0.0000, 0.0000, -1.0000, -0.0986,-0.0001, 1.0000, -0.0000, 1.5791,0.0000, 0.0000, 0.0000, 1.0000///Bero2_Joint
Neck__offset///0.0000, -0.0000, 1.0000, 0.0000,-0.0000, -1.0000, -0.0000, 0.0000,1.0000, -0.0000, -0.0000, 1.4900,0.0000, 0.0000, 0.0000, 1.0000///Neck
Neck_back__offset///0.0000, -0.0001, 1.0000, 0.0000,0.0001, -1.0000, -0.0001, 0.0000,1.0000, 0.0001, -0.0000, 1.4902,0.0000, 0.0000, 0.0000, 1.0000///Neck
L_Shoulder///1.0000, -0.0000, -0.0000, 0.0931,-0.0000, -0.0000, -1.0000, 0.0000,0.0000, 1.0000, -0.0000, 1.4529,0.0000, 0.0000, 0.0000, 1.0000///Spine2
L_Arm///1.0000, -0.0000, -0.0000, 0.1648,0.0000, 1.0000, 0.0000, 0.0000,0.0000, -0.0000, 1.0000, 1.4529,0.0000, 0.0000, 0.0000, 1.0000///L_Shoulder
L_ForeArm///1.0000, 0.0000, -0.0000, 0.4513,-0.0000, 1.0000, 0.0000, 0.0000,0.0000, -0.0000, 1.0000, 1.4529,0.0000, 0.0000, 0.0000, 1.0000///L_Arm
L_Hand///1.0000, -0.0000, -0.0000, 0.6710,-0.0000, 0.0000, -1.0000, 0.0000,0.0000, 1.0000, 0.0000, 1.4529,0.0000, 0.0000, 0.0000, 1.0000///L_ForeArm
L_FingerBase///1.0000, -0.0000, -0.0000, 0.6747,-0.0000, 0.0000, -1.0000, -0.0145,0.0000, 1.0000, 0.0000, 1.4529,0.0000, 0.0000, 0.0000, 1.0000///L_Hand
L_Middle///1.0000, -0.0000, -0.0000, 0.6747,-0.0000, 0.0000, -1.0000, -0.0073,0.0000, 1.0000, 0.0000, 1.4529,0.0000, 0.0000, 0.0000, 1.0000///L_FingerBase
L_Ring///1.0000, -0.0000, -0.0000, 0.6747,-0.0000, 0.0000, -1.0000, 0.0000,0.0000, 1.0000, 0.0000, 1.4529,0.0000, 0.0000, 0.0000, 1.0000///L_Middle
L_Pinky///1.0000, -0.0000, -0.0000, 0.6747,-0.0000, 0.0000, -1.0000, 0.0073,0.0000, 1.0000, 0.0000, 1.4529,0.0000, 0.0000, 0.0000, 1.0000///L_Ring
L_Pinky1///1.0000, -0.0000, -0.0000, 0.7494,-0.0000, 0.0000, -1.0000, 0.0279,0.0000, 1.0000, 0.0000, 1.4540,0.0000, 0.0000, 0.0000, 1.0000///L_Pinky
L_Pinky2///1.0000, -0.0000, -0.0000, 0.7843,-0.0000, 0.0000, -1.0000, 0.0279,0.0000, 1.0000, 0.0000, 1.4540,0.0000, 0.0000, 0.0000, 1.0000///L_Pinky1
L_Pinky3///1.0000, -0.0000, -0.0000, 0.8001,-0.0000, 0.0000, -1.0000, 0.0279,0.0000, 1.0000, 0.0000, 1.4540,0.0000, 0.0000, 0.0000, 1.0000///L_Pinky2
L_Pinky4__null///1.0000, -0.0000, -0.0000, 0.8219,-0.0000, 0.0000, -1.0000, 0.0279,0.0000, 1.0000, 0.0000, 1.4540,0.0000, 0.0000, 0.0000, 1.0000///L_Pinky3
L_Ring1///1.0000, -0.0000, -0.0000, 0.7591,-0.0000, 0.0000, -1.0000, 0.0104,0.0000, 1.0000, 0.0000, 1.4554,0.0000, 0.0000, 0.0000, 1.0000///L_Ring
L_Ring2///1.0000, -0.0000, -0.0000, 0.7977,-0.0000, 0.0000, -1.0000, 0.0104,0.0000, 1.0000, 0.0000, 1.4554,0.0000, 0.0000, 0.0000, 1.0000///L_Ring1
L_Ring3///1.0000, -0.0000, -0.0000, 0.8204,-0.0000, 0.0000, -1.0000, 0.0104,0.0000, 1.0000, 0.0000, 1.4554,0.0000, 0.0000, 0.0000, 1.0000///L_Ring2
L_Ring4__null///1.0000, -0.0000, -0.0000, 0.8422,-0.0000, 0.0000, -1.0000, 0.0104,0.0000, 1.0000, 0.0000, 1.4554,0.0000, 0.0000, 0.0000, 1.0000///L_Ring3
L_Middle1///1.0000, -0.0000, -0.0000, 0.7616,-0.0000, 0.0000, -1.0000, -0.0093,0.0000, 1.0000, 0.0000, 1.4567,0.0000, 0.0000, 0.0000, 1.0000///L_Middle
L_Middle2///1.0000, -0.0000, -0.0000, 0.8041,-0.0000, 0.0000, -1.0000, -0.0093,0.0000, 1.0000, 0.0000, 1.4567,0.0000, 0.0000, 0.0000, 1.0000///L_Middle1
L_Middle3///1.0000, -0.0000, -0.0000, 0.8288,-0.0000, 0.0000, -1.0000, -0.0093,0.0000, 1.0000, 0.0000, 1.4567,0.0000, 0.0000, 0.0000, 1.0000///L_Middle2
L_Middle4__null///1.0000, -0.0000, -0.0000, 0.8506,-0.0000, 0.0000, -1.0000, -0.0093,0.0000, 1.0000, 0.0000, 1.4567,0.0000, 0.0000, 0.0000, 1.0000///L_Middle3
L_Index1///1.0000, -0.0000, -0.0000, 0.7616,-0.0000, 0.0000, -1.0000, -0.0299,0.0000, 1.0000, 0.0000, 1.4567,0.0000, 0.0000, 0.0000, 1.0000///L_FingerBase
L_Index2///1.0000, -0.0000, -0.0000, 0.8018,-0.0000, 0.0000, -1.0000, -0.0299,0.0000, 1.0000, 0.0000, 1.4567,0.0000, 0.0000, 0.0000, 1.0000///L_Index1
L_Index3///1.0000, -0.0000, -0.0000, 0.8251,-0.0000, 0.0000, -1.0000, -0.0299,0.0000, 1.0000, 0.0000, 1.4567,0.0000, 0.0000, 0.0000, 1.0000///L_Index2
L_Index4__null///1.0000, -0.0000, -0.0000, 0.8469,-0.0000, 0.0000, -1.0000, -0.0299,0.0000, 1.0000, 0.0000, 1.4567,0.0000, 0.0000, 0.0000, 1.0000///L_Index3
L_Thumb1///0.8053, -0.2750, -0.5252, 0.6887,-0.5122, -0.7689, -0.3827, -0.0324,-0.2986, 0.5772, -0.7600, 1.4422,0.0000, 0.0000, 0.0000, 1.0000///L_FingerBase
L_Thumb2///0.8053, -0.2750, -0.5252, 0.7267,-0.5122, -0.7689, -0.3827, -0.0565,-0.2986, 0.5772, -0.7600, 1.4282,0.0000, 0.0000, 0.0000, 1.0000///L_Thumb1
L_Thumb3///0.8053, -0.2750, -0.5252, 0.7495,-0.5122, -0.7689, -0.3827, -0.0711,-0.2986, 0.5772, -0.7600, 1.4197,0.0000, 0.0000, 0.0000, 1.0000///L_Thumb2
L_Thumb4__null///0.8053, -0.2750, -0.5252, 0.7671,-0.5122, -0.7689, -0.3827, -0.0823,-0.2986, 0.5772, -0.7601, 1.4132,0.0000, 0.0000, 0.0000, 1.0000///L_Thumb3
ATH_knifeL///-0.0000, 0.0000, -1.0000, 0.7350,-1.0000, 0.0000, 0.0000, -0.0000,0.0000, 1.0000, 0.0000, 1.4529,0.0000, 0.0000, 0.0000, 1.0000///L_Hand
HLP_L_ForeArm_Mid__offset///1.0000, -0.0000, -0.0000, 0.5755,-0.0000, 0.0000, -1.0000, 0.0000,0.0000, 1.0000, 0.0000, 1.4529,0.0000, 0.0000, 0.0000, 1.0000///L_ForeArm
HLP_L_ForeArm_Btm__offset///1.0000, -0.0000, -0.0000, 0.6519,-0.0000, 0.0000, -1.0000, 0.0000,0.0000, 1.0000, 0.0000, 1.4529,0.0000, 0.0000, 0.0000, 1.0000///L_ForeArm
HLP_L_Elbow__offset///1.0000, 0.0000, -0.0000, 0.4514,-0.0000, 1.0000, 0.0000, 0.0262,0.0000, -0.0000, 1.0000, 1.4529,0.0000, 0.0000, 0.0000, 1.0000///L_ForeArm
L_ForeArm_Slide__offset///1.0000, -0.0000, -0.0000, 0.5542,0.0000, 1.0000, 0.0000, 0.0000,0.0000, -0.0000, 1.0000, 1.4529,0.0000, 0.0000, 0.0000, 1.0000///L_ForeArm
L_ForeArm__offset///1.0000, 0.0000, -0.0000, 0.4514,-0.0000, 1.0000, 0.0000, 0.0000,0.0000, -0.0000, 1.0000, 1.4529,0.0000, 0.0000, 0.0000, 1.0000///L_ForeArm
HLP_L_Arm_Top__offset///1.0000, 0.0000, -0.0000, 0.1649,0.0000, 1.0000, 0.0000, 0.0000,0.0000, 0.0000, 1.0000, 1.4529,0.0000, 0.0000, 0.0000, 1.0000///L_Arm
HLP_L_Arm_Mid__offset///1.0000, -0.0000, -0.0000, 0.2984,0.0000, 1.0000, 0.0000, 0.0000,0.0000, -0.0000, 1.0000, 1.4529,0.0000, 0.0000, 0.0000, 1.0000///L_Arm
L_Bicep_Slide__offset///1.0000, -0.0000, -0.0000, 0.3171,0.0000, 1.0000, 0.0000, -0.0013,0.0000, -0.0000, 1.0000, 1.4529,0.0000, 0.0000, 0.0000, 1.0000///L_Arm
L_Tricep_Slide__offset///1.0000, -0.0000, -0.0000, 0.3171,0.0000, 1.0000, 0.0000, 0.0004,0.0000, -0.0000, 1.0000, 1.4529,0.0000, 0.0000, 0.0000, 1.0000///L_Arm
L_Arm_Btm__offset///1.0000, -0.0000, -0.0000, 0.4513,0.0000, 1.0000, 0.0000, 0.0000,0.0000, -0.0000, 1.0000, 1.4529,0.0000, 0.0000, 0.0000, 1.0000///L_Arm
HLP_L_ShldrBlade__offset///1.0000, -0.0000, -0.0000, 0.1374,0.0000, 1.0000, 0.0000, -0.0008,0.0000, -0.0000, 1.0000, 1.4352,0.0000, 0.0000, 0.0000, 1.0000///L_Shoulder
HLP_L_Shldr_B__offset///1.0000, -0.0000, -0.0000, 0.1647,0.0000, 1.0000, 0.0000, 0.0000,0.0000, -0.0000, 1.0000, 1.4529,0.0000, 0.0000, 0.0000, 1.0000///L_Shoulder
R_Shoulder///-1.0000, -0.0000, -0.0000, -0.0931,0.0000, 0.0000, -1.0000, 0.0000,0.0000, -1.0000, -0.0000, 1.4529,0.0000, 0.0000, 0.0000, 1.0000///Spine2
R_Arm///-1.0000, 0.0000, 0.0000, -0.1648,0.0000, 1.0000, -0.0000, 0.0000,-0.0000, -0.0000, -1.0000, 1.4529,0.0000, 0.0000, 0.0000, 1.0000///R_Shoulder
R_ForeArm///-1.0000, -0.0000, 0.0000, -0.4513,-0.0000, 1.0000, -0.0000, 0.0000,-0.0000, -0.0000, -1.0000, 1.4528,0.0000, 0.0000, 0.0000, 1.0000///R_Arm
R_Hand///-1.0000, 0.0000, 0.0000, -0.6710,-0.0000, -0.0000, -1.0000, 0.0000,0.0000, -1.0000, 0.0000, 1.4528,0.0000, 0.0000, 0.0000, 1.0000///R_ForeArm
R_FingerBase///-1.0000, -0.0000, 0.0000, -0.6747,-0.0000, -0.0000, -1.0000, -0.0145,0.0000, -1.0000, 0.0000, 1.4528,0.0000, 0.0000, 0.0000, 1.0000///R_Hand
R_Middle///-1.0000, -0.0000, 0.0000, -0.6747,-0.0000, -0.0000, -1.0000, -0.0073,0.0000, -1.0000, 0.0000, 1.4528,0.0000, 0.0000, 0.0000, 1.0000///R_FingerBase
R_Ring///-1.0000, -0.0000, 0.0000, -0.6747,-0.0000, -0.0000, -1.0000, 0.0000,0.0000, -1.0000, 0.0000, 1.4528,0.0000, 0.0000, 0.0000, 1.0000///R_Middle
R_Pinky///-1.0000, -0.0000, 0.0000, -0.6747,-0.0000, -0.0000, -1.0000, 0.0073,0.0000, -1.0000, 0.0000, 1.4528,0.0000, 0.0000, 0.0000, 1.0000///R_Ring
R_Pinky1///-1.0000, 0.0000, 0.0000, -0.7494,-0.0000, -0.0000, -1.0000, 0.0280,0.0000, -1.0000, 0.0000, 1.4540,0.0000, 0.0000, 0.0000, 1.0000///R_Pinky
R_Pinky2///-1.0000, 0.0000, 0.0000, -0.7843,-0.0000, -0.0000, -1.0000, 0.0280,0.0000, -1.0000, 0.0000, 1.4540,0.0000, 0.0000, 0.0000, 1.0000///R_Pinky1
R_Pinky3///-1.0000, 0.0000, 0.0000, -0.8001,-0.0000, -0.0000, -1.0000, 0.0280,0.0000, -1.0000, 0.0000, 1.4540,0.0000, 0.0000, 0.0000, 1.0000///R_Pinky2
R_Pinky4__null///-1.0000, 0.0000, 0.0000, -0.8219,-0.0000, -0.0000, -1.0000, 0.0280,0.0000, -1.0000, 0.0000, 1.4540,0.0000, 0.0000, 0.0000, 1.0000///R_Pinky3
R_Ring1///-1.0000, 0.0000, 0.0000, -0.7591,-0.0000, -0.0000, -1.0000, 0.0104,0.0000, -1.0000, 0.0000, 1.4553,0.0000, 0.0000, 0.0000, 1.0000///R_Ring
R_Ring2///-1.0000, 0.0000, 0.0000, -0.7977,-0.0000, -0.0000, -1.0000, 0.0104,0.0000, -1.0000, 0.0000, 1.4553,0.0000, 0.0000, 0.0000, 1.0000///R_Ring1
R_Ring3///-1.0000, 0.0000, 0.0000, -0.8204,-0.0000, -0.0000, -1.0000, 0.0104,0.0000, -1.0000, 0.0000, 1.4553,0.0000, 0.0000, 0.0000, 1.0000///R_Ring2
R_Ring4__null///-1.0000, 0.0000, 0.0000, -0.8422,-0.0000, -0.0000, -1.0000, 0.0104,0.0000, -1.0000, 0.0000, 1.4553,0.0000, 0.0000, 0.0000, 1.0000///R_Ring3
R_Middle1///-1.0000, 0.0000, 0.0000, -0.7616,-0.0000, -0.0000, -1.0000, -0.0093,0.0000, -1.0000, 0.0000, 1.4567,0.0000, 0.0000, 0.0000, 1.0000///R_Middle
R_Middle2///-1.0000, 0.0000, 0.0000, -0.8041,-0.0000, -0.0000, -1.0000, -0.0093,0.0000, -1.0000, 0.0000, 1.4567,0.0000, 0.0000, 0.0000, 1.0000///R_Middle1
R_Middle3///-1.0000, 0.0000, 0.0000, -0.8288,-0.0000, -0.0000, -1.0000, -0.0093,0.0000, -1.0000, 0.0000, 1.4567,0.0000, 0.0000, 0.0000, 1.0000///R_Middle2
R_Middle4__null///-1.0000, 0.0000, 0.0000, -0.8506,-0.0000, -0.0000, -1.0000, -0.0093,0.0000, -1.0000, 0.0000, 1.4567,0.0000, 0.0000, 0.0000, 1.0000///R_Middle3
R_Index1///-1.0000, 0.0000, 0.0000, -0.7616,-0.0000, -0.0000, -1.0000, -0.0299,0.0000, -1.0000, 0.0000, 1.4567,0.0000, 0.0000, 0.0000, 1.0000///R_FingerBase
R_Index2///-1.0000, 0.0000, 0.0000, -0.8018,-0.0000, -0.0000, -1.0000, -0.0299,0.0000, -1.0000, 0.0000, 1.4567,0.0000, 0.0000, 0.0000, 1.0000///R_Index1
R_Index3///-1.0000, 0.0000, 0.0000, -0.8251,-0.0000, -0.0000, -1.0000, -0.0299,0.0000, -1.0000, 0.0000, 1.4567,0.0000, 0.0000, 0.0000, 1.0000///R_Index2
R_Index4__null///-1.0000, 0.0000, 0.0000, -0.8469,-0.0000, -0.0000, -1.0000, -0.0299,0.0000, -1.0000, 0.0000, 1.4567,0.0000, 0.0000, 0.0000, 1.0000///R_Index3
R_Thumb1///-0.8053, -0.2750, 0.5252, -0.6887,-0.5122, 0.7689, -0.3827, -0.0324,-0.2986, -0.5772, -0.7601, 1.4422,0.0000, 0.0000, 0.0000, 1.0000///R_FingerBase
R_Thumb2///-0.8053, -0.2750, 0.5252, -0.7267,-0.5122, 0.7689, -0.3827, -0.0565,-0.2986, -0.5772, -0.7601, 1.4282,0.0000, 0.0000, 0.0000, 1.0000///R_Thumb1
R_Thumb3///-0.8053, -0.2750, 0.5252, -0.7495,-0.5122, 0.7689, -0.3827, -0.0711,-0.2986, -0.5772, -0.7601, 1.4197,0.0000, 0.0000, 0.0000, 1.0000///R_Thumb2
R_Thumb4__null///-0.8053, -0.2750, 0.5252, -0.7671,-0.5122, 0.7689, -0.3827, -0.0822,-0.2986, -0.5772, -0.7601, 1.4132,0.0000, 0.0000, 0.0000, 1.0000///R_Thumb3
ATH_bazooka///0.0000, -0.0000, 1.0000, -0.7619,-1.0000, -0.0000, 0.0000, 0.0000,0.0000, -1.0000, -0.0000, 1.4318,0.0000, 0.0000, 0.0000, 1.0000///R_Hand
ATH_knifeR///0.0000, -0.0000, 1.0000, -0.7350,-1.0000, -0.0000, 0.0000, 0.0000,0.0000, -1.0000, -0.0000, 1.4528,0.0000, 0.0000, 0.0000, 1.0000///R_Hand
HLP_R_ForeArm_Mid__offset///-1.0000, 0.0000, 0.0000, -0.5755,-0.0000, -0.0000, -1.0000, 0.0000,-0.0000, -1.0000, 0.0000, 1.4529,0.0000, 0.0000, 0.0000, 1.0000///R_ForeArm
HLP_R_ForeArm_Btm__offset///-1.0000, 0.0000, 0.0000, -0.6519,-0.0000, -0.0000, -1.0000, 0.0000,0.0000, -1.0000, 0.0000, 1.4528,0.0000, 0.0000, 0.0000, 1.0000///R_ForeArm
HLP_R_Elbow__offset///-1.0000, -0.0000, 0.0000, -0.4514,-0.0000, 1.0000, -0.0000, 0.0262,-0.0000, -0.0000, -1.0000, 1.4529,0.0000, 0.0000, 0.0000, 1.0000///R_ForeArm
R_ForeArm_Slide__offset///-1.0000, 0.0000, 0.0000, -0.5542,-0.0000, -0.0000, -1.0000, 0.0000,-0.0000, -1.0000, 0.0000, 1.4529,0.0000, 0.0000, 0.0000, 1.0000///R_ForeArm
R_ForeArm__offset///-1.0000, -0.0000, 0.0000, -0.4514,-0.0000, 1.0000, -0.0000, 0.0000,-0.0000, -0.0000, -1.0000, 1.4528,0.0000, 0.0000, 0.0000, 1.0000///R_ForeArm
HLP_R_Arm_Top__offset///-1.0000, 0.0000, -0.0000, -0.1649,0.0000, 1.0000, 0.0000, 0.0000,0.0000, 0.0000, -1.0000, 1.4529,0.0000, 0.0000, 0.0000, 1.0000///R_Arm
HLP_R_Arm_Mid__offset///-1.0000, 0.0000, 0.0000, -0.2984,0.0000, 1.0000, -0.0000, 0.0000,-0.0000, -0.0000, -1.0000, 1.4528,0.0000, 0.0000, 0.0000, 1.0000///R_Arm
R_Bicep_Slide__offset///-1.0000, 0.0000, 0.0000, -0.3171,0.0000, 1.0000, -0.0000, -0.0013,-0.0000, -0.0000, -1.0000, 1.4529,0.0000, 0.0000, 0.0000, 1.0000///R_Arm
R_Tricep_Slide__offset///-1.0000, 0.0000, 0.0000, -0.3171,0.0000, 1.0000, -0.0000, 0.0004,-0.0000, -0.0000, -1.0000, 1.4529,0.0000, 0.0000, 0.0000, 1.0000///R_Arm
R_Arm_Btm__offset///-1.0000, 0.0000, 0.0000, -0.4513,0.0000, 1.0000, -0.0000, 0.0000,-0.0000, -0.0000, -1.0000, 1.4528,0.0000, 0.0000, 0.0000, 1.0000///R_Arm
HLP_R_ShldrBlade__offset///-1.0000, 0.0000, 0.0000, -0.1374,0.0000, 1.0000, -0.0000, -0.0008,-0.0000, -0.0000, -1.0000, 1.4352,0.0000, 0.0000, 0.0000, 1.0000///R_Shoulder
HLP_R_Shldr_B__offset///-1.0000, 0.0000, 0.0000, -0.1647,0.0000, 1.0000, -0.0000, 0.0000,-0.0000, -0.0000, -1.0000, 1.4529,0.0000, 0.0000, 0.0000, 1.0000///R_Shoulder
HLP_L_CollarBone__offset///0.9580, -0.0002, 0.2867, 0.0093,0.2867, -0.0001, -0.9580, -0.0465,0.0002, 1.0000, -0.0000, 1.4528,0.0000, 0.0000, 0.0000, 1.0000///Spine2
HLP_L_Shldr_F__offset///0.9734, 0.1602, 0.1636, 0.1257,0.1632, 0.0161, -0.9865, -0.0427,-0.1607, 0.9870, -0.0105, 1.5165,0.0000, 0.0000, 0.0000, 1.0000///HLP_L_CollarBone__offset
L_Shldr_F1__null///0.9734, 0.1602, 0.1636, 0.2163,0.1632, 0.0161, -0.9865, -0.0275,-0.1607, 0.9870, -0.0105, 1.5015,0.0000, 0.0000, 0.0000, 1.0000///HLP_L_Shldr_F__offset
HLP_L_CollarBone_up__offset///0.9580, -0.0002, 0.2867, 0.0093,0.2867, -0.0001, -0.9580, -0.0464,0.0002, 1.0000, -0.0000, 1.4528,0.0000, 0.0000, 0.0000, 1.0000///HLP_L_CollarBone__offset
L_CollarBone1__null///0.9580, -0.0002, 0.2867, 0.1788,0.2867, -0.0001, -0.9580, 0.0042,0.0002, 1.0000, -0.0000, 1.4529,0.0000, 0.0000, 0.0000, 1.0000///HLP_L_CollarBone__offset
HLP_R_CollarBone__offset///-0.9580, -0.0002, -0.2868, -0.0093,0.2868, 0.0001, -0.9580, -0.0465,0.0002, -1.0000, 0.0000, 1.4528,0.0000, 0.0000, 0.0000, 1.0000///Spine2
HLP_R_Shldr_F__offset///-0.9734, -0.1602, 0.1636, -0.1257,0.1632, 0.0161, 0.9865, -0.0427,-0.1607, 0.9870, 0.0105, 1.5165,0.0000, 0.0000, 0.0000, 1.0000///HLP_R_CollarBone__offset
R_Shldr_F1__null///-0.9734, -0.1602, 0.1636, -0.2163,0.1632, 0.0161, 0.9865, -0.0276,-0.1607, 0.9870, 0.0105, 1.5015,0.0000, 0.0000, 0.0000, 1.0000///HLP_R_Shldr_F__offset
HLP_R_CollarBone_up__offset///-0.9580, -0.0002, -0.2868, -0.0093,0.2868, 0.0001, -0.9580, -0.0464,0.0002, -1.0000, -0.0000, 1.4528,0.0000, 0.0000, 0.0000, 1.0000///HLP_R_CollarBone__offset
R_CollarBone1__null///-0.9580, -0.0002, -0.2868, -0.1788,0.2868, 0.0001, -0.9580, 0.0042,0.0002, -1.0000, -0.0000, 1.4529,0.0000, 0.0000, 0.0000, 1.0000///HLP_R_CollarBone__offset
HLP_L_Pectoral__offset///0.9691, -0.2394, 0.0592, 0.0001,0.0575, -0.0142, -0.9982, -0.0177,0.2398, 0.9708, 0.0000, 1.3790,0.0000, 0.0000, 0.0000, 1.0000///Spine2
L_Pectoral__null///0.9691, -0.2394, 0.0592, 0.1805,0.0575, -0.0142, -0.9982, -0.0070,0.2398, 0.9708, -0.0000, 1.4237,0.0000, 0.0000, 0.0000, 1.0000///HLP_L_Pectoral__offset
HLP_L_Pectoral_side__offset///0.9691, -0.2394, 0.0592, 0.0001,0.0575, -0.0142, -0.9982, -0.0177,0.2398, 0.9708, -0.0000, 1.3791,0.0000, 0.0000, 0.0000, 1.0000///HLP_L_Pectoral__offset
HLP_R_Pectoral__offset///-0.9691, 0.2394, 0.0592, -0.0001,0.0575, -0.0142, 0.9982, -0.0177,0.2398, 0.9708, -0.0000, 1.3790,0.0000, 0.0000, 0.0000, 1.0000///Spine2
R_Pectoral__null///-0.9691, 0.2394, 0.0592, -0.1805,0.0575, -0.0142, 0.9982, -0.0070,0.2398, 0.9708, -0.0000, 1.4237,0.0000, 0.0000, 0.0000, 1.0000///HLP_R_Pectoral__offset
HLP_R_Pectoral_side__offset///-0.9691, 0.2394, 0.0592, -0.0001,0.0575, -0.0142, 0.9982, -0.0177,0.2398, 0.9708, -0.0000, 1.3791,0.0000, 0.0000, 0.0000, 1.0000///HLP_R_Pectoral__offset
Spine2__offset///0.0000, -0.0000, 1.0000, 0.0000,-0.0000, -1.0000, -0.0000, 0.0000,1.0000, -0.0000, -0.0000, 1.2479,0.0000, 0.0000, 0.0000, 1.0000///Spine2
Spine2_breast__offset///0.0000, -0.0000, 1.0000, 0.0000,-0.0000, -1.0000, -0.0000, 0.0001,1.0000, -0.0000, -0.0000, 1.2843,0.0000, 0.0000, 0.0000, 1.0000///Spine2__offset
Spine2up__offset///0.0000, -0.0000, 1.0000, 0.0000,-0.0000, -1.0000, -0.0000, 0.0000,1.0000, -0.0000, -0.0000, 1.2480,0.0000, 0.0000, 0.0000, 1.0000///Spine2__offset
Spine2side__offset///0.0000, -0.0000, 1.0000, 0.0000,-0.0000, -1.0000, -0.0000, 0.0000,1.0000, -0.0000, -0.0000, 1.2478,0.0000, 0.0000, 0.0000, 1.0000///Spine2
OPT0_bustL///0.3127, -0.0846, -0.9461, 0.0205,-0.9461, 0.0601, -0.3181, 0.0727,0.0838, 0.9946, -0.0612, 1.3113,0.0000, 0.0000, 0.0000, 1.0000///Spine2
OPT1_bustL///-0.3127, -0.0846, 0.9461, 0.1029,0.9461, 0.0601, 0.3181, -0.1766,-0.0838, 0.9946, 0.0612, 1.3333,0.0000, 0.0000, 0.0000, 1.0000///OPT0_bustL
OPT1_bustL_end///0.9983, -0.0464, 0.0341, 0.0731,0.0316, -0.0539, -0.9980, -0.0864,0.0482, 0.9975, -0.0523, 1.3254,0.0000, 0.0000, 0.0000, 1.0000///OPT1_bustL
OPT2_bustR///0.3127, -0.0845, -0.9461, -0.0203,0.9461, -0.0601, 0.3181, 0.0727,-0.0838, -0.9946, 0.0612, 1.3113,0.0000, 0.0000, 0.0000, 1.0000///Spine2
OPT3_bustR///-0.3127, -0.0845, 0.9461, -0.1027,-0.9461, -0.0601, -0.3181, -0.1766,0.0838, -0.9946, -0.0612, 1.3334,0.0000, 0.0000, 0.0000, 1.0000///OPT2_bustR
OPT1_bustR_end///0.9983, -0.0464, 0.0341, -0.0729,-0.0316, 0.0539, 0.9980, -0.0864,-0.0481, -0.9975, 0.0523, 1.3254,0.0000, 0.0000, 0.0000, 1.0000///OPT3_bustR
SWG_OPT0_bustL__swing///0.3127, -0.9139, 0.2588, 0.0205,-0.9461, -0.3238, 0.0000, 0.0727,0.0838, -0.2448, -0.9659, 1.3113,0.0000, 0.0000, 0.0000, 1.0000///Spine2
SWG_OPT1_bustL__swing///-0.3127, 0.2406, 0.9189, 0.1029,0.9461, 0.1642, 0.2790, -0.1766,-0.0838, 0.9566, -0.2790, 1.3333,0.0000, 0.0000, 0.0000, 1.0000///SWG_OPT0_bustL__swing
SWG_OPT_bustL__null///0.3127, -0.2406, 0.9189, 0.0731,-0.9461, -0.1642, 0.2790, -0.0864,0.0838, -0.9566, -0.2790, 1.3254,0.0000, 0.0000, 0.0000, 1.0000///SWG_OPT1_bustL__swing
SWG_OPT2_bustR__swing///-0.3127, -0.9139, -0.2588, -0.0203,-0.9461, 0.3238, 0.0000, 0.0727,0.0838, 0.2448, -0.9659, 1.3113,0.0000, 0.0000, 0.0000, 1.0000///Spine2
SWG_OPT3_bustR__swing///0.3127, -0.2406, 0.9189, -0.1027,0.9461, 0.1642, -0.2790, -0.1766,-0.0838, 0.9566, 0.2790, 1.3334,0.0000, 0.0000, 0.0000, 1.0000///SWG_OPT2_bustR__swing
SWG_OPT_bustR__null///-0.3127, 0.2406, 0.9189, -0.0729,-0.9461, -0.1642, -0.2790, -0.0864,0.0838, -0.9566, 0.2790, 1.3254,0.0000, 0.0000, 0.0000, 1.0000///SWG_OPT3_bustR__swing
Spine1__offset///0.0000, -0.0000, 1.0000, 0.0000,-0.0000, -1.0000, -0.0000, 0.0000,1.0000, -0.0000, -0.0000, 1.1269,0.0000, 0.0000, 0.0000, 1.0000///Spine1
Spine1_front__offset///0.0000, -0.0000, 1.0000, 0.0000,-0.0000, -1.0000, -0.0000, 0.0000,1.0000, -0.0000, -0.0000, 1.1271,0.0000, 0.0000, 0.0000, 1.0000///Spine1
Hip///-0.0000, -0.0000, 1.0000, 0.0000,-0.0000, 1.0000, 0.0000, 0.0000,-1.0000, 0.0000, -0.0000, 1.1270,0.0000, 0.0000, 0.0000, 1.0000///BASE
L_UpLeg///0.0000, 0.0000, 1.0000, 0.0980,-0.0001, 1.0000, -0.0000, -0.0000,-1.0000, -0.0001, 0.0000, 0.9702,0.0000, 0.0000, 0.0000, 1.0000///Hip
L_Leg///0.0000, 0.0000, 1.0000, 0.0980,0.0001, 1.0000, -0.0000, -0.0000,-1.0000, 0.0001, 0.0000, 0.5390,0.0000, 0.0000, 0.0000, 1.0000///L_UpLeg
L_Foot///-0.0000, 0.0000, 1.0000, 0.0980,0.0000, 1.0000, -0.0000, -0.0000,-1.0000, 0.0000, -0.0000, 0.1274,0.0000, 0.0000, 0.0000, 1.0000///L_Leg
L_Toe///-0.0000, 0.0000, 1.0000, 0.0980,-1.0000, 0.0000, -0.0000, -0.1500,0.0000, -1.0000, 0.0000, 0.0296,0.0000, 0.0000, 0.0000, 1.0000///L_Foot
L_Toe1__null///-0.0000, 0.0000, 1.0000, 0.0980,-1.0000, 0.0000, -0.0000, -0.2774,-0.0000, -1.0000, 0.0000, 0.0296,0.0000, 0.0000, 0.0000, 1.0000///L_Toe
L_Toe__offset///-0.0000, 0.0000, 1.0000, 0.0980,-1.0000, 0.0000, -0.0000, -0.1501,0.0000, -1.0000, 0.0000, 0.0296,0.0000, 0.0000, 0.0000, 1.0000///L_Toe
ATH_L_Toe_Btm///1.0000, 0.0000, -0.0000, 0.0980,-0.0000, 1.0000, -0.0000, -0.1568,0.0000, 0.0000, 1.0000, 0.0002,0.0000, 0.0000, 0.0000, 1.0000///L_Toe
L_Foot__offset///-0.0000, 0.0000, 1.0000, 0.0980,0.0000, 1.0000, -0.0000, -0.0000,-1.0000, 0.0000, -0.0000, 0.1273,0.0000, 0.0000, 0.0000, 1.0000///L_Foot
L_Ankle__offset///-0.0000, 0.0000, 1.0000, 0.0980,0.0000, 1.0000, -0.0000, -0.0000,-1.0000, 0.0000, -0.0000, 0.1275,0.0000, 0.0000, 0.0000, 1.0000///L_Foot
ATH_L_Foot_Btm///1.0000, 0.0000, 0.0000, 0.0980,-0.0000, 1.0000, 0.0000, -0.0000,-0.0000, -0.0000, 1.0000, 0.0000,0.0000, 0.0000, 0.0000, 1.0000///L_Foot
L_Calf_Slide__offset///1.0000, -0.0000, -0.0000, 0.0980,-0.0000, -0.0001, -1.0000, -0.0000,0.0000, 1.0000, -0.0001, 0.3332,0.0000, 0.0000, 0.0000, 1.0000///L_Leg
L_Leg__offset///0.0000, 0.0000, 1.0000, 0.0980,0.0001, 1.0000, -0.0000, -0.0000,-1.0000, 0.0001, 0.0000, 0.5389,0.0000, 0.0000, 0.0000, 1.0000///L_Leg
HLP_L_Knee__offset///0.0000, 0.0000, 1.0000, 0.0980,0.0000, 1.0000, -0.0000, -0.0197,-1.0000, 0.0000, 0.0000, 0.5390,0.0000, 0.0000, 0.0000, 1.0000///L_UpLeg
HLP_L_UpLeg_Top__offset///0.0000, -0.0000, 1.0000, 0.0980,0.0000, 1.0000, 0.0000, -0.0000,-1.0000, 0.0000, 0.0000, 0.9703,0.0000, 0.0000, 0.0000, 1.0000///L_UpLeg
HLP_L_UpLeg_Mid__offset///0.0000, 0.0000, 1.0000, 0.0980,-0.0000, 1.0000, -0.0000, -0.0000,-1.0000, -0.0000, 0.0000, 0.7742,0.0000, 0.0000, 0.0000, 1.0000///L_UpLeg
L_Thigh_Slide__offset///1.0000, -0.0000, -0.0000, 0.0980,-0.0000, 0.0001, -1.0000, -0.0010,0.0000, 1.0000, 0.0001, 0.7546,0.0000, 0.0000, 0.0000, 1.0000///L_UpLeg
L_UpLeg__offset///0.0000, 0.0000, 1.0000, 0.0980,-0.0001, 1.0000, -0.0000, -0.0000,-1.0000, -0.0001, 0.0000, 0.9701,0.0000, 0.0000, 0.0000, 1.0000///L_UpLeg
R_UpLeg///0.0000, 0.0000, 1.0000, -0.0980,-0.0001, 1.0000, 0.0000, -0.0000,-1.0000, -0.0001, 0.0000, 0.9702,0.0000, 0.0000, 0.0000, 1.0000///Hip
R_Leg///0.0000, 0.0000, 1.0000, -0.0980,0.0001, 1.0000, -0.0000, -0.0000,-1.0000, 0.0001, 0.0000, 0.5390,0.0000, 0.0000, 0.0000, 1.0000///R_UpLeg
R_Foot///0.0013, 0.0000, 1.0000, -0.0980,0.0000, 1.0000, -0.0000, -0.0000,-1.0000, 0.0000, 0.0013, 0.1274,0.0000, 0.0000, 0.0000, 1.0000///R_Leg
R_Toe///-0.0000, 0.0013, 1.0000, -0.0979,-1.0000, 0.0000, -0.0000, -0.1500,-0.0000, -1.0000, 0.0013, 0.0296,0.0000, 0.0000, 0.0000, 1.0000///R_Foot
R_Toe1__null///-0.0000, 0.0013, 1.0000, -0.0979,-1.0000, 0.0000, -0.0000, -0.2774,0.0000, -1.0000, 0.0013, 0.0296,0.0000, 0.0000, 0.0000, 1.0000///R_Toe
R_Toe__offset///-0.0000, 0.0013, 1.0000, -0.0979,-1.0000, 0.0000, -0.0000, -0.1501,-0.0000, -1.0000, 0.0013, 0.0296,0.0000, 0.0000, 0.0000, 1.0000///R_Toe
ATH_R_Toe_Btm///1.0000, 0.0000, 0.0000, -0.0978,-0.0000, 1.0000, 0.0000, -0.1568,-0.0000, -0.0000, 1.0000, 0.0002,0.0000, 0.0000, 0.0000, 1.0000///R_Toe
R_Foot__offset///0.0013, 0.0000, 1.0000, -0.0980,0.0000, 1.0000, -0.0000, -0.0000,-1.0000, 0.0000, 0.0013, 0.1273,0.0000, 0.0000, 0.0000, 1.0000///R_Foot
R_Ankle__offset///-0.0013, 0.0000, 1.0000, -0.0980,-0.0000, -1.0000, -0.0000, -0.0000,1.0000, -0.0000, 0.0013, 0.1275,0.0000, 0.0000, 0.0000, 1.0000///R_Foot
ATH_R_Foot_Btm///1.0000, 0.0000, 0.0000, -0.0978,-0.0000, 1.0000, 0.0000, -0.0000,-0.0000, -0.0000, 1.0000, 0.0000,0.0000, 0.0000, 0.0000, 1.0000///R_Foot
R_Calf_Slide__offset///1.0000, -0.0000, 0.0000, -0.0980,0.0000, -0.0001, -1.0000, -0.0000,0.0000, 1.0000, -0.0001, 0.3332,0.0000, 0.0000, 0.0000, 1.0000///R_Leg
R_Leg__offset///0.0000, 0.0000, 1.0000, -0.0980,0.0001, 1.0000, -0.0000, -0.0000,-1.0000, 0.0001, 0.0000, 0.5389,0.0000, 0.0000, 0.0000, 1.0000///R_Leg
HLP_R_Knee__offset///0.0000, 0.0000, 1.0000, -0.0980,0.0000, 1.0000, -0.0000, -0.0197,-1.0000, 0.0000, 0.0000, 0.5390,0.0000, 0.0000, 0.0000, 1.0000///R_UpLeg
HLP_R_UpLeg_Top__offset///0.0000, -0.0000, 1.0000, -0.0980,0.0000, 1.0000, 0.0000, -0.0000,-1.0000, 0.0000, 0.0000, 0.9703,0.0000, 0.0000, 0.0000, 1.0000///R_UpLeg
HLP_R_UpLeg_Mid__offset///0.0000, -0.0000, 1.0000, -0.0980,-0.0000, 1.0000, 0.0000, -0.0000,-1.0000, -0.0000, 0.0000, 0.7742,0.0000, 0.0000, 0.0000, 1.0000///R_UpLeg
R_Thigh_Slide__offset///1.0000, -0.0000, 0.0000, -0.0980,0.0000, 0.0001, -1.0000, -0.0010,0.0000, 1.0000, 0.0001, 0.7546,0.0000, 0.0000, 0.0000, 1.0000///R_UpLeg
R_UpLeg__offset///0.0000, 0.0000, 1.0000, -0.0980,-0.0001, 1.0000, 0.0000, -0.0000,-1.0000, -0.0001, 0.0000, 0.9701,0.0000, 0.0000, 0.0000, 1.0000///R_UpLeg
HLP_L_Butt__offset///0.0000, -0.0000, 1.0000, 0.0981,0.0000, 1.0000, 0.0000, 0.0001,-1.0000, 0.0000, 0.0000, 0.9701,0.0000, 0.0000, 0.0000, 1.0000///Hip
HLP_R_Butt__offset///0.0000, -0.0000, 1.0000, -0.0981,0.0000, 1.0000, 0.0000, 0.0001,-1.0000, 0.0000, 0.0000, 0.9701,0.0000, 0.0000, 0.0000, 1.0000///Hip
HLP_L_Inguinal__offset///-0.1165, -0.0101, -0.9932, 0.1637,0.0867, -0.9962, -0.0000, -0.0489,-0.9894, -0.0861, 0.1169, 1.0966,0.0000, 0.0000, 0.0000, 1.0000///Hip
L_Inguinal1__null///-0.1165, -0.0101, -0.9932, 0.1294,0.0867, -0.9962, -0.0000, -0.0234,-0.9894, -0.0861, 0.1169, 0.8057,0.0000, 0.0000, 0.0000, 1.0000///HLP_L_Inguinal__offset
HLP_R_Inguinal__offset///0.1165, 0.0101, -0.9932, -0.1637,0.0867, -0.9962, -0.0000, -0.0489,-0.9894, -0.0861, -0.1169, 1.0966,0.0000, 0.0000, 0.0000, 1.0000///Hip
R_Inguinal__null///0.1165, 0.0101, -0.9932, -0.1294,0.0867, -0.9962, -0.0000, -0.0234,-0.9894, -0.0861, -0.1169, 0.8057,0.0000, 0.0000, 0.0000, 1.0000///HLP_R_Inguinal__offset
Hip__offset///-0.0000, -0.0000, 1.0000, 0.0000,-0.0000, 1.0000, 0.0000, 0.0000,-1.0000, 0.0000, -0.0000, 1.1271,0.0000, 0.0000, 0.0000, 1.0000///Hip
Hip_front__offset///-0.0000, -0.0000, 1.0000, -0.0000,-0.0000, 1.0000, 0.0000, 0.0000,-1.0000, 0.0000, -0.0000, 1.1269,0.0000, 0.0000, 0.0000, 1.0000///Hip
EDIT__null///1.0000, 0.0000, 0.0000, 0.0014,0.0000, 1.0000, 0.0000, 0.0000,0.0000, 0.0000, 1.0000, -0.0000,0.0000, 0.0000, 0.0000, 1.0000///MODEL_00
Deform__null///1.0000, 0.0000, 0.0000, 0.0083,0.0000, 1.0000, 0.0000, 0.0015,0.0000, 0.0000, 1.0000, -0.0002,0.0000, 0.0000, 0.0000, 1.0000///EDIT__null
