MODEL_00///1.0000, 0.0000, 0.0000, 0.0000,0.0000, 1.0000, 0.0000, -0.0000,0.0000, 0.0000, 1.0000, 0.0000,0.0000, 0.0000, 0.0000, 1.0000///
BODY_SCALE__group///1.0000, 0.0000, 0.0000, 0.0000,0.0000, 0.0000, -1.0000, 0.0000,0.0000, 1.0000, 0.0000, 0.0000,0.0000, 0.0000, 0.0000, 1.0000///MODEL_00
BASE///1.0000, 0.0000, 0.0000, 0.0000,0.0000, -0.0000, -1.0000, 0.0000,0.0000, 1.0000, -0.0000, 1.2650,0.0000, 0.0000, 0.0000, 1.0000///BODY_SCALE__group
Spine1///0.0000, -0.0000, 1.0000, 0.0000,-0.0000, -1.0000, -0.0000, 0.0000,1.0000, -0.0000, -0.0000, 1.2650,0.0000, 0.0000, 0.0000, 1.0000///BASE
Spine2///0.0000, -0.0000, 1.0000, 0.0000,-0.0000, -1.0000, -0.0000, 0.0000,1.0000, -0.0000, -0.0000, 1.4638,0.0000, 0.0000, 0.0000, 1.0000///Spine1
Neck///0.0000, -0.0000, 1.0000, 0.0000,-0.0000, -1.0000, -0.0000, 0.0000,1.0000, -0.0000, -0.0000, 1.9072,0.0000, 0.0000, 0.0000, 1.0000///Spine2
Head///-0.0000, 1.0000, -0.0000, 0.0000,-1.0000, -0.0000, -0.0000, 0.0000,-0.0000, 0.0000, 1.0000, 2.0524,0.0000, 0.0000, 0.0000, 1.0000///Neck
Head__offset///-0.0000, 1.0000, -0.0000, 0.0000,-1.0000, -0.0000, 0.0003, 0.0000,0.0003, 0.0000, 1.0000, 2.0526,0.0000, 0.0000, 0.0000, 1.0000///Head
ATH_Head_Top///1.0000, 0.0000, -0.0000, -0.0000,-0.0000, 1.0000, 0.0000, 0.0000,0.0000, 0.0000, 1.0000, 2.3215,0.0000, 0.0000, 0.0000, 1.0000///Head
L_Mayu2_Joint///1.0000, -0.0000, -0.0000, 0.0496,-0.0000, -0.0000, -1.0000, -0.1522,0.0000, 1.0000, -0.0000, 2.1350,0.0000, 0.0000, 0.0000, 1.0000///Head
L_Mayu3_Joint///1.0000, 0.0000, -0.0000, 0.0749,-0.0000, -0.0000, -1.0000, -0.1193,-0.0000, 1.0000, -0.0000, 2.1350,0.0000, 0.0000, 0.0000, 1.0000///Head
L_Mayu1_Joint///1.0000, -0.0000, -0.0000, 0.0153,-0.0000, -0.0000, -1.0000, -0.1646,0.0000, 1.0000, -0.0000, 2.1209,0.0000, 0.0000, 0.0000, 1.0000///Head
R_Mayu3_Joint///1.0000, -0.0000, 0.0000, -0.0749,0.0000, -0.0000, -1.0000, -0.1193,0.0000, 1.0000, -0.0000, 2.1350,0.0000, 0.0000, 0.0000, 1.0000///Head
R_Mayu2_Joint///1.0000, -0.0000, -0.0000, -0.0497,-0.0000, -0.0000, -1.0000, -0.1522,0.0000, 1.0000, -0.0000, 2.1350,0.0000, 0.0000, 0.0000, 1.0000///Head
R_Mayu1_Joint///1.0000, -0.0000, -0.0000, -0.0153,-0.0000, -0.0000, -1.0000, -0.1646,0.0000, 1.0000, -0.0000, 2.1209,0.0000, 0.0000, 0.0000, 1.0000///Head
R_Eyecorner///1.0000, -0.0000, -0.0000, -0.0596,-0.0000, -0.0000, -1.0000, -0.1230,0.0000, 1.0000, -0.0000, 2.1184,0.0000, 0.0000, 0.0000, 1.0000///Head
R_UwaMabuta_Joint///1.0000, -0.0000, -0.0000, -0.0395,-0.0000, -0.0000, -1.0000, -0.1161,0.0000, 1.0000, -0.0000, 2.1167,0.0000, 0.0000, 0.0000, 1.0000///Head
R_UpEyelid1///1.0000, -0.0000, -0.0000, -0.0329,-0.0000, -0.0000, -1.0000, -0.1397,0.0000, 1.0000, -0.0000, 2.1175,0.0000, 0.0000, 0.0000, 1.0000///R_UwaMabuta_Joint
R_UpEyelid2///1.0000, -0.0000, -0.0000, -0.0505,-0.0000, -0.0000, -1.0000, -0.1354,0.0000, 1.0000, -0.0000, 2.1198,0.0000, 0.0000, 0.0000, 1.0000///R_UwaMabuta_Joint
L_UwaMabuta_Joint///1.0000, -0.0000, 0.0000, 0.0395,0.0000, -0.0000, -1.0000, -0.1161,0.0000, 1.0000, -0.0000, 2.1167,0.0000, 0.0000, 0.0000, 1.0000///Head
L_UpEyelid2///1.0000, -0.0000, 0.0000, 0.0505,0.0000, -0.0000, -1.0000, -0.1354,0.0000, 1.0000, -0.0000, 2.1198,0.0000, 0.0000, 0.0000, 1.0000///L_UwaMabuta_Joint
L_UpEyelid1///1.0000, -0.0000, 0.0000, 0.0329,0.0000, -0.0000, -1.0000, -0.1397,0.0000, 1.0000, -0.0000, 2.1175,0.0000, 0.0000, 0.0000, 1.0000///L_UwaMabuta_Joint
L_Eyecorner///1.0000, -0.0000, -0.0000, 0.0596,-0.0000, -0.0000, -1.0000, -0.1230,0.0000, 1.0000, -0.0000, 2.1184,0.0000, 0.0000, 0.0000, 1.0000///Head
L_Eye_Joint///1.0000, -0.0000, 0.0000, 0.0395,0.0000, -0.0000, -1.0000, -0.1160,0.0000, 1.0000, -0.0000, 2.1184,0.0000, 0.0000, 0.0000, 1.0000///Head
R_Eye_Joint///1.0000, -0.0000, -0.0000, -0.0395,-0.0000, -0.0000, -1.0000, -0.1160,0.0000, 1.0000, -0.0000, 2.1184,0.0000, 0.0000, 0.0000, 1.0000///Head
R_SitaMabuta_Joint///1.0000, -0.0000, -0.0000, -0.0395,-0.0000, -0.0000, -1.0000, -0.1160,0.0000, 1.0000, -0.0000, 2.1184,0.0000, 0.0000, 0.0000, 1.0000///Head
R_LowEyelid1///1.0000, -0.0000, -0.0000, -0.0327,-0.0000, -0.0000, -1.0000, -0.1354,0.0000, 1.0000, -0.0000, 2.1101,0.0000, 0.0000, 0.0000, 1.0000///R_SitaMabuta_Joint
R_LowEyelid2///1.0000, -0.0000, -0.0000, -0.0531,-0.0000, -0.0000, -1.0000, -0.1310,0.0000, 1.0000, -0.0000, 2.1120,0.0000, 0.0000, 0.0000, 1.0000///R_SitaMabuta_Joint
L_SitaMabuta_Joint///1.0000, -0.0000, -0.0000, 0.0395,-0.0000, -0.0000, -1.0000, -0.1160,0.0000, 1.0000, -0.0000, 2.1184,0.0000, 0.0000, 0.0000, 1.0000///Head
L_LowEyelid2///1.0000, -0.0000, -0.0000, 0.0530,-0.0000, -0.0000, -1.0000, -0.1310,0.0000, 1.0000, -0.0000, 2.1120,0.0000, 0.0000, 0.0000, 1.0000///L_SitaMabuta_Joint
L_LowEyelid1///1.0000, -0.0000, -0.0000, 0.0327,-0.0000, -0.0000, -1.0000, -0.1354,0.0000, 1.0000, -0.0000, 2.1101,0.0000, 0.0000, 0.0000, 1.0000///L_SitaMabuta_Joint
L_Hoho_Joint///1.0000, -0.0000, 0.0000, 0.0663,0.0000, -0.0000, -1.0000, -0.1292,0.0000, 1.0000, -0.0000, 2.0909,0.0000, 0.0000, 0.0000, 1.0000///Head
L_Hana_Joint///1.0000, -0.0000, -0.0000, 0.0153,-0.0000, -0.0000, -1.0000, -0.1580,0.0000, 1.0000, -0.0000, 2.0962,0.0000, 0.0000, 0.0000, 1.0000///Head
R_Hana_Joint///1.0000, -0.0000, -0.0000, -0.0153,-0.0000, -0.0000, -1.0000, -0.1580,0.0000, 1.0000, -0.0000, 2.0962,0.0000, 0.0000, 0.0000, 1.0000///Head
R_Hoho_Joint///1.0000, -0.0000, 0.0000, -0.0663,0.0000, -0.0000, -1.0000, -0.1292,0.0000, 1.0000, -0.0000, 2.0909,0.0000, 0.0000, 0.0000, 1.0000///Head
L_Kobana_Joint///1.0000, -0.0000, -0.0000, 0.0306,-0.0000, -0.0000, -1.0000, -0.1529,0.0000, 1.0000, -0.0000, 2.0754,0.0000, 0.0000, 0.0000, 1.0000///Head
R_Kobana_Joint///1.0000, -0.0000, -0.0000, -0.0306,-0.0000, -0.0000, -1.0000, -0.1529,0.0000, 1.0000, -0.0000, 2.0754,0.0000, 0.0000, 0.0000, 1.0000///Head
L_Chobo_Joint///1.0000, -0.0000, 0.0000, 0.0734,0.0000, -0.0000, -1.0000, -0.1005,0.0000, 1.0000, -0.0000, 2.0410,0.0000, 0.0000, 0.0000, 1.0000///Head
R_Chobo_Joint///1.0000, -0.0000, 0.0000, -0.0734,0.0000, -0.0000, -1.0000, -0.1005,0.0000, 1.0000, -0.0000, 2.0410,0.0000, 0.0000, 0.0000, 1.0000///Head
L_LipU_Joint///1.0000, -0.0000, -0.0000, 0.0226,-0.0000, -0.0000, -1.0000, -0.1542,0.0000, 1.0000, -0.0000, 2.0369,0.0000, 0.0000, 0.0000, 1.0000///Head
R_LipU_Joint///1.0000, -0.0000, -0.0000, -0.0226,-0.0000, -0.0000, -1.0000, -0.1542,0.0000, 1.0000, -0.0000, 2.0369,0.0000, 0.0000, 0.0000, 1.0000///Head
M_LipU_Joint///1.0000, -0.0000, -0.0000, -0.0000,-0.0000, -0.0000, -1.0000, -0.1605,0.0000, 1.0000, -0.0000, 2.0420,0.0000, 0.0000, 0.0000, 1.0000///Head
Jaw_Joint///1.0000, -0.0000, -0.0000, -0.0000,-0.0000, -0.0000, -1.0000, -0.0541,0.0000, 1.0000, -0.0000, 2.0520,0.0000, 0.0000, 0.0000, 1.0000///Head
L_LipD_Joint///1.0000, -0.0000, -0.0000, 0.0219,-0.0000, -0.0000, -1.0000, -0.1521,0.0000, 1.0000, -0.0000, 2.0093,0.0000, 0.0000, 0.0000, 1.0000///Jaw_Joint
R_LipD_Joint///1.0000, -0.0000, -0.0000, -0.0219,-0.0000, -0.0000, -1.0000, -0.1521,0.0000, 1.0000, -0.0000, 2.0093,0.0000, 0.0000, 0.0000, 1.0000///Jaw_Joint
M_LipD_Joint///1.0000, -0.0000, -0.0000, -0.0000,-0.0000, -0.0000, -1.0000, -0.1570,0.0000, 1.0000, -0.0000, 2.0093,0.0000, 0.0000, 0.0000, 1.0000///Jaw_Joint
L_LipE_Joint///1.0000, -0.0000, -0.0000, 0.0428,-0.0000, -0.0000, -1.0000, -0.1392,0.0000, 1.0000, -0.0000, 2.0197,0.0000, 0.0000, 0.0000, 1.0000///Jaw_Joint
R_LipE_Joint///1.0000, -0.0000, -0.0000, -0.0428,-0.0000, -0.0000, -1.0000, -0.1392,0.0000, 1.0000, -0.0000, 2.0197,0.0000, 0.0000, 0.0000, 1.0000///Jaw_Joint
Bero1_Joint///-0.0002, 0.0008, -1.0000, -0.0000,-0.9772, -0.2124, 0.0000, -0.0954,-0.2124, 0.9772, 0.0008, 2.0216,0.0000, 0.0000, 0.0000, 1.0000///Jaw_Joint
Bero1_Joint_pos///-0.0000, 0.0000, -1.0000, -0.0000,-0.9588, -0.2841, 0.0000, -0.1207,-0.2841, 0.9588, 0.0000, 2.0230,0.0000, 0.0000, 0.0000, 1.0000///Bero1_Joint
Bero2_Joint///-0.0000, 0.0000, -1.0000, -0.0000,-0.9588, -0.2841, -0.0000, -0.1207,-0.2841, 0.9588, 0.0000, 2.0230,0.0000, 0.0000, 0.0000, 1.0000///Bero1_Joint_pos
Bero3_Joint///-0.0000, 0.0000, -1.0000, -0.0000,-0.9588, -0.2841, 0.0000, -0.1427,-0.2841, 0.9588, 0.0000, 2.0165,0.0000, 0.0000, 0.0000, 1.0000///Bero2_Joint
Neck__offset///0.0000, -0.0000, 1.0000, 0.0000,-0.0000, -1.0000, -0.0000, 0.0000,1.0000, -0.0000, -0.0000, 1.9070,0.0000, 0.0000, 0.0000, 1.0000///Neck
Neck_back__offset///0.0000, -0.0000, 1.0000, 0.0000,-0.0000, -1.0000, -0.0000, 0.0000,1.0000, -0.0000, -0.0000, 1.9073,0.0000, 0.0000, 0.0000, 1.0000///Neck
L_Shoulder///1.0000, -0.0000, -0.0000, 0.1529,-0.0000, -0.0000, -1.0000, 0.0000,0.0000, 1.0000, -0.0000, 1.8002,0.0000, 0.0000, 0.0000, 1.0000///Spine2
L_Arm///1.0000, -0.0000, -0.0000, 0.3081,0.0000, 1.0000, 0.0000, 0.0000,0.0000, -0.0000, 1.0000, 1.8002,0.0000, 0.0000, 0.0000, 1.0000///L_Shoulder
L_ForeArm///1.0000, 0.0000, -0.0000, 0.7113,-0.0000, 1.0000, 0.0000, 0.0000,0.0000, -0.0000, 1.0000, 1.8002,0.0000, 0.0000, 0.0000, 1.0000///L_Arm
L_Hand///1.0000, -0.0000, -0.0000, 1.0204,-0.0000, 0.0000, -1.0000, 0.0000,0.0000, 1.0000, 0.0000, 1.8002,0.0000, 0.0000, 0.0000, 1.0000///L_ForeArm
L_FingerBase///1.0000, 0.0000, -0.0000, 1.0269,-0.0000, 0.0000, -1.0000, -0.0260,0.0000, 1.0000, 0.0000, 1.8002,0.0000, 0.0000, 0.0000, 1.0000///L_Hand
L_Middle///1.0000, 0.0000, -0.0000, 1.0269,-0.0000, 0.0000, -1.0000, -0.0130,0.0000, 1.0000, 0.0000, 1.8002,0.0000, 0.0000, 0.0000, 1.0000///L_FingerBase
L_Ring///1.0000, 0.0000, -0.0000, 1.0269,-0.0000, 0.0000, -1.0000, 0.0000,0.0000, 1.0000, 0.0000, 1.8002,0.0000, 0.0000, 0.0000, 1.0000///L_Middle
L_Pinky///1.0000, 0.0000, -0.0000, 1.0269,-0.0000, 0.0000, -1.0000, 0.0130,0.0000, 1.0000, 0.0000, 1.8002,0.0000, 0.0000, 0.0000, 1.0000///L_Ring
L_Pinky1///1.0000, -0.0000, -0.0000, 1.1607,-0.0000, 0.0000, -1.0000, 0.0500,0.0000, 1.0000, 0.0000, 1.8022,0.0000, 0.0000, 0.0000, 1.0000///L_Pinky
L_Pinky2///1.0000, -0.0000, -0.0000, 1.2230,-0.0000, 0.0000, -1.0000, 0.0500,0.0000, 1.0000, 0.0000, 1.8022,0.0000, 0.0000, 0.0000, 1.0000///L_Pinky1
L_Pinky3///1.0000, -0.0000, -0.0000, 1.2513,-0.0000, 0.0000, -1.0000, 0.0500,0.0000, 1.0000, 0.0000, 1.8022,0.0000, 0.0000, 0.0000, 1.0000///L_Pinky2
L_Pinky4__null///1.0000, -0.0000, -0.0000, 1.2903,-0.0000, 0.0000, -1.0000, 0.0500,0.0000, 1.0000, 0.0000, 1.8022,0.0000, 0.0000, 0.0000, 1.0000///L_Pinky3
L_Ring1///1.0000, -0.0000, -0.0000, 1.1779,-0.0000, 0.0000, -1.0000, 0.0186,0.0000, 1.0000, 0.0000, 1.8046,0.0000, 0.0000, 0.0000, 1.0000///L_Ring
L_Ring2///1.0000, -0.0000, -0.0000, 1.2470,-0.0000, 0.0000, -1.0000, 0.0186,0.0000, 1.0000, 0.0000, 1.8046,0.0000, 0.0000, 0.0000, 1.0000///L_Ring1
L_Ring3///1.0000, -0.0000, -0.0000, 1.2877,-0.0000, 0.0000, -1.0000, 0.0186,0.0000, 1.0000, 0.0000, 1.8046,0.0000, 0.0000, 0.0000, 1.0000///L_Ring2
L_Ring4__null///1.0000, -0.0000, -0.0000, 1.3267,-0.0000, 0.0000, -1.0000, 0.0186,0.0000, 1.0000, 0.0000, 1.8046,0.0000, 0.0000, 0.0000, 1.0000///L_Ring3
L_Middle1///1.0000, -0.0000, -0.0000, 1.1826,-0.0000, 0.0000, -1.0000, -0.0166,0.0000, 1.0000, 0.0000, 1.8071,0.0000, 0.0000, 0.0000, 1.0000///L_Middle
L_Middle2///1.0000, -0.0000, -0.0000, 1.2585,-0.0000, 0.0000, -1.0000, -0.0166,0.0000, 1.0000, 0.0000, 1.8071,0.0000, 0.0000, 0.0000, 1.0000///L_Middle1
L_Middle3///1.0000, -0.0000, -0.0000, 1.3028,-0.0000, 0.0000, -1.0000, -0.0166,0.0000, 1.0000, 0.0000, 1.8071,0.0000, 0.0000, 0.0000, 1.0000///L_Middle2
L_Middle4__null///1.0000, -0.0000, -0.0000, 1.3418,-0.0000, 0.0000, -1.0000, -0.0166,0.0000, 1.0000, 0.0000, 1.8071,0.0000, 0.0000, 0.0000, 1.0000///L_Middle3
L_Index1///1.0000, -0.0000, -0.0000, 1.1826,-0.0000, 0.0000, -1.0000, -0.0535,0.0000, 1.0000, 0.0000, 1.8071,0.0000, 0.0000, 0.0000, 1.0000///L_FingerBase
L_Index2///1.0000, -0.0000, -0.0000, 1.2545,-0.0000, 0.0000, -1.0000, -0.0535,0.0000, 1.0000, 0.0000, 1.8071,0.0000, 0.0000, 0.0000, 1.0000///L_Index1
L_Index3///1.0000, -0.0000, -0.0000, 1.2962,-0.0000, 0.0000, -1.0000, -0.0535,0.0000, 1.0000, 0.0000, 1.8071,0.0000, 0.0000, 0.0000, 1.0000///L_Index2
L_Index4__null///1.0000, -0.0000, -0.0000, 1.3351,-0.0000, 0.0000, -1.0000, -0.0535,0.0000, 1.0000, 0.0000, 1.8071,0.0000, 0.0000, 0.0000, 1.0000///L_Index3
L_Thumb1///0.8053, -0.2750, -0.5252, 1.0521,-0.5122, -0.7689, -0.3827, -0.0580,-0.2986, 0.5772, -0.7601, 1.7811,0.0000, 0.0000, 0.0000, 1.0000///L_FingerBase
L_Thumb2///0.8053, -0.2750, -0.5252, 1.1199,-0.5122, -0.7689, -0.3827, -0.1012,-0.2986, 0.5772, -0.7601, 1.7560,0.0000, 0.0000, 0.0000, 1.0000///L_Thumb1
L_Thumb3///0.8053, -0.2750, -0.5252, 1.1609,-0.5122, -0.7689, -0.3827, -0.1272,-0.2986, 0.5772, -0.7601, 1.7408,0.0000, 0.0000, 0.0000, 1.0000///L_Thumb2
L_Thumb4__null///0.8053, -0.2750, -0.5252, 1.1923,-0.5122, -0.7689, -0.3827, -0.1472,-0.2986, 0.5772, -0.7601, 1.7292,0.0000, 0.0000, 0.0000, 1.0000///L_Thumb3
HLP_L_ForeArm_Mid__offset///1.0000, -0.0000, -0.0000, 0.8860,-0.0000, 0.0000, -1.0000, 0.0001,0.0000, 1.0000, 0.0000, 1.8002,0.0000, 0.0000, 0.0000, 1.0000///L_ForeArm
HLP_L_ForeArm_Btm__offset///1.0000, -0.0000, -0.0000, 0.9935,-0.0000, 0.0000, -1.0000, 0.0000,0.0000, 1.0000, 0.0000, 1.8002,0.0000, 0.0000, 0.0000, 1.0000///L_ForeArm
HLP_L_Elbow__offset///1.0000, 0.0000, -0.0000, 0.7113,-0.0000, 1.0000, 0.0000, 0.0431,0.0000, -0.0000, 1.0000, 1.8002,0.0000, 0.0000, 0.0000, 1.0000///L_ForeArm
L_ForeArm_Slide__offset///1.0000, -0.0000, -0.0000, 0.8560,0.0000, 1.0000, 0.0000, 0.0001,0.0000, -0.0000, 1.0000, 1.8002,0.0000, 0.0000, 0.0000, 1.0000///L_ForeArm
L_ForeArm__offset///1.0000, 0.0000, -0.0000, 0.7114,-0.0000, 1.0000, 0.0000, 0.0000,0.0000, -0.0000, 1.0000, 1.8002,0.0000, 0.0000, 0.0000, 1.0000///L_ForeArm
HLP_L_Arm_Top__offset///1.0000, 0.0000, -0.0000, 0.3082,0.0000, 1.0000, 0.0000, 0.0000,0.0000, 0.0000, 1.0000, 1.8002,0.0000, 0.0000, 0.0000, 1.0000///L_Arm
HLP_L_Arm_Mid__offset///1.0000, -0.0000, -0.0000, 0.4961,0.0000, 1.0000, 0.0000, 0.0000,0.0000, -0.0000, 1.0000, 1.8002,0.0000, 0.0000, 0.0000, 1.0000///L_Arm
L_Bicep_Slide__offset///1.0000, -0.0000, -0.0000, 0.5225,0.0000, 1.0000, 0.0000, -0.0022,0.0000, -0.0000, 1.0000, 1.8002,0.0000, 0.0000, 0.0000, 1.0000///L_Arm
L_Tricep_Slide__offset///1.0000, -0.0000, -0.0000, 0.5225,0.0000, 1.0000, 0.0000, 0.0007,0.0000, -0.0000, 1.0000, 1.8002,0.0000, 0.0000, 0.0000, 1.0000///L_Arm
L_Arm_Btm__offset///1.0000, -0.0000, -0.0000, 0.7112,0.0000, 1.0000, 0.0000, 0.0000,0.0000, -0.0000, 1.0000, 1.8002,0.0000, 0.0000, 0.0000, 1.0000///L_Arm
HLP_L_ShldrBlade__offset///1.0000, -0.0000, -0.0000, 0.2257,0.0000, 1.0000, 0.0000, -0.0014,0.0000, -0.0000, 1.0000, 1.7711,0.0000, 0.0000, 0.0000, 1.0000///L_Shoulder
HLP_L_Shldr_B__offset///1.0000, -0.0000, -0.0000, 0.3080,0.0000, 1.0000, 0.0000, 0.0000,0.0000, -0.0000, 1.0000, 1.8002,0.0000, 0.0000, 0.0000, 1.0000///L_Shoulder
R_Shoulder///-1.0000, 0.0000, -0.0000, -0.1529,0.0000, 0.0000, -1.0000, 0.0000,0.0000, -1.0000, -0.0000, 1.8002,0.0000, 0.0000, 0.0000, 1.0000///Spine2
R_Arm///-1.0000, 0.0000, 0.0000, -0.3081,0.0000, 1.0000, -0.0000, 0.0000,-0.0000, -0.0000, -1.0000, 1.8002,0.0000, 0.0000, 0.0000, 1.0000///R_Shoulder
R_ForeArm///-1.0000, -0.0000, 0.0000, -0.7113,-0.0000, 1.0000, -0.0000, 0.0000,-0.0000, -0.0000, -1.0000, 1.8001,0.0000, 0.0000, 0.0000, 1.0000///R_Arm
R_Hand///-1.0000, 0.0000, 0.0000, -1.0204,-0.0000, -0.0000, -1.0000, 0.0000,0.0000, -1.0000, 0.0000, 1.8001,0.0000, 0.0000, 0.0000, 1.0000///R_ForeArm
R_FingerBase///-1.0000, -0.0000, 0.0000, -1.0269,-0.0000, -0.0000, -1.0000, -0.0260,0.0000, -1.0000, 0.0000, 1.8001,0.0000, 0.0000, 0.0000, 1.0000///R_Hand
R_Middle///-1.0000, -0.0000, 0.0000, -1.0269,-0.0000, -0.0000, -1.0000, -0.0130,0.0000, -1.0000, 0.0000, 1.8001,0.0000, 0.0000, 0.0000, 1.0000///R_FingerBase
R_Ring///-1.0000, -0.0000, 0.0000, -1.0269,-0.0000, -0.0000, -1.0000, 0.0000,0.0000, -1.0000, 0.0000, 1.8001,0.0000, 0.0000, 0.0000, 1.0000///R_Middle
R_Pinky///-1.0000, -0.0000, 0.0000, -1.0269,-0.0000, -0.0000, -1.0000, 0.0130,0.0000, -1.0000, 0.0000, 1.8001,0.0000, 0.0000, 0.0000, 1.0000///R_Ring
R_Pinky1///-1.0000, 0.0000, 0.0000, -1.1607,-0.0000, -0.0000, -1.0000, 0.0500,0.0000, -1.0000, 0.0000, 1.8022,0.0000, 0.0000, 0.0000, 1.0000///R_Pinky
R_Pinky2///-1.0000, 0.0000, 0.0000, -1.2230,-0.0000, -0.0000, -1.0000, 0.0500,0.0000, -1.0000, 0.0000, 1.8022,0.0000, 0.0000, 0.0000, 1.0000///R_Pinky1
R_Pinky3///-1.0000, 0.0000, 0.0000, -1.2513,-0.0000, -0.0000, -1.0000, 0.0500,0.0000, -1.0000, 0.0000, 1.8022,0.0000, 0.0000, 0.0000, 1.0000///R_Pinky2
R_Pinky4__null///-1.0000, 0.0000, 0.0000, -1.2903,-0.0000, -0.0000, -1.0000, 0.0500,0.0000, -1.0000, 0.0000, 1.8022,0.0000, 0.0000, 0.0000, 1.0000///R_Pinky3
R_Ring1///-1.0000, 0.0000, 0.0000, -1.1779,-0.0000, -0.0000, -1.0000, 0.0187,0.0000, -1.0000, 0.0000, 1.8046,0.0000, 0.0000, 0.0000, 1.0000///R_Ring
R_Ring2///-1.0000, 0.0000, 0.0000, -1.2470,-0.0000, -0.0000, -1.0000, 0.0187,0.0000, -1.0000, 0.0000, 1.8046,0.0000, 0.0000, 0.0000, 1.0000///R_Ring1
R_Ring3///-1.0000, 0.0000, 0.0000, -1.2877,-0.0000, -0.0000, -1.0000, 0.0187,0.0000, -1.0000, 0.0000, 1.8046,0.0000, 0.0000, 0.0000, 1.0000///R_Ring2
R_Ring4__null///-1.0000, 0.0000, 0.0000, -1.3267,-0.0000, -0.0000, -1.0000, 0.0187,0.0000, -1.0000, 0.0000, 1.8046,0.0000, 0.0000, 0.0000, 1.0000///R_Ring3
R_Middle1///-1.0000, 0.0000, 0.0000, -1.1826,-0.0000, -0.0000, -1.0000, -0.0166,0.0000, -1.0000, 0.0000, 1.8071,0.0000, 0.0000, 0.0000, 1.0000///R_Middle
R_Middle2///-1.0000, 0.0000, 0.0000, -1.2585,-0.0000, -0.0000, -1.0000, -0.0166,0.0000, -1.0000, 0.0000, 1.8071,0.0000, 0.0000, 0.0000, 1.0000///R_Middle1
R_Middle3///-1.0000, 0.0000, 0.0000, -1.3028,-0.0000, -0.0000, -1.0000, -0.0166,0.0000, -1.0000, 0.0000, 1.8071,0.0000, 0.0000, 0.0000, 1.0000///R_Middle2
R_Middle4__null///-1.0000, 0.0000, 0.0000, -1.3418,-0.0000, -0.0000, -1.0000, -0.0166,0.0000, -1.0000, 0.0000, 1.8071,0.0000, 0.0000, 0.0000, 1.0000///R_Middle3
R_Index1///-1.0000, 0.0000, 0.0000, -1.1826,-0.0000, -0.0000, -1.0000, -0.0535,0.0000, -1.0000, 0.0000, 1.8071,0.0000, 0.0000, 0.0000, 1.0000///R_FingerBase
R_Index2///-1.0000, 0.0000, 0.0000, -1.2545,-0.0000, -0.0000, -1.0000, -0.0535,0.0000, -1.0000, 0.0000, 1.8071,0.0000, 0.0000, 0.0000, 1.0000///R_Index1
R_Index3///-1.0000, 0.0000, 0.0000, -1.2962,-0.0000, -0.0000, -1.0000, -0.0535,0.0000, -1.0000, 0.0000, 1.8071,0.0000, 0.0000, 0.0000, 1.0000///R_Index2
R_Index4__null///-1.0000, 0.0000, 0.0000, -1.3351,-0.0000, -0.0000, -1.0000, -0.0535,0.0000, -1.0000, 0.0000, 1.8071,0.0000, 0.0000, 0.0000, 1.0000///R_Index3
R_Thumb1///-0.8053, -0.2750, 0.5252, -1.0521,-0.5122, 0.7689, -0.3827, -0.0580,-0.2986, -0.5772, -0.7600, 1.7811,0.0000, 0.0000, 0.0000, 1.0000///R_FingerBase
R_Thumb2///-0.8053, -0.2750, 0.5252, -1.1199,-0.5122, 0.7689, -0.3827, -0.1012,-0.2986, -0.5772, -0.7600, 1.7560,0.0000, 0.0000, 0.0000, 1.0000///R_Thumb1
R_Thumb3///-0.8053, -0.2750, 0.5252, -1.1609,-0.5122, 0.7689, -0.3827, -0.1272,-0.2986, -0.5772, -0.7600, 1.7408,0.0000, 0.0000, 0.0000, 1.0000///R_Thumb2
R_Thumb4__null///-0.8053, -0.2750, 0.5252, -1.1923,-0.5122, 0.7689, -0.3827, -0.1472,-0.2986, -0.5772, -0.7600, 1.7291,0.0000, 0.0000, 0.0000, 1.0000///R_Thumb3
HLP_R_ForeArm_Mid__offset///-1.0000, 0.0000, 0.0000, -0.8860,-0.0000, -0.0000, -1.0000, 0.0001,-0.0000, -1.0000, 0.0000, 1.8002,0.0000, 0.0000, 0.0000, 1.0000///R_ForeArm
HLP_R_ForeArm_Btm__offset///-1.0000, 0.0000, 0.0000, -0.9935,-0.0000, -0.0000, -1.0000, 0.0000,0.0000, -1.0000, 0.0000, 1.8001,0.0000, 0.0000, 0.0000, 1.0000///R_ForeArm
HLP_R_Elbow__offset///-1.0000, -0.0000, 0.0000, -0.7113,-0.0000, 1.0000, -0.0000, 0.0431,-0.0000, -0.0000, -1.0000, 1.8002,0.0000, 0.0000, 0.0000, 1.0000///R_ForeArm
R_ForeArm_Slide__offset///-1.0000, 0.0000, 0.0000, -0.8560,-0.0000, -0.0000, -1.0000, 0.0001,-0.0000, -1.0000, 0.0000, 1.8002,0.0000, 0.0000, 0.0000, 1.0000///R_ForeArm
R_ForeArm__offset///-1.0000, -0.0000, 0.0000, -0.7114,-0.0000, 1.0000, -0.0000, 0.0000,-0.0000, -0.0000, -1.0000, 1.8001,0.0000, 0.0000, 0.0000, 1.0000///R_ForeArm
HLP_R_Arm_Top__offset///-1.0000, 0.0000, -0.0000, -0.3082,0.0000, 1.0000, 0.0000, 0.0000,0.0000, 0.0000, -1.0000, 1.8002,0.0000, 0.0000, 0.0000, 1.0000///R_Arm
HLP_R_Arm_Mid__offset///-1.0000, 0.0000, 0.0000, -0.4961,0.0000, 1.0000, -0.0000, 0.0000,-0.0000, -0.0000, -1.0000, 1.8001,0.0000, 0.0000, 0.0000, 1.0000///R_Arm
R_Bicep_Slide__offset///-1.0000, 0.0000, 0.0000, -0.5225,0.0000, 1.0000, -0.0000, -0.0022,-0.0000, -0.0000, -1.0000, 1.8002,0.0000, 0.0000, 0.0000, 1.0000///R_Arm
R_Tricep_Slide__offset///-1.0000, 0.0000, 0.0000, -0.5225,0.0000, 1.0000, -0.0000, 0.0007,-0.0000, -0.0000, -1.0000, 1.8002,0.0000, 0.0000, 0.0000, 1.0000///R_Arm
R_Arm_Btm__offset///-1.0000, 0.0000, 0.0000, -0.7112,0.0000, 1.0000, -0.0000, 0.0000,-0.0000, -0.0000, -1.0000, 1.8001,0.0000, 0.0000, 0.0000, 1.0000///R_Arm
HLP_R_ShldrBlade__offset///-1.0000, 0.0000, 0.0000, -0.2257,0.0000, 1.0000, -0.0000, -0.0014,-0.0000, -0.0000, -1.0000, 1.7711,0.0000, 0.0000, 0.0000, 1.0000///R_Shoulder
HLP_R_Shldr_B__offset///-1.0000, 0.0000, 0.0000, -0.3080,0.0000, 1.0000, -0.0000, 0.0000,-0.0000, -0.0000, -1.0000, 1.8002,0.0000, 0.0000, 0.0000, 1.0000///R_Shoulder
HLP_L_CollarBone__offset///0.9676, -0.0002, 0.2525, 0.0153,0.2525, -0.0000, -0.9676, -0.0764,0.0002, 1.0000, -0.0000, 1.8001,0.0000, 0.0000, 0.0000, 1.0000///Spine2
HLP_L_Shldr_F__offset///0.9779, 0.1668, 0.1257, 0.2036,0.1238, 0.0218, -0.9921, -0.0656,-0.1682, 0.9858, 0.0007, 1.8864,0.0000, 0.0000, 0.0000, 1.0000///HLP_L_CollarBone__offset
L_Shldr_F1__null///0.9779, 0.1668, 0.1257, 0.3531,0.1238, 0.0218, -0.9921, -0.0467,-0.1682, 0.9858, 0.0007, 1.8607,0.0000, 0.0000, 0.0000, 1.0000///HLP_L_Shldr_F__offset
HLP_L_CollarBone_up__offset///0.9676, -0.0002, 0.2525, 0.0153,0.2525, -0.0000, -0.9676, -0.0763,0.0002, 1.0000, -0.0000, 1.8001,0.0000, 0.0000, 0.0000, 1.0000///HLP_L_CollarBone__offset
L_CollarBone1__null///0.9676, -0.0002, 0.2525, 0.2964,0.2525, -0.0000, -0.9676, -0.0031,0.0002, 1.0000, -0.0000, 1.8001,0.0000, 0.0000, 0.0000, 1.0000///HLP_L_CollarBone__offset
HLP_R_CollarBone__offset///-0.9676, -0.0002, -0.2526, -0.0153,0.2526, 0.0000, -0.9676, -0.0764,0.0002, -1.0000, 0.0000, 1.8001,0.0000, 0.0000, 0.0000, 1.0000///Spine2
HLP_R_Shldr_F__offset///-0.9779, -0.1668, 0.1257, -0.2036,0.1238, 0.0218, 0.9921, -0.0656,-0.1682, 0.9858, -0.0007, 1.8864,0.0000, 0.0000, 0.0000, 1.0000///HLP_R_CollarBone__offset
R_Shldr_F1__null///-0.9779, -0.1668, 0.1257, -0.3531,0.1238, 0.0218, 0.9921, -0.0467,-0.1682, 0.9858, -0.0007, 1.8607,0.0000, 0.0000, 0.0000, 1.0000///HLP_R_Shldr_F__offset
HLP_R_CollarBone_up__offset///-0.9676, -0.0002, -0.2526, -0.0153,0.2526, 0.0000, -0.9676, -0.0763,0.0002, -1.0000, 0.0000, 1.8001,0.0000, 0.0000, 0.0000, 1.0000///HLP_R_CollarBone__offset
R_CollarBone1__null///-0.9676, -0.0002, -0.2526, -0.2964,0.2526, 0.0000, -0.9676, -0.0031,0.0002, -1.0000, 0.0000, 1.8001,0.0000, 0.0000, 0.0000, 1.0000///HLP_R_CollarBone__offset
HLP_L_Pectoral__offset///0.9698, -0.2367, 0.0585, 0.0002,0.0568, -0.0139, -0.9983, -0.0291,0.2371, 0.9715, 0.0000, 1.6789,0.0000, 0.0000, 0.0000, 1.0000///Spine2
L_Pectoral__null///0.9698, -0.2367, 0.0585, 0.2967,0.0568, -0.0139, -0.9983, -0.0117,0.2371, 0.9715, -0.0000, 1.7514,0.0000, 0.0000, 0.0000, 1.0000///HLP_L_Pectoral__offset
HLP_L_Pectoral_side__offset///0.9698, -0.2367, 0.0585, 0.0001,0.0568, -0.0139, -0.9983, -0.0291,0.2371, 0.9715, -0.0000, 1.6790,0.0000, 0.0000, 0.0000, 1.0000///HLP_L_Pectoral__offset
HLP_R_Pectoral__offset///-0.9698, 0.2367, 0.0585, -0.0002,0.0568, -0.0139, 0.9983, -0.0291,0.2371, 0.9715, -0.0000, 1.6789,0.0000, 0.0000, 0.0000, 1.0000///Spine2
R_Pectoral__null///-0.9698, 0.2367, 0.0585, -0.2967,0.0568, -0.0139, 0.9983, -0.0117,0.2371, 0.9715, 0.0000, 1.7514,0.0000, 0.0000, 0.0000, 1.0000///HLP_R_Pectoral__offset
HLP_R_Pectoral_side__offset///-0.9698, 0.2367, 0.0585, -0.0001,0.0568, -0.0139, 0.9983, -0.0291,0.2371, 0.9715, 0.0000, 1.6790,0.0000, 0.0000, 0.0000, 1.0000///HLP_R_Pectoral__offset
Spine2__offset///0.0000, -0.0000, 1.0000, 0.0000,-0.0000, -1.0000, -0.0000, 0.0000,1.0000, -0.0000, -0.0000, 1.4636,0.0000, 0.0000, 0.0000, 1.0000///Spine2
Spine2_breast__offset///0.0000, -0.0000, 1.0000, 0.0000,-0.0000, -1.0000, -0.0000, 0.0001,1.0000, -0.0000, -0.0000, 1.4787,0.0000, 0.0000, 0.0000, 1.0000///Spine2__offset
Spine2up__offset///0.0000, -0.0000, 1.0000, 0.0000,-0.0000, -1.0000, -0.0000, 0.0000,1.0000, -0.0000, -0.0000, 1.4638,0.0000, 0.0000, 0.0000, 1.0000///Spine2__offset
Spine2side__offset///0.0000, -0.0000, 1.0000, 0.0000,-0.0000, -1.0000, -0.0000, 0.0000,1.0000, -0.0000, -0.0000, 1.4635,0.0000, 0.0000, 0.0000, 1.0000///Spine2
OPT0_bustL///0.3127, -0.0846, -0.9461, 0.0337,-0.9461, 0.0601, -0.3181, 0.1194,0.0838, 0.9946, -0.0612, 1.5676,0.0000, 0.0000, 0.0000, 1.0000///Spine2
OPT1_bustL///-0.3127, -0.0846, 0.9461, 0.1599,0.9461, 0.0601, 0.3181, -0.2625,-0.0838, 0.9946, 0.0612, 1.6014,0.0000, 0.0000, 0.0000, 1.0000///OPT0_bustL
OPT1_bustL_end///0.9983, -0.0464, 0.0341, 0.1238,0.0316, -0.0539, -0.9980, -0.1534,0.0482, 0.9975, -0.0523, 1.5918,0.0000, 0.0000, 0.0000, 1.0000///OPT1_bustL
OPT2_bustR///0.3127, -0.0845, -0.9461, -0.0334,0.9461, -0.0601, 0.3181, 0.1194,-0.0838, -0.9946, 0.0612, 1.5677,0.0000, 0.0000, 0.0000, 1.0000///Spine2
OPT3_bustR///-0.3127, -0.0845, 0.9461, -0.1596,-0.9461, -0.0601, -0.3181, -0.2625,0.0838, -0.9946, -0.0612, 1.6015,0.0000, 0.0000, 0.0000, 1.0000///OPT2_bustR
OPT1_bustR_end///0.9983, -0.0464, 0.0341, -0.1235,-0.0316, 0.0539, 0.9980, -0.1534,-0.0481, -0.9975, 0.0523, 1.5918,0.0000, 0.0000, 0.0000, 1.0000///OPT3_bustR
Spine1__offset///0.0000, -0.0000, 1.0000, 0.0000,-0.0000, -1.0000, -0.0000, 0.0000,1.0000, -0.0000, -0.0000, 1.2648,0.0000, 0.0000, 0.0000, 1.0000///Spine1
Spine1_front__offset///0.0000, -0.0000, 1.0000, 0.0000,-0.0000, -1.0000, -0.0000, 0.0000,1.0000, -0.0000, -0.0000, 1.2652,0.0000, 0.0000, 0.0000, 1.0000///Spine1
Hip///-0.0000, -0.0000, 1.0000, 0.0000,-0.0000, 1.0000, 0.0000, 0.0000,-1.0000, 0.0000, -0.0000, 1.2650,0.0000, 0.0000, 0.0000, 1.0000///BASE
L_UpLeg///0.0000, 0.0000, 1.0000, 0.1100,-0.0001, 1.0000, -0.0000, -0.0000,-1.0000, -0.0001, 0.0000, 1.0890,0.0000, 0.0000, 0.0000, 1.0000///Hip
L_Leg///0.0000, 0.0000, 1.0000, 0.1100,0.0001, 1.0000, -0.0000, -0.0000,-1.0000, 0.0001, 0.0000, 0.6050,0.0000, 0.0000, 0.0000, 1.0000///L_UpLeg
L_Foot///-0.0000, 0.0000, 1.0000, 0.1100,0.0000, 1.0000, -0.0000, -0.0000,-1.0000, 0.0000, -0.0000, 0.1430,0.0000, 0.0000, 0.0000, 1.0000///L_Leg
L_Toe///-0.0000, 0.0000, 1.0000, 0.1100,-1.0000, 0.0000, -0.0000, -0.1683,0.0000, -1.0000, 0.0000, 0.0332,0.0000, 0.0000, 0.0000, 1.0000///L_Foot
L_Toe1__null///-0.0000, 0.0000, 1.0000, 0.1100,-1.0000, 0.0000, -0.0000, -0.3113,-0.0000, -1.0000, 0.0000, 0.0332,0.0000, 0.0000, 0.0000, 1.0000///L_Toe
L_Toe__offset///-0.0000, 0.0000, 1.0000, 0.1100,-1.0000, 0.0000, -0.0000, -0.1685,0.0000, -1.0000, 0.0000, 0.0332,0.0000, 0.0000, 0.0000, 1.0000///L_Toe
ATH_L_Toe_Btm///1.0000, 0.0000, -0.0000, 0.1100,-0.0000, 1.0000, -0.0000, -0.1760,0.0000, 0.0000, 1.0000, -0.0000,0.0000, 0.0000, 0.0000, 1.0000///L_Toe
L_Foot__offset///-0.0000, 0.0000, 1.0000, 0.1100,0.0000, 1.0000, -0.0000, -0.0000,-1.0000, 0.0000, -0.0000, 0.1429,0.0000, 0.0000, 0.0000, 1.0000///L_Foot
L_Ankle__offset///-0.0000, 0.0000, 1.0000, 0.1100,0.0000, 1.0000, -0.0000, -0.0000,-1.0000, 0.0000, -0.0000, 0.1431,0.0000, 0.0000, 0.0000, 1.0000///L_Foot
ATH_L_Foot_Btm///1.0000, 0.0000, 0.0000, 0.1100,-0.0000, 1.0000, 0.0000, -0.0000,-0.0000, -0.0000, 1.0000, -0.0000,0.0000, 0.0000, 0.0000, 1.0000///L_Foot
L_Calf_Slide__offset///1.0000, -0.0000, -0.0000, 0.1100,-0.0000, -0.0001, -1.0000, -0.0000,0.0000, 1.0000, -0.0001, 0.3740,0.0000, 0.0000, 0.0000, 1.0000///L_Leg
L_Leg__offset///0.0000, 0.0000, 1.0000, 0.1100,0.0001, 1.0000, -0.0000, -0.0000,-1.0000, 0.0001, 0.0000, 0.6049,0.0000, 0.0000, 0.0000, 1.0000///L_Leg
HLP_L_Knee__offset///0.0000, 0.0000, 1.0000, 0.1100,0.0000, 1.0000, -0.0000, -0.0221,-1.0000, 0.0000, 0.0000, 0.6050,0.0000, 0.0000, 0.0000, 1.0000///L_UpLeg
HLP_L_UpLeg_Top__offset///0.0000, -0.0000, 1.0000, 0.1100,0.0000, 1.0000, 0.0000, -0.0000,-1.0000, 0.0000, 0.0000, 1.0891,0.0000, 0.0000, 0.0000, 1.0000///L_UpLeg
HLP_L_UpLeg_Mid__offset///0.0000, 0.0000, 1.0000, 0.1100,-0.0000, 1.0000, -0.0000, -0.0000,-1.0000, -0.0000, 0.0000, 0.8690,0.0000, 0.0000, 0.0000, 1.0000///L_UpLeg
L_Thigh_Slide__offset///1.0000, -0.0000, -0.0000, 0.1100,-0.0000, 0.0001, -1.0000, -0.0011,0.0000, 1.0000, 0.0001, 0.8470,0.0000, 0.0000, 0.0000, 1.0000///L_UpLeg
L_UpLeg__offset///0.0000, 0.0000, 1.0000, 0.1100,-0.0001, 1.0000, -0.0000, -0.0000,-1.0000, -0.0001, 0.0000, 1.0889,0.0000, 0.0000, 0.0000, 1.0000///L_UpLeg
R_UpLeg///0.0000, 0.0000, 1.0000, -0.1100,-0.0001, 1.0000, 0.0000, -0.0000,-1.0000, -0.0001, 0.0000, 1.0890,0.0000, 0.0000, 0.0000, 1.0000///Hip
R_Leg///0.0000, 0.0000, 1.0000, -0.1100,0.0001, 1.0000, -0.0000, -0.0000,-1.0000, 0.0001, 0.0000, 0.6050,0.0000, 0.0000, 0.0000, 1.0000///R_UpLeg
R_Foot///0.0013, 0.0000, 1.0000, -0.1100,0.0000, 1.0000, -0.0000, -0.0000,-1.0000, 0.0000, 0.0013, 0.1430,0.0000, 0.0000, 0.0000, 1.0000///R_Leg
R_Toe///-0.0000, 0.0013, 1.0000, -0.1099,-1.0000, 0.0000, -0.0000, -0.1683,-0.0000, -1.0000, 0.0013, 0.0332,0.0000, 0.0000, 0.0000, 1.0000///R_Foot
R_Toe1__null///-0.0000, 0.0013, 1.0000, -0.1099,-1.0000, 0.0000, -0.0000, -0.3113,-0.0000, -1.0000, 0.0013, 0.0332,0.0000, 0.0000, 0.0000, 1.0000///R_Toe
R_Toe__offset///-0.0000, 0.0013, 1.0000, -0.1099,-1.0000, 0.0000, -0.0000, -0.1685,-0.0000, -1.0000, 0.0013, 0.0332,0.0000, 0.0000, 0.0000, 1.0000///R_Toe
ATH_R_Toe_Btm///1.0000, 0.0000, 0.0000, -0.1098,-0.0000, 1.0000, 0.0000, -0.1760,-0.0000, -0.0000, 1.0000, -0.0000,0.0000, 0.0000, 0.0000, 1.0000///R_Toe
R_Foot__offset///0.0013, 0.0000, 1.0000, -0.1100,0.0000, 1.0000, -0.0000, -0.0000,-1.0000, 0.0000, 0.0013, 0.1429,0.0000, 0.0000, 0.0000, 1.0000///R_Foot
R_Ankle__offset///-0.0013, -0.0000, 1.0000, -0.1100,-0.0000, -1.0000, -0.0000, -0.0000,1.0000, -0.0000, 0.0013, 0.1431,0.0000, 0.0000, 0.0000, 1.0000///R_Foot
ATH_R_Foot_Btm///1.0000, 0.0000, 0.0000, -0.1098,-0.0000, 1.0000, 0.0000, -0.0000,-0.0000, -0.0000, 1.0000, 0.0000,0.0000, 0.0000, 0.0000, 1.0000///R_Foot
R_Calf_Slide__offset///1.0000, -0.0000, -0.0000, -0.1100,-0.0000, -0.0001, -1.0000, -0.0000,0.0000, 1.0000, -0.0001, 0.3740,0.0000, 0.0000, 0.0000, 1.0000///R_Leg
R_Leg__offset///0.0000, 0.0000, 1.0000, -0.1100,0.0001, 1.0000, -0.0000, -0.0000,-1.0000, 0.0001, 0.0000, 0.6049,0.0000, 0.0000, 0.0000, 1.0000///R_Leg
HLP_R_Knee__offset///0.0000, 0.0000, 1.0000, -0.1100,0.0000, 1.0000, -0.0000, -0.0221,-1.0000, 0.0000, 0.0000, 0.6050,0.0000, 0.0000, 0.0000, 1.0000///R_UpLeg
HLP_R_UpLeg_Top__offset///0.0000, -0.0000, 1.0000, -0.1100,0.0000, 1.0000, 0.0000, -0.0000,-1.0000, 0.0000, 0.0000, 1.0891,0.0000, 0.0000, 0.0000, 1.0000///R_UpLeg
HLP_R_UpLeg_Mid__offset///0.0000, -0.0000, 1.0000, -0.1100,-0.0000, 1.0000, 0.0000, -0.0000,-1.0000, -0.0000, 0.0000, 0.8690,0.0000, 0.0000, 0.0000, 1.0000///R_UpLeg
R_Thigh_Slide__offset///1.0000, -0.0000, -0.0000, -0.1100,-0.0000, 0.0001, -1.0000, -0.0011,0.0000, 1.0000, 0.0001, 0.8470,0.0000, 0.0000, 0.0000, 1.0000///R_UpLeg
R_UpLeg__offset///0.0000, 0.0000, 1.0000, -0.1100,-0.0001, 1.0000, 0.0000, -0.0000,-1.0000, -0.0001, 0.0000, 1.0889,0.0000, 0.0000, 0.0000, 1.0000///R_UpLeg
HLP_L_Butt__offset///0.0000, -0.0000, 1.0000, 0.1101,0.0000, 1.0000, 0.0000, 0.0001,-1.0000, 0.0000, 0.0000, 1.0889,0.0000, 0.0000, 0.0000, 1.0000///Hip
HLP_R_Butt__offset///0.0000, -0.0000, 1.0000, -0.1101,0.0000, 1.0000, 0.0000, 0.0001,-1.0000, 0.0000, 0.0000, 1.0889,0.0000, 0.0000, 0.0000, 1.0000///Hip
HLP_L_Inguinal__offset///-0.1165, -0.0101, -0.9931, 0.1837,0.0867, -0.9962, -0.0000, -0.0549,-0.9894, -0.0861, 0.1169, 1.2309,0.0000, 0.0000, 0.0000, 1.0000///Hip
L_Inguinal1__null///-0.1165, -0.0101, -0.9931, 0.1453,0.0867, -0.9962, 0.0000, -0.0263,-0.9894, -0.0861, 0.1169, 0.9044,0.0000, 0.0000, 0.0000, 1.0000///HLP_L_Inguinal__offset
HLP_R_Inguinal__offset///0.1165, 0.0101, -0.9931, -0.1837,0.0867, -0.9962, 0.0000, -0.0549,-0.9894, -0.0861, -0.1169, 1.2309,0.0000, 0.0000, 0.0000, 1.0000///Hip
R_Inguinal__null///0.1165, 0.0101, -0.9932, -0.1453,0.0867, -0.9962, -0.0000, -0.0263,-0.9894, -0.0861, -0.1169, 0.9044,0.0000, 0.0000, 0.0000, 1.0000///HLP_R_Inguinal__offset
Hip__offset///-0.0000, -0.0000, 1.0000, 0.0000,-0.0000, 1.0000, 0.0000, 0.0000,-1.0000, 0.0000, -0.0000, 1.2651,0.0000, 0.0000, 0.0000, 1.0000///Hip
Hip_front__offset///-0.0000, -0.0000, 1.0000, -0.0000,-0.0000, 1.0000, 0.0000, 0.0000,-1.0000, 0.0000, -0.0000, 1.2649,0.0000, 0.0000, 0.0000, 1.0000///Hip
EDIT__null///1.0000, 0.0000, 0.0000, 0.0014,0.0000, 1.0000, 0.0000, 0.0000,0.0000, 0.0000, 1.0000, -0.0000,0.0000, 0.0000, 0.0000, 1.0000///MODEL_00
Deform__null///1.0000, 0.0000, 0.0000, 0.0083,0.0000, 1.0000, 0.0000, 0.0015,0.0000, 0.0000, 1.0000, -0.0002,0.0000, 0.0000, 0.0000, 1.0000///EDIT__null
