MODEL_00///1.0000, 0.0000, 0.0000, 0.0000,0.0000, 1.0000, -0.0000, 0.0000,0.0000, 0.0000, 1.0000, 0.0000,0.0000, 0.0000, 0.0000, 1.0000///
BODY_SCALE__group///1.0000, 0.0000, 0.0000, 0.0000,0.0000, 0.0000, -1.0000, 0.0000,0.0000, 1.0000, 0.0000, 0.0000,0.0000, 0.0000, 0.0000, 1.0000///MODEL_00
Base///1.0000, 0.0000, 0.0000, 0.0000,0.0000, 0.0000, -1.0000, 0.0000,0.0000, 1.0000, 0.0000, 1.0925,0.0000, 0.0000, 0.0000, 1.0000///BODY_SCALE__group
Spine1///0.0000, -0.0000, 1.0000, 0.0000,-0.0000, -1.0000, -0.0000, 0.0000,1.0000, -0.0000, -0.0000, 1.0925,0.0000, 0.0000, 0.0000, 1.0000///Base
Spine2///0.0000, -0.0000, 1.0000, 0.0000,-0.0000, -1.0000, -0.0000, 0.0000,1.0000, -0.0000, -0.0000, 1.2049,0.0000, 0.0000, 0.0000, 1.0000///Spine1
Neck///0.0000, -0.0000, 1.0000, 0.0000,-0.0000, -1.0000, -0.0000, 0.0000,1.0000, -0.0000, -0.0000, 1.4482,0.0000, 0.0000, 0.0000, 1.0000///Spine2
HEAD///0.0000, 1.0000, -0.0000, 0.0000,-1.0000, 0.0000, -0.0000, 0.0000,-0.0000, 0.0000, 1.0000, 1.5520,0.0000, 0.0000, 0.0000, 1.0000///Neck
Head__offset///-0.0000, 1.0000, -0.0000, 0.0000,-1.0000, -0.0000, 0.0003, 0.0000,0.0003, 0.0000, 1.0000, 1.5521,0.0000, 0.0000, 0.0000, 1.0000///HEAD
ATH_Head_Top///1.0000, 0.0000, 0.0000, -0.0000,-0.0000, 1.0000, -0.0000, 0.0000,-0.0000, 0.0000, 1.0000, 1.7231,0.0000, 0.0000, 0.0000, 1.0000///HEAD
L_Mayu2_Joint///1.0000, 0.0000, -0.0000, 0.0375,-0.0000, 0.0000, -1.0000, -0.1178,0.0000, 1.0000, 0.0000, 1.6147,0.0000, 0.0000, 0.0000, 1.0000///HEAD
L_Mayu3_Joint///1.0000, 0.0000, -0.0000, 0.0599,-0.0000, 0.0000, -1.0000, -0.0981,-0.0000, 1.0000, 0.0000, 1.6117,0.0000, 0.0000, 0.0000, 1.0000///HEAD
L_Mayu1_Joint///1.0000, 0.0000, -0.0000, 0.0161,-0.0000, 0.0000, -1.0000, -0.1251,-0.0000, 1.0000, 0.0000, 1.6085,0.0000, 0.0000, 0.0000, 1.0000///HEAD
R_Mayu3_Joint///1.0000, 0.0000, -0.0000, -0.0599,-0.0000, 0.0000, -1.0000, -0.0981,0.0000, 1.0000, 0.0000, 1.6117,0.0000, 0.0000, 0.0000, 1.0000///HEAD
R_Mayu2_Joint///1.0000, 0.0000, -0.0000, -0.0375,-0.0000, 0.0000, -1.0000, -0.1178,0.0000, 1.0000, 0.0000, 1.6147,0.0000, 0.0000, 0.0000, 1.0000///HEAD
R_Mayu1_Joint///1.0000, 0.0000, -0.0000, -0.0161,-0.0000, 0.0000, -1.0000, -0.1251,-0.0000, 1.0000, 0.0000, 1.6085,0.0000, 0.0000, 0.0000, 1.0000///HEAD
R_Eyecorner///1.0000, 0.0000, -0.0000, -0.0493,-0.0000, 0.0000, -1.0000, -0.1031,0.0000, 1.0000, 0.0000, 1.5962,0.0000, 0.0000, 0.0000, 1.0000///HEAD
R_UwaMabuta_Joint///1.0000, 0.0000, -0.0000, -0.0310,-0.0000, 0.0000, -1.0000, -0.0960,-0.0000, 1.0000, 0.0000, 1.5963,0.0000, 0.0000, 0.0000, 1.0000///HEAD
R_UpEyelid1///1.0000, 0.0000, -0.0000, -0.0263,-0.0000, 0.0000, -1.0000, -0.1140,-0.0000, 1.0000, 0.0000, 1.6007,0.0000, 0.0000, 0.0000, 1.0000///R_UwaMabuta_Joint
R_UpEyelid2///1.0000, 0.0000, -0.0000, -0.0418,-0.0000, 0.0000, -1.0000, -0.1106,-0.0000, 1.0000, 0.0000, 1.6015,0.0000, 0.0000, 0.0000, 1.0000///R_UwaMabuta_Joint
L_UwaMabuta_Joint///1.0000, 0.0000, -0.0000, 0.0310,-0.0000, -0.0000, -1.0000, -0.0960,-0.0000, 1.0000, -0.0000, 1.5963,0.0000, 0.0000, 0.0000, 1.0000///HEAD
L_UpEyelid2///1.0000, 0.0000, 0.0000, 0.0417,0.0000, -0.0000, -1.0000, -0.1106,-0.0000, 1.0000, -0.0000, 1.6015,0.0000, 0.0000, 0.0000, 1.0000///L_UwaMabuta_Joint
L_UpEyelid1///1.0000, 0.0000, 0.0000, 0.0263,0.0000, -0.0000, -1.0000, -0.1140,-0.0000, 1.0000, -0.0000, 1.6007,0.0000, 0.0000, 0.0000, 1.0000///L_UwaMabuta_Joint
L_Eyecorner///1.0000, 0.0000, -0.0000, 0.0493,-0.0000, 0.0000, -1.0000, -0.1031,0.0000, 1.0000, 0.0000, 1.5962,0.0000, 0.0000, 0.0000, 1.0000///HEAD
L_Eye_Joint///1.0000, 0.0000, -0.0000, 0.0310,-0.0000, -0.0000, -1.0000, -0.0960,-0.0000, 1.0000, -0.0000, 1.5963,0.0000, 0.0000, 0.0000, 1.0000///HEAD
R_Eye_Joint///1.0000, 0.0000, -0.0000, -0.0310,-0.0000, 0.0000, -1.0000, -0.0960,-0.0000, 1.0000, 0.0000, 1.5963,0.0000, 0.0000, 0.0000, 1.0000///HEAD
R_SitaMabuta_Joint///1.0000, 0.0000, -0.0000, -0.0310,-0.0000, 0.0000, -1.0000, -0.0960,-0.0000, 1.0000, 0.0000, 1.5949,0.0000, 0.0000, 0.0000, 1.0000///HEAD
R_LowEyelid1///1.0000, 0.0000, -0.0000, -0.0285,-0.0000, 0.0000, -1.0000, -0.1127,-0.0000, 1.0000, 0.0000, 1.5883,0.0000, 0.0000, 0.0000, 1.0000///R_SitaMabuta_Joint
R_LowEyelid2///1.0000, 0.0000, -0.0000, -0.0432,-0.0000, 0.0000, -1.0000, -0.1087,-0.0000, 1.0000, 0.0000, 1.5908,0.0000, 0.0000, 0.0000, 1.0000///R_SitaMabuta_Joint
L_SitaMabuta_Joint///1.0000, 0.0000, -0.0000, 0.0310,-0.0000, 0.0000, -1.0000, -0.0960,-0.0000, 1.0000, 0.0000, 1.5949,0.0000, 0.0000, 0.0000, 1.0000///HEAD
L_LowEyelid2///1.0000, 0.0000, -0.0000, 0.0432,-0.0000, 0.0000, -1.0000, -0.1087,-0.0000, 1.0000, 0.0000, 1.5908,0.0000, 0.0000, 0.0000, 1.0000///L_SitaMabuta_Joint
L_LowEyelid1///1.0000, 0.0000, -0.0000, 0.0285,-0.0000, 0.0000, -1.0000, -0.1127,-0.0000, 1.0000, 0.0000, 1.5883,0.0000, 0.0000, 0.0000, 1.0000///L_SitaMabuta_Joint
L_Hoho_Joint///1.0000, 0.0000, -0.0000, 0.0497,-0.0000, 0.0000, -1.0000, -0.1062,0.0000, 1.0000, 0.0000, 1.5761,0.0000, 0.0000, 0.0000, 1.0000///HEAD
L_Hana_Joint///1.0000, 0.0000, -0.0000, 0.0148,-0.0000, 0.0000, -1.0000, -0.1168,-0.0000, 1.0000, 0.0000, 1.5789,0.0000, 0.0000, 0.0000, 1.0000///HEAD
R_Hana_Joint///1.0000, 0.0000, -0.0000, -0.0148,-0.0000, 0.0000, -1.0000, -0.1168,-0.0000, 1.0000, 0.0000, 1.5789,0.0000, 0.0000, 0.0000, 1.0000///HEAD
R_Hoho_Joint///1.0000, 0.0000, -0.0000, -0.0497,-0.0000, 0.0000, -1.0000, -0.1062,0.0000, 1.0000, 0.0000, 1.5761,0.0000, 0.0000, 0.0000, 1.0000///HEAD
L_Kobana_Joint///1.0000, 0.0000, -0.0000, 0.0107,-0.0000, 0.0000, -1.0000, -0.1228,-0.0000, 1.0000, 0.0000, 1.5569,0.0000, 0.0000, 0.0000, 1.0000///HEAD
R_Kobana_Joint///1.0000, 0.0000, -0.0000, -0.0107,-0.0000, 0.0000, -1.0000, -0.1228,-0.0000, 1.0000, 0.0000, 1.5569,0.0000, 0.0000, 0.0000, 1.0000///HEAD
L_Chobo_Joint///1.0000, 0.0000, -0.0000, 0.0558,-0.0000, 0.0000, -1.0000, -0.0793,0.0000, 1.0000, 0.0000, 1.5415,0.0000, 0.0000, 0.0000, 1.0000///HEAD
R_Chobo_Joint///1.0000, 0.0000, -0.0000, -0.0558,-0.0000, 0.0000, -1.0000, -0.0793,0.0000, 1.0000, 0.0000, 1.5415,0.0000, 0.0000, 0.0000, 1.0000///HEAD
L_LipU_Joint///1.0000, 0.0000, -0.0000, 0.0139,-0.0000, 0.0000, -1.0000, -0.1204,-0.0000, 1.0000, 0.0000, 1.5376,0.0000, 0.0000, 0.0000, 1.0000///HEAD
R_LipU_Joint///1.0000, 0.0000, -0.0000, -0.0139,-0.0000, 0.0000, -1.0000, -0.1204,-0.0000, 1.0000, 0.0000, 1.5376,0.0000, 0.0000, 0.0000, 1.0000///HEAD
M_LipU_Joint///1.0000, 0.0000, -0.0000, -0.0000,-0.0000, 0.0000, -1.0000, -0.1241,-0.0000, 1.0000, 0.0000, 1.5390,0.0000, 0.0000, 0.0000, 1.0000///HEAD
Jaw_Joint///1.0000, 0.0000, -0.0000, -0.0000,-0.0000, 0.0000, -1.0000, -0.0421,-0.0000, 1.0000, 0.0000, 1.5597,0.0000, 0.0000, 0.0000, 1.0000///HEAD
L_LipD_Joint///1.0000, 0.0000, -0.0000, 0.0144,-0.0000, 0.0000, -1.0000, -0.1141,-0.0000, 1.0000, 0.0000, 1.5241,0.0000, 0.0000, 0.0000, 1.0000///Jaw_Joint
R_LipD_Joint///1.0000, 0.0000, -0.0000, -0.0144,-0.0000, 0.0000, -1.0000, -0.1141,-0.0000, 1.0000, 0.0000, 1.5241,0.0000, 0.0000, 0.0000, 1.0000///Jaw_Joint
M_LipD_Joint///1.0000, 0.0000, -0.0000, -0.0000,-0.0000, 0.0000, -1.0000, -0.1175,-0.0000, 1.0000, 0.0000, 1.5207,0.0000, 0.0000, 0.0000, 1.0000///Jaw_Joint
L_LipE_Joint///1.0000, 0.0000, -0.0000, 0.0237,-0.0000, 0.0000, -1.0000, -0.1079,-0.0000, 1.0000, 0.0000, 1.5305,0.0000, 0.0000, 0.0000, 1.0000///Jaw_Joint
R_LipE_Joint///1.0000, -0.0000, -0.0000, -0.0237,-0.0000, 0.0000, -1.0000, -0.1079,0.0000, 1.0000, -0.0000, 1.5305,0.0000, 0.0000, 0.0000, 1.0000///Jaw_Joint
Bero1_Joint///-0.0002, 0.0008, -1.0000, -0.0000,-0.9772, -0.2124, 0.0000, -0.0684,-0.2124, 0.9772, 0.0008, 1.5358,0.0000, 0.0000, 0.0000, 1.0000///Jaw_Joint
Bero1_Joint_pos///-0.0000, 0.0000, -1.0000, -0.0000,-0.9588, -0.2841, -0.0000, -0.0877,-0.2841, 0.9588, 0.0000, 1.5338,0.0000, 0.0000, 0.0000, 1.0000///Bero1_Joint
Bero2_Joint///-0.0000, 0.0000, -1.0000, -0.0000,-0.9588, -0.2841, -0.0000, -0.0877,-0.2841, 0.9588, 0.0000, 1.5338,0.0000, 0.0000, 0.0000, 1.0000///Bero1_Joint_pos
Bero3_Joint///-0.0000, 0.0000, -1.0000, -0.0000,-0.9588, -0.2841, -0.0000, -0.1067,-0.2841, 0.9588, 0.0000, 1.5282,0.0000, 0.0000, 0.0000, 1.0000///Bero2_Joint
Neck__offset///0.0000, -0.0000, 1.0000, 0.0000,-0.0000, -1.0000, -0.0000, 0.0000,1.0000, -0.0000, -0.0000, 1.4482,0.0000, 0.0000, 0.0000, 1.0000///Neck
Neck_back__offset///0.0000, -0.0001, 1.0000, 0.0000,0.0001, -1.0000, -0.0001, 0.0000,1.0000, 0.0001, -0.0000, 1.4483,0.0000, 0.0000, 0.0000, 1.0000///Neck
L_Shoulder///1.0000, 0.0000, -0.0000, 0.0865,-0.0000, 0.0000, -1.0000, 0.0000,-0.0000, 1.0000, -0.0000, 1.3951,0.0000, 0.0000, 0.0000, 1.0000///Spine2
L_Arm///1.0000, -0.0000, -0.0000, 0.1772,0.0000, 1.0000, 0.0000, 0.0000,0.0000, -0.0000, 1.0000, 1.3951,0.0000, 0.0000, 0.0000, 1.0000///L_Shoulder
L_ForeArm///1.0000, 0.0000, -0.0000, 0.4143,-0.0000, 1.0000, 0.0000, 0.0000,0.0000, -0.0000, 1.0000, 1.3951,0.0000, 0.0000, 0.0000, 1.0000///L_Arm
L_Hand///1.0000, 0.0000, -0.0000, 0.6643,-0.0000, 0.0000, -1.0000, -0.0000,0.0000, 1.0000, 0.0000, 1.3951,0.0000, 0.0000, 0.0000, 1.0000///L_ForeArm
L_FingerBase///1.0000, 0.0000, -0.0000, 0.6678,-0.0000, 0.0000, -1.0000, -0.0142,0.0000, 1.0000, 0.0000, 1.3951,0.0000, 0.0000, 0.0000, 1.0000///L_Hand
L_Middle///1.0000, 0.0000, -0.0000, 0.6678,-0.0000, 0.0000, -1.0000, -0.0071,0.0000, 1.0000, 0.0000, 1.3951,0.0000, 0.0000, 0.0000, 1.0000///L_FingerBase
L_Ring///1.0000, 0.0000, -0.0000, 0.6678,-0.0000, 0.0000, -1.0000, 0.0000,0.0000, 1.0000, 0.0000, 1.3951,0.0000, 0.0000, 0.0000, 1.0000///L_Middle
L_Pinky///1.0000, 0.0000, -0.0000, 0.6678,-0.0000, 0.0000, -1.0000, 0.0071,0.0000, 1.0000, 0.0000, 1.3951,0.0000, 0.0000, 0.0000, 1.0000///L_Ring
L_Pinky1///1.0000, 0.0000, -0.0000, 0.7408,-0.0000, 0.0000, -1.0000, 0.0273,0.0000, 1.0000, 0.0000, 1.3962,0.0000, 0.0000, 0.0000, 1.0000///L_Pinky
L_Pinky2///1.0000, 0.0000, -0.0000, 0.7748,-0.0000, 0.0000, -1.0000, 0.0273,0.0000, 1.0000, 0.0000, 1.3962,0.0000, 0.0000, 0.0000, 1.0000///L_Pinky1
L_Pinky3///1.0000, 0.0000, -0.0000, 0.7902,-0.0000, 0.0000, -1.0000, 0.0273,0.0000, 1.0000, 0.0000, 1.3962,0.0000, 0.0000, 0.0000, 1.0000///L_Pinky2
L_Pinky4__null///1.0000, 0.0000, -0.0000, 0.8115,-0.0000, 0.0000, -1.0000, 0.0273,0.0000, 1.0000, 0.0000, 1.3962,0.0000, 0.0000, 0.0000, 1.0000///L_Pinky3
L_Ring1///1.0000, 0.0000, -0.0000, 0.7502,-0.0000, 0.0000, -1.0000, 0.0102,0.0000, 1.0000, 0.0000, 1.3975,0.0000, 0.0000, 0.0000, 1.0000///L_Ring
L_Ring2///1.0000, 0.0000, -0.0000, 0.7879,-0.0000, 0.0000, -1.0000, 0.0102,0.0000, 1.0000, 0.0000, 1.3975,0.0000, 0.0000, 0.0000, 1.0000///L_Ring1
L_Ring3///1.0000, 0.0000, -0.0000, 0.8101,-0.0000, 0.0000, -1.0000, 0.0102,0.0000, 1.0000, 0.0000, 1.3975,0.0000, 0.0000, 0.0000, 1.0000///L_Ring2
L_Ring4__null///1.0000, 0.0000, -0.0000, 0.8314,-0.0000, 0.0000, -1.0000, 0.0102,0.0000, 1.0000, 0.0000, 1.3975,0.0000, 0.0000, 0.0000, 1.0000///L_Ring3
L_Middle1///1.0000, 0.0000, -0.0000, 0.7527,-0.0000, 0.0000, -1.0000, -0.0091,0.0000, 1.0000, 0.0000, 1.3989,0.0000, 0.0000, 0.0000, 1.0000///L_Middle
L_Middle2///1.0000, 0.0000, -0.0000, 0.7941,-0.0000, 0.0000, -1.0000, -0.0091,0.0000, 1.0000, 0.0000, 1.3989,0.0000, 0.0000, 0.0000, 1.0000///L_Middle1
L_Middle3///1.0000, 0.0000, -0.0000, 0.8183,-0.0000, 0.0000, -1.0000, -0.0091,0.0000, 1.0000, 0.0000, 1.3989,0.0000, 0.0000, 0.0000, 1.0000///L_Middle2
L_Middle4__null///1.0000, 0.0000, -0.0000, 0.8396,-0.0000, 0.0000, -1.0000, -0.0091,0.0000, 1.0000, 0.0000, 1.3989,0.0000, 0.0000, 0.0000, 1.0000///L_Middle3
L_Index1///1.0000, 0.0000, -0.0000, 0.7527,-0.0000, 0.0000, -1.0000, -0.0292,0.0000, 1.0000, 0.0000, 1.3989,0.0000, 0.0000, 0.0000, 1.0000///L_FingerBase
L_Index2///1.0000, 0.0000, -0.0000, 0.7920,-0.0000, 0.0000, -1.0000, -0.0292,0.0000, 1.0000, 0.0000, 1.3989,0.0000, 0.0000, 0.0000, 1.0000///L_Index1
L_Index3///1.0000, 0.0000, -0.0000, 0.8147,-0.0000, 0.0000, -1.0000, -0.0292,0.0000, 1.0000, 0.0000, 1.3989,0.0000, 0.0000, 0.0000, 1.0000///L_Index2
L_Index4__null///1.0000, 0.0000, -0.0000, 0.8359,-0.0000, 0.0000, -1.0000, -0.0292,0.0000, 1.0000, 0.0000, 1.3989,0.0000, 0.0000, 0.0000, 1.0000///L_Index3
L_Thumb1///0.8053, -0.2750, -0.5252, 0.6815,-0.5122, -0.7689, -0.3827, -0.0316,-0.2986, 0.5772, -0.7600, 1.3847,0.0000, 0.0000, 0.0000, 1.0000///L_FingerBase
L_Thumb2///0.8053, -0.2750, -0.5252, 0.7186,-0.5122, -0.7689, -0.3827, -0.0552,-0.2986, 0.5772, -0.7600, 1.3710,0.0000, 0.0000, 0.0000, 1.0000///L_Thumb1
L_Thumb3///0.8053, -0.2750, -0.5252, 0.7409,-0.5122, -0.7689, -0.3827, -0.0694,-0.2986, 0.5772, -0.7600, 1.3627,0.0000, 0.0000, 0.0000, 1.0000///L_Thumb2
L_Thumb4__null///0.8053, -0.2750, -0.5252, 0.7580,-0.5122, -0.7689, -0.3827, -0.0803,-0.2986, 0.5772, -0.7600, 1.3563,0.0000, 0.0000, 0.0000, 1.0000///L_Thumb3
HLP_L_ForeArm_Mid__offset///1.0000, -0.0000, -0.0000, 0.5556,-0.0000, 0.0000, -1.0000, 0.0000,0.0000, 1.0000, 0.0000, 1.3951,0.0000, 0.0000, 0.0000, 1.0000///L_ForeArm
HLP_L_ForeArm_Btm__offset///1.0000, 0.0000, -0.0000, 0.6425,-0.0000, 0.0000, -1.0000, -0.0000,0.0000, 1.0000, 0.0000, 1.3951,0.0000, 0.0000, 0.0000, 1.0000///L_ForeArm
HLP_L_Elbow__offset///1.0000, 0.0000, -0.0000, 0.4143,-0.0000, 1.0000, 0.0000, 0.0244,0.0000, -0.0000, 1.0000, 1.3951,0.0000, 0.0000, 0.0000, 1.0000///L_ForeArm
L_ForeArm_Slide__offset///1.0000, -0.0000, -0.0000, 0.5314,0.0000, 1.0000, 0.0000, 0.0000,0.0000, -0.0000, 1.0000, 1.3951,0.0000, 0.0000, 0.0000, 1.0000///L_ForeArm
L_ForeArm__offset///1.0000, 0.0000, -0.0000, 0.4144,-0.0000, 1.0000, 0.0000, 0.0000,0.0000, -0.0000, 1.0000, 1.3951,0.0000, 0.0000, 0.0000, 1.0000///L_ForeArm
HLP_L_Arm_Top__offset///1.0000, 0.0000, 0.0000, 0.1773,0.0000, 1.0000, 0.0000, 0.0000,-0.0000, 0.0000, 1.0000, 1.3951,0.0000, 0.0000, 0.0000, 1.0000///L_Arm
HLP_L_Arm_Mid__offset///1.0000, -0.0000, -0.0000, 0.2878,0.0000, 1.0000, 0.0000, 0.0000,0.0000, -0.0000, 1.0000, 1.3951,0.0000, 0.0000, 0.0000, 1.0000///L_Arm
L_Bicep_Slide__offset///1.0000, -0.0000, -0.0000, 0.3033,0.0000, 1.0000, 0.0000, -0.0012,0.0000, -0.0000, 1.0000, 1.3951,0.0000, 0.0000, 0.0000, 1.0000///L_Arm
L_Tricep_Slide__offset///1.0000, -0.0000, -0.0000, 0.3033,0.0000, 1.0000, 0.0000, 0.0004,0.0000, -0.0000, 1.0000, 1.3951,0.0000, 0.0000, 0.0000, 1.0000///L_Arm
L_Arm_Btm__offset///1.0000, -0.0000, -0.0000, 0.4142,0.0000, 1.0000, 0.0000, 0.0000,0.0000, -0.0000, 1.0000, 1.3951,0.0000, 0.0000, 0.0000, 1.0000///L_Arm
HLP_L_ShldrBlade__offset///1.0000, -0.0000, -0.0000, 0.1276,0.0000, 1.0000, 0.0000, -0.0008,0.0000, -0.0000, 1.0000, 1.3786,0.0000, 0.0000, 0.0000, 1.0000///L_Shoulder
HLP_L_Shldr_B__offset///1.0000, -0.0000, -0.0000, 0.1772,0.0000, 1.0000, 0.0000, 0.0000,0.0000, -0.0000, 1.0000, 1.3951,0.0000, 0.0000, 0.0000, 1.0000///L_Shoulder
R_Shoulder///-1.0000, -0.0000, -0.0000, -0.0864,0.0000, 0.0000, -1.0000, 0.0000,0.0000, -1.0000, -0.0000, 1.3951,0.0000, 0.0000, 0.0000, 1.0000///Spine2
R_Arm///-1.0000, 0.0000, 0.0000, -0.1772,0.0000, 1.0000, -0.0000, 0.0000,-0.0000, -0.0000, -1.0000, 1.3951,0.0000, 0.0000, 0.0000, 1.0000///R_Shoulder
R_ForeArm///-1.0000, -0.0000, 0.0000, -0.4143,-0.0000, 1.0000, -0.0000, 0.0000,-0.0000, -0.0000, -1.0000, 1.3951,0.0000, 0.0000, 0.0000, 1.0000///R_Arm
R_Hand///-1.0000, 0.0000, 0.0000, -0.6643,-0.0000, -0.0000, -1.0000, 0.0000,0.0000, -1.0000, 0.0000, 1.3951,0.0000, 0.0000, 0.0000, 1.0000///R_ForeArm
R_FingerBase///-1.0000, -0.0000, 0.0000, -0.6678,-0.0000, -0.0000, -1.0000, -0.0142,0.0000, -1.0000, 0.0000, 1.3951,0.0000, 0.0000, 0.0000, 1.0000///R_Hand
R_Middle///-1.0000, -0.0000, 0.0000, -0.6678,-0.0000, -0.0000, -1.0000, -0.0071,0.0000, -1.0000, 0.0000, 1.3951,0.0000, 0.0000, 0.0000, 1.0000///R_FingerBase
R_Ring///-1.0000, -0.0000, 0.0000, -0.6678,-0.0000, -0.0000, -1.0000, 0.0000,0.0000, -1.0000, 0.0000, 1.3951,0.0000, 0.0000, 0.0000, 1.0000///R_Middle
R_Pinky///-1.0000, -0.0000, 0.0000, -0.6678,-0.0000, -0.0000, -1.0000, 0.0071,0.0000, -1.0000, 0.0000, 1.3951,0.0000, 0.0000, 0.0000, 1.0000///R_Ring
R_Pinky1///-1.0000, 0.0000, 0.0000, -0.7408,-0.0000, -0.0000, -1.0000, 0.0273,0.0000, -1.0000, 0.0000, 1.3962,0.0000, 0.0000, 0.0000, 1.0000///R_Pinky
R_Pinky2///-1.0000, 0.0000, 0.0000, -0.7748,-0.0000, -0.0000, -1.0000, 0.0273,0.0000, -1.0000, 0.0000, 1.3962,0.0000, 0.0000, 0.0000, 1.0000///R_Pinky1
R_Pinky3///-1.0000, 0.0000, 0.0000, -0.7902,-0.0000, -0.0000, -1.0000, 0.0273,0.0000, -1.0000, 0.0000, 1.3962,0.0000, 0.0000, 0.0000, 1.0000///R_Pinky2
R_Pinky4__null///-1.0000, 0.0000, 0.0000, -0.8115,-0.0000, -0.0000, -1.0000, 0.0273,0.0000, -1.0000, 0.0000, 1.3962,0.0000, 0.0000, 0.0000, 1.0000///R_Pinky3
R_Ring1///-1.0000, 0.0000, 0.0000, -0.7502,-0.0000, -0.0000, -1.0000, 0.0102,0.0000, -1.0000, 0.0000, 1.3975,0.0000, 0.0000, 0.0000, 1.0000///R_Ring
R_Ring2///-1.0000, 0.0000, 0.0000, -0.7879,-0.0000, -0.0000, -1.0000, 0.0102,0.0000, -1.0000, 0.0000, 1.3975,0.0000, 0.0000, 0.0000, 1.0000///R_Ring1
R_Ring3///-1.0000, 0.0000, 0.0000, -0.8101,-0.0000, -0.0000, -1.0000, 0.0102,0.0000, -1.0000, 0.0000, 1.3975,0.0000, 0.0000, 0.0000, 1.0000///R_Ring2
R_Ring4__null///-1.0000, 0.0000, 0.0000, -0.8314,-0.0000, -0.0000, -1.0000, 0.0102,0.0000, -1.0000, 0.0000, 1.3975,0.0000, 0.0000, 0.0000, 1.0000///R_Ring3
R_Middle1///-1.0000, 0.0000, 0.0000, -0.7527,-0.0000, -0.0000, -1.0000, -0.0091,0.0000, -1.0000, 0.0000, 1.3988,0.0000, 0.0000, 0.0000, 1.0000///R_Middle
R_Middle2///-1.0000, 0.0000, 0.0000, -0.7941,-0.0000, -0.0000, -1.0000, -0.0091,0.0000, -1.0000, 0.0000, 1.3988,0.0000, 0.0000, 0.0000, 1.0000///R_Middle1
R_Middle3///-1.0000, 0.0000, 0.0000, -0.8183,-0.0000, -0.0000, -1.0000, -0.0091,0.0000, -1.0000, 0.0000, 1.3988,0.0000, 0.0000, 0.0000, 1.0000///R_Middle2
R_Middle4__null///-1.0000, 0.0000, 0.0000, -0.8396,-0.0000, -0.0000, -1.0000, -0.0091,0.0000, -1.0000, 0.0000, 1.3988,0.0000, 0.0000, 0.0000, 1.0000///R_Middle3
R_Index1///-1.0000, 0.0000, 0.0000, -0.7527,-0.0000, -0.0000, -1.0000, -0.0292,0.0000, -1.0000, 0.0000, 1.3988,0.0000, 0.0000, 0.0000, 1.0000///R_FingerBase
R_Index2///-1.0000, 0.0000, 0.0000, -0.7920,-0.0000, -0.0000, -1.0000, -0.0292,0.0000, -1.0000, 0.0000, 1.3988,0.0000, 0.0000, 0.0000, 1.0000///R_Index1
R_Index3///-1.0000, 0.0000, 0.0000, -0.8147,-0.0000, -0.0000, -1.0000, -0.0292,0.0000, -1.0000, 0.0000, 1.3988,0.0000, 0.0000, 0.0000, 1.0000///R_Index2
R_Index4__null///-1.0000, 0.0000, 0.0000, -0.8359,-0.0000, -0.0000, -1.0000, -0.0292,0.0000, -1.0000, 0.0000, 1.3988,0.0000, 0.0000, 0.0000, 1.0000///R_Index3
R_Thumb1///-0.8053, -0.2750, 0.5252, -0.6815,-0.5122, 0.7689, -0.3827, -0.0316,-0.2986, -0.5772, -0.7601, 1.3847,0.0000, 0.0000, 0.0000, 1.0000///R_FingerBase
R_Thumb2///-0.8053, -0.2750, 0.5252, -0.7186,-0.5122, 0.7689, -0.3827, -0.0552,-0.2986, -0.5772, -0.7601, 1.3710,0.0000, 0.0000, 0.0000, 1.0000///R_Thumb1
R_Thumb3///-0.8053, -0.2750, 0.5252, -0.7409,-0.5122, 0.7689, -0.3827, -0.0694,-0.2986, -0.5772, -0.7601, 1.3627,0.0000, 0.0000, 0.0000, 1.0000///R_Thumb2
R_Thumb4__null///-0.8053, -0.2750, 0.5252, -0.7580,-0.5122, 0.7689, -0.3827, -0.0803,-0.2986, -0.5772, -0.7601, 1.3563,0.0000, 0.0000, 0.0000, 1.0000///R_Thumb3
HLP_R_ForeArm_Mid__offset///-1.0000, 0.0000, 0.0000, -0.5556,-0.0000, -0.0000, -1.0000, 0.0000,-0.0000, -1.0000, 0.0000, 1.3951,0.0000, 0.0000, 0.0000, 1.0000///R_ForeArm
HLP_R_ForeArm_Btm__offset///-1.0000, 0.0000, 0.0000, -0.6425,-0.0000, -0.0000, -1.0000, -0.0000,0.0000, -1.0000, 0.0000, 1.3951,0.0000, 0.0000, 0.0000, 1.0000///R_ForeArm
HLP_R_Elbow__offset///-1.0000, -0.0000, 0.0000, -0.4143,-0.0000, 1.0000, -0.0000, 0.0244,-0.0000, -0.0000, -1.0000, 1.3951,0.0000, 0.0000, 0.0000, 1.0000///R_ForeArm
R_ForeArm_Slide__offset///-1.0000, 0.0000, 0.0000, -0.5314,-0.0000, -0.0000, -1.0000, 0.0000,-0.0000, -1.0000, 0.0000, 1.3951,0.0000, 0.0000, 0.0000, 1.0000///R_ForeArm
R_ForeArm__offset///-1.0000, -0.0000, 0.0000, -0.4144,-0.0000, 1.0000, -0.0000, 0.0000,-0.0000, -0.0000, -1.0000, 1.3951,0.0000, 0.0000, 0.0000, 1.0000///R_ForeArm
HLP_R_Arm_Top__offset///-1.0000, 0.0000, -0.0000, -0.1773,0.0000, 1.0000, 0.0000, 0.0000,0.0000, 0.0000, -1.0000, 1.3951,0.0000, 0.0000, 0.0000, 1.0000///R_Arm
HLP_R_Arm_Mid__offset///-1.0000, 0.0000, 0.0000, -0.2878,0.0000, 1.0000, -0.0000, 0.0000,-0.0000, -0.0000, -1.0000, 1.3951,0.0000, 0.0000, 0.0000, 1.0000///R_Arm
R_Bicep_Slide__offset///-1.0000, 0.0000, 0.0000, -0.3033,0.0000, 1.0000, -0.0000, -0.0012,-0.0000, -0.0000, -1.0000, 1.3951,0.0000, 0.0000, 0.0000, 1.0000///R_Arm
R_Tricep_Slide__offset///-1.0000, 0.0000, 0.0000, -0.3033,0.0000, 1.0000, -0.0000, 0.0004,-0.0000, -0.0000, -1.0000, 1.3951,0.0000, 0.0000, 0.0000, 1.0000///R_Arm
R_Arm_Btm__offset///-1.0000, 0.0000, 0.0000, -0.4142,0.0000, 1.0000, -0.0000, 0.0000,-0.0000, -0.0000, -1.0000, 1.3951,0.0000, 0.0000, 0.0000, 1.0000///R_Arm
HLP_R_ShldrBlade__offset///-1.0000, 0.0000, 0.0000, -0.1276,-0.0000, 1.0000, -0.0000, -0.0008,-0.0000, -0.0000, -1.0000, 1.3786,0.0000, 0.0000, 0.0000, 1.0000///R_Shoulder
HLP_R_Shldr_B__offset///-1.0000, 0.0000, 0.0000, -0.1772,0.0000, 1.0000, -0.0000, 0.0000,-0.0000, -0.0000, -1.0000, 1.3951,0.0000, 0.0000, 0.0000, 1.0000///R_Shoulder
HLP_L_CollarBone__offset///0.9687, -0.0002, 0.2483, 0.0086,0.2483, -0.0000, -0.9687, -0.0432,0.0002, 1.0000, -0.0000, 1.3950,0.0000, 0.0000, 0.0000, 1.0000///Spine2
HLP_L_Shldr_F__offset///0.9704, 0.1614, 0.1794, 0.1173,0.1784, 0.0210, -0.9837, -0.0462,-0.1625, 0.9867, -0.0084, 1.4578,0.0000, 0.0000, 0.0000, 1.0000///HLP_L_CollarBone__offset
L_Shldr_F1__null///0.9704, 0.1614, 0.1794, 0.2012,0.1784, 0.0210, -0.9837, -0.0308,-0.1625, 0.9867, -0.0084, 1.4437,0.0000, 0.0000, 0.0000, 1.0000///HLP_L_Shldr_F__offset
HLP_L_CollarBone_up__offset///0.9687, -0.0002, 0.2483, 0.0086,0.2483, -0.0000, -0.9687, -0.0431,0.0002, 1.0000, -0.0000, 1.3950,0.0000, 0.0000, 0.0000, 1.0000///HLP_L_CollarBone__offset
L_CollarBone1__null///0.9687, -0.0002, 0.2483, 0.1678,0.2483, -0.0000, -0.9687, -0.0024,0.0002, 1.0000, -0.0000, 1.3951,0.0000, 0.0000, 0.0000, 1.0000///HLP_L_CollarBone__offset
HLP_R_CollarBone__offset///-0.9687, -0.0002, -0.2483, -0.0086,0.2483, 0.0000, -0.9687, -0.0432,0.0002, -1.0000, -0.0000, 1.3950,0.0000, 0.0000, 0.0000, 1.0000///Spine2
HLP_R_Shldr_F__offset///-0.9704, -0.1614, 0.1794, -0.1173,0.1784, 0.0210, 0.9837, -0.0462,-0.1625, 0.9867, 0.0084, 1.4578,0.0000, 0.0000, 0.0000, 1.0000///HLP_R_CollarBone__offset
R_Shldr_F1__null///-0.9704, -0.1614, 0.1794, -0.2012,0.1784, 0.0210, 0.9837, -0.0308,-0.1625, 0.9867, 0.0084, 1.4437,0.0000, 0.0000, 0.0000, 1.0000///HLP_R_Shldr_F__offset
HLP_R_CollarBone_up__offset///-0.9687, -0.0002, -0.2483, -0.0086,0.2483, 0.0000, -0.9687, -0.0431,0.0002, -1.0000, -0.0000, 1.3950,0.0000, 0.0000, 0.0000, 1.0000///HLP_R_CollarBone__offset
R_CollarBone1__null///-0.9687, -0.0002, -0.2483, -0.1678,0.2483, 0.0000, -0.9687, -0.0024,0.0002, -1.0000, -0.0000, 1.3951,0.0000, 0.0000, 0.0000, 1.0000///HLP_R_CollarBone__offset
HLP_L_Pectoral__offset///0.9713, -0.2311, 0.0570, 0.0001,0.0555, -0.0132, -0.9984, -0.0164,0.2314, 0.9728, -0.0000, 1.3265,0.0000, 0.0000, 0.0000, 1.0000///Spine2
L_Pectoral__null///0.9713, -0.2311, 0.0570, 0.1680,0.0555, -0.0132, -0.9984, -0.0068,0.2314, 0.9728, -0.0000, 1.3665,0.0000, 0.0000, 0.0000, 1.0000///HLP_L_Pectoral__offset
HLP_L_Pectoral_side__offset///0.9713, -0.2311, 0.0570, 0.0001,0.0555, -0.0132, -0.9984, -0.0164,0.2314, 0.9728, -0.0000, 1.3266,0.0000, 0.0000, 0.0000, 1.0000///HLP_L_Pectoral__offset
HLP_R_Pectoral__offset///-0.9713, 0.2311, 0.0570, -0.0001,0.0555, -0.0132, 0.9984, -0.0164,0.2314, 0.9728, -0.0000, 1.3265,0.0000, 0.0000, 0.0000, 1.0000///Spine2
R_Pectoral__null///-0.9713, 0.2311, 0.0570, -0.1680,0.0555, -0.0132, 0.9984, -0.0068,0.2314, 0.9728, -0.0000, 1.3665,0.0000, 0.0000, 0.0000, 1.0000///HLP_R_Pectoral__offset
HLP_R_Pectoral_side__offset///-0.9713, 0.2311, 0.0570, -0.0001,0.0555, -0.0132, 0.9984, -0.0164,0.2314, 0.9728, -0.0000, 1.3266,0.0000, 0.0000, 0.0000, 1.0000///HLP_R_Pectoral__offset
Spine2__offset///0.0000, -0.0000, 1.0000, 0.0000,-0.0000, -1.0000, -0.0000, 0.0000,1.0000, -0.0000, -0.0000, 1.2048,0.0000, 0.0000, 0.0000, 1.0000///Spine2
Spine2_breast__offset///0.0000, -0.0000, 1.0000, 0.0000,-0.0000, -1.0000, -0.0000, 0.0001,1.0000, -0.0000, -0.0000, 1.2386,0.0000, 0.0000, 0.0000, 1.0000///Spine2__offset
Spine2up__offset///0.0000, -0.0000, 1.0000, 0.0000,-0.0000, -1.0000, -0.0000, 0.0000,1.0000, -0.0000, -0.0000, 1.2049,0.0000, 0.0000, 0.0000, 1.0000///Spine2__offset
Spine2side__offset///0.0000, -0.0000, 1.0000, 0.0000,-0.0000, -1.0000, -0.0000, 0.0000,1.0000, -0.0000, -0.0000, 1.2047,0.0000, 0.0000, 0.0000, 1.0000///Spine2
OPT0_bustL///0.3127, -0.0846, -0.9461, 0.0190,-0.9461, 0.0601, -0.3181, 0.0675,0.0838, 0.9946, -0.0612, 1.2636,0.0000, 0.0000, 0.0000, 1.0000///Spine2
OPT1_bustL///-0.3127, -0.0846, 0.9461, 0.0950,0.9461, 0.0601, 0.3181, -0.1624,-0.0838, 0.9946, 0.0612, 1.2840,0.0000, 0.0000, 0.0000, 1.0000///OPT0_bustL
OPT1_bustL_end///0.9983, -0.0464, 0.0341, 0.0681,0.0316, -0.0539, -0.9980, -0.0810,0.0482, 0.9975, -0.0523, 1.2768,0.0000, 0.0000, 0.0000, 1.0000///OPT1_bustL
OPT2_bustR///0.3127, -0.0845, -0.9461, -0.0189,0.9461, -0.0601, 0.3181, 0.0675,-0.0838, -0.9946, 0.0612, 1.2636,0.0000, 0.0000, 0.0000, 1.0000///Spine2
OPT3_bustR///-0.3127, -0.0845, 0.9461, -0.0949,-0.9461, -0.0601, -0.3181, -0.1624,0.0838, -0.9946, -0.0612, 1.2840,0.0000, 0.0000, 0.0000, 1.0000///OPT2_bustR
OPT1_bustR_end///0.9983, -0.0464, 0.0341, -0.0680,-0.0316, 0.0539, 0.9980, -0.0810,-0.0481, -0.9975, 0.0523, 1.2768,0.0000, 0.0000, 0.0000, 1.0000///OPT3_bustR
Spine1__offset///0.0000, -0.0000, 1.0000, 0.0000,-0.0000, -1.0000, -0.0000, 0.0000,1.0000, -0.0000, -0.0000, 1.0924,0.0000, 0.0000, 0.0000, 1.0000///Spine1
Spine1_front__offset///0.0000, -0.0000, 1.0000, 0.0000,-0.0000, -1.0000, -0.0000, 0.0000,1.0000, -0.0000, -0.0000, 1.0926,0.0000, 0.0000, 0.0000, 1.0000///Spine1
Hip///-0.0000, -0.0000, 1.0000, 0.0000,-0.0000, 1.0000, 0.0000, 0.0000,-1.0000, 0.0000, -0.0000, 1.0925,0.0000, 0.0000, 0.0000, 1.0000///Base
L_UpLeg///0.0000, 0.0000, 1.0000, 0.0950,-0.0001, 1.0000, -0.0000, -0.0000,-1.0000, -0.0001, 0.0000, 0.9405,0.0000, 0.0000, 0.0000, 1.0000///Hip
L_Leg///0.0000, 0.0000, 1.0000, 0.0950,0.0001, 1.0000, -0.0000, -0.0000,-1.0000, 0.0001, 0.0000, 0.5225,0.0000, 0.0000, 0.0000, 1.0000///L_UpLeg
L_Foot///0.0000, 0.0000, 1.0000, 0.0950,0.0000, 1.0000, -0.0000, -0.0000,-1.0000, 0.0000, 0.0000, 0.1235,0.0000, 0.0000, 0.0000, 1.0000///L_Leg
L_Toe///-0.0000, 0.0000, 1.0000, 0.0950,-1.0000, 0.0000, -0.0000, -0.1454,-0.0000, -1.0000, 0.0000, 0.0287,0.0000, 0.0000, 0.0000, 1.0000///L_Foot
L_Toe1__null///-0.0000, 0.0000, 1.0000, 0.0950,-1.0000, 0.0000, -0.0000, -0.2689,-0.0000, -1.0000, 0.0000, 0.0287,0.0000, 0.0000, 0.0000, 1.0000///L_Toe
L_Toe__offset///-0.0000, 0.0000, 1.0000, 0.0950,-1.0000, 0.0000, -0.0000, -0.1455,-0.0000, -1.0000, 0.0000, 0.0287,0.0000, 0.0000, 0.0000, 1.0000///L_Toe
ATH_L_Toe_Btm///1.0000, 0.0000, -0.0000, 0.0950,-0.0000, 1.0000, -0.0000, -0.1520,0.0000, 0.0000, 1.0000, -0.0000,0.0000, 0.0000, 0.0000, 1.0000///L_Toe
L_Foot__offset///0.0000, 0.0000, 1.0000, 0.0950,0.0000, 1.0000, -0.0000, -0.0000,-1.0000, 0.0000, 0.0000, 0.1234,0.0000, 0.0000, 0.0000, 1.0000///L_Foot
L_Ankle__offset///0.0000, 0.0000, 1.0000, 0.0950,0.0000, 1.0000, -0.0000, -0.0000,-1.0000, 0.0000, 0.0000, 0.1236,0.0000, 0.0000, 0.0000, 1.0000///L_Foot
ATH_L_Foot_Btm///1.0000, 0.0000, -0.0000, 0.0950,-0.0000, 1.0000, -0.0000, -0.0000,0.0000, 0.0000, 1.0000, -0.0000,0.0000, 0.0000, 0.0000, 1.0000///L_Foot
L_Calf_Slide__offset///1.0000, -0.0000, -0.0000, 0.0950,-0.0000, -0.0001, -1.0000, -0.0000,0.0000, 1.0000, -0.0001, 0.3230,0.0000, 0.0000, 0.0000, 1.0000///L_Leg
L_Leg__offset///0.0000, 0.0000, 1.0000, 0.0950,0.0001, 1.0000, -0.0000, -0.0000,-1.0000, 0.0001, 0.0000, 0.5224,0.0000, 0.0000, 0.0000, 1.0000///L_Leg
HLP_L_Knee__offset///0.0000, 0.0000, 1.0000, 0.0950,0.0000, 1.0000, -0.0000, -0.0191,-1.0000, 0.0000, 0.0000, 0.5225,0.0000, 0.0000, 0.0000, 1.0000///L_UpLeg
HLP_L_UpLeg_Top__offset///0.0000, 0.0000, 1.0000, 0.0950,0.0000, 1.0000, 0.0000, -0.0000,-1.0000, 0.0000, 0.0000, 0.9406,0.0000, 0.0000, 0.0000, 1.0000///L_UpLeg
HLP_L_UpLeg_Mid__offset///0.0000, 0.0000, 1.0000, 0.0950,-0.0000, 1.0000, -0.0000, -0.0000,-1.0000, -0.0000, 0.0000, 0.7505,0.0000, 0.0000, 0.0000, 1.0000///L_UpLeg
L_Thigh_Slide__offset///1.0000, -0.0000, -0.0000, 0.0950,-0.0000, 0.0001, -1.0000, -0.0010,0.0000, 1.0000, 0.0001, 0.7315,0.0000, 0.0000, 0.0000, 1.0000///L_UpLeg
L_UpLeg__offset///0.0000, 0.0000, 1.0000, 0.0950,-0.0001, 1.0000, -0.0000, -0.0000,-1.0000, -0.0001, 0.0000, 0.9404,0.0000, 0.0000, 0.0000, 1.0000///L_UpLeg
R_UpLeg///0.0000, 0.0000, 1.0000, -0.0950,-0.0001, 1.0000, -0.0000, -0.0000,-1.0000, -0.0001, 0.0000, 0.9405,0.0000, 0.0000, 0.0000, 1.0000///Hip
R_Leg///0.0000, 0.0000, 1.0000, -0.0950,0.0001, 1.0000, -0.0000, -0.0000,-1.0000, 0.0001, 0.0000, 0.5225,0.0000, 0.0000, 0.0000, 1.0000///R_UpLeg
R_Foot///0.0013, 0.0000, 1.0000, -0.0950,0.0000, 1.0000, -0.0000, -0.0000,-1.0000, 0.0000, 0.0013, 0.1235,0.0000, 0.0000, 0.0000, 1.0000///R_Leg
R_Toe///-0.0000, 0.0013, 1.0000, -0.0949,-1.0000, 0.0000, -0.0000, -0.1454,-0.0000, -1.0000, 0.0013, 0.0287,0.0000, 0.0000, 0.0000, 1.0000///R_Foot
R_Toe1__null///-0.0000, 0.0013, 1.0000, -0.0949,-1.0000, 0.0000, -0.0000, -0.2689,-0.0000, -1.0000, 0.0013, 0.0287,0.0000, 0.0000, 0.0000, 1.0000///R_Toe
R_Toe__offset///-0.0000, 0.0013, 1.0000, -0.0949,-1.0000, 0.0000, -0.0000, -0.1455,-0.0000, -1.0000, 0.0013, 0.0287,0.0000, 0.0000, 0.0000, 1.0000///R_Toe
ATH_R_Toe_Btm///1.0000, 0.0000, -0.0013, -0.0948,-0.0000, 1.0000, -0.0000, -0.1520,0.0013, 0.0000, 1.0000, -0.0000,0.0000, 0.0000, 0.0000, 1.0000///R_Toe
R_Foot__offset///0.0013, 0.0000, 1.0000, -0.0950,0.0000, 1.0000, -0.0000, -0.0000,-1.0000, 0.0000, 0.0013, 0.1234,0.0000, 0.0000, 0.0000, 1.0000///R_Foot
R_Ankle__offset///-0.0013, 0.0000, 1.0000, -0.0950,-0.0000, -1.0000, -0.0000, -0.0000,1.0000, -0.0000, 0.0013, 0.1236,0.0000, 0.0000, 0.0000, 1.0000///R_Foot
ATH_R_Foot_Btm///1.0000, 0.0000, -0.0013, -0.0948,-0.0000, 1.0000, -0.0000, -0.0000,0.0013, 0.0000, 1.0000, 0.0000,0.0000, 0.0000, 0.0000, 1.0000///R_Foot
R_Calf_Slide__offset///1.0000, -0.0000, 0.0000, -0.0950,0.0000, -0.0001, -1.0000, -0.0000,0.0000, 1.0000, -0.0001, 0.3230,0.0000, 0.0000, 0.0000, 1.0000///R_Leg
R_Leg__offset///0.0000, 0.0000, 1.0000, -0.0950,0.0001, 1.0000, -0.0000, -0.0000,-1.0000, 0.0001, 0.0000, 0.5224,0.0000, 0.0000, 0.0000, 1.0000///R_Leg
HLP_R_Knee__offset///0.0000, 0.0000, 1.0000, -0.0950,0.0000, 1.0000, -0.0000, -0.0191,-1.0000, 0.0000, 0.0000, 0.5225,0.0000, 0.0000, 0.0000, 1.0000///R_UpLeg
HLP_R_UpLeg_Top__offset///0.0000, 0.0000, 1.0000, -0.0950,0.0000, 1.0000, 0.0000, -0.0000,-1.0000, 0.0000, 0.0000, 0.9406,0.0000, 0.0000, 0.0000, 1.0000///R_UpLeg
HLP_R_UpLeg_Mid__offset///0.0000, 0.0000, 1.0000, -0.0950,-0.0000, 1.0000, 0.0000, -0.0000,-1.0000, -0.0000, 0.0000, 0.7505,0.0000, 0.0000, 0.0000, 1.0000///R_UpLeg
R_Thigh_Slide__offset///1.0000, -0.0000, 0.0000, -0.0950,0.0000, 0.0001, -1.0000, -0.0010,0.0000, 1.0000, 0.0001, 0.7315,0.0000, 0.0000, 0.0000, 1.0000///R_UpLeg
R_UpLeg__offset///0.0000, 0.0000, 1.0000, -0.0950,-0.0001, 1.0000, -0.0000, -0.0000,-1.0000, -0.0001, 0.0000, 0.9404,0.0000, 0.0000, 0.0000, 1.0000///R_UpLeg
HLP_L_Butt__offset///0.0000, 0.0000, 1.0000, 0.0951,0.0000, 1.0000, 0.0000, 0.0001,-1.0000, 0.0000, 0.0000, 0.9404,0.0000, 0.0000, 0.0000, 1.0000///Hip
HLP_R_Butt__offset///0.0000, 0.0000, 1.0000, -0.0951,0.0000, 1.0000, 0.0000, 0.0001,-1.0000, 0.0000, 0.0000, 0.9404,0.0000, 0.0000, 0.0000, 1.0000///Hip
HLP_L_Inguinal__offset///-0.1165, -0.0101, -0.9932, 0.1586,0.0867, -0.9962, -0.0000, -0.0474,-0.9894, -0.0861, 0.1169, 1.0630,0.0000, 0.0000, 0.0000, 1.0000///Hip
L_Inguinal1__null///-0.1165, -0.0101, -0.9932, 0.1254,0.0867, -0.9962, -0.0000, -0.0227,-0.9894, -0.0861, 0.1169, 0.7811,0.0000, 0.0000, 0.0000, 1.0000///HLP_L_Inguinal__offset
HLP_R_Inguinal__offset///0.1165, 0.0101, -0.9931, -0.1586,0.0867, -0.9962, 0.0000, -0.0474,-0.9894, -0.0861, -0.1169, 1.0630,0.0000, 0.0000, 0.0000, 1.0000///Hip
R_Inguinal__null///0.1165, 0.0101, -0.9931, -0.1254,0.0867, -0.9962, 0.0000, -0.0227,-0.9894, -0.0861, -0.1169, 0.7811,0.0000, 0.0000, 0.0000, 1.0000///HLP_R_Inguinal__offset
Hip__offset///-0.0000, -0.0000, 1.0000, 0.0000,-0.0000, 1.0000, 0.0000, 0.0000,-1.0000, 0.0000, -0.0000, 1.0926,0.0000, 0.0000, 0.0000, 1.0000///Hip
Hip_front__offset///-0.0000, -0.0000, 1.0000, -0.0000,-0.0000, 1.0000, 0.0000, 0.0000,-1.0000, 0.0000, -0.0000, 1.0924,0.0000, 0.0000, 0.0000, 1.0000///Hip
EDIT__null///1.0000, 0.0000, 0.0000, 0.0014,0.0000, 1.0000, 0.0000, 0.0000,0.0000, 0.0000, 1.0000, -0.0000,0.0000, 0.0000, 0.0000, 1.0000///MODEL_00
Deform__null///1.0000, 0.0000, 0.0000, 0.0083,0.0000, 1.0000, 0.0000, 0.0015,0.0000, 0.0000, 1.0000, -0.0002,0.0000, 0.0000, 0.0000, 1.0000///EDIT__null
