MODEL_00///1.0000, 0.0000, 0.0000, 0.0000,0.0000, 1.0000, 0.0000, -0.0000,0.0000, 0.0000, 1.0000, 0.0000,0.0000, 0.0000, 0.0000, 1.0000///
BODY_SCALE__group///1.0000, 0.0000, 0.0000, 0.0000,0.0000, 0.0000, -1.0000, 0.0000,0.0000, 1.0000, 0.0000, 0.0000,0.0000, 0.0000, 0.0000, 1.0000///MODEL_00
BASE///1.0000, 0.0000, 0.0000, 0.0000,0.0000, -0.0000, -1.0000, 0.0000,0.0000, 1.0000, -0.0000, 0.9775,0.0000, 0.0000, 0.0000, 1.0000///BODY_SCALE__group
Spine1///0.0000, -0.0000, 1.0000, 0.0000,-0.0000, -1.0000, -0.0000, 0.0000,1.0000, -0.0000, -0.0000, 0.9775,0.0000, 0.0000, 0.0000, 1.0000///BASE
Spine2///0.0000, -0.0000, 1.0000, 0.0000,-0.0000, -1.0000, -0.0000, 0.0000,1.0000, -0.0000, -0.0000, 1.2869,0.0000, 0.0000, 0.0000, 1.0000///Spine1
Neck///0.0000, -0.0000, 1.0000, 0.0000,-0.0000, -1.0000, -0.0000, 0.0000,1.0000, -0.0000, -0.0000, 1.9295,0.0000, 0.0000, 0.0000, 1.0000///Spine2
Head///-0.0000, 1.0000, -0.0000, 0.0000,-1.0000, -0.0000, -0.0000, 0.0000,-0.0000, 0.0000, 1.0000, 2.1675,0.0000, 0.0000, 0.0000, 1.0000///Neck
Head__offset///-0.0000, 1.0000, -0.0000, 0.0000,-1.0000, -0.0000, 0.0003, 0.0000,0.0003, 0.0000, 1.0000, 2.1677,0.0000, 0.0000, 0.0000, 1.0000///Head
ATH_Head_Top///1.0000, 0.0000, -0.0000, -0.0000,-0.0000, 1.0000, 0.0000, 0.0000,0.0000, 0.0000, 1.0000, 2.3817,0.0000, 0.0000, 0.0000, 1.0000///Head
L_Mayu2_Joint///1.0000, -0.0000, 0.0000, 0.0752,0.0000, -0.0000, -1.0000, -0.2034,0.0000, 1.0000, -0.0000, 2.2823,0.0000, 0.0000, 0.0000, 1.0000///Head
L_Mayu3_Joint///1.0000, 0.0000, -0.0000, 0.0997,-0.0000, -0.0000, -1.0000, -0.1840,-0.0000, 1.0000, -0.0000, 2.2717,0.0000, 0.0000, 0.0000, 1.0000///Head
L_Mayu1_Joint///1.0000, -0.0000, -0.0000, 0.0363,-0.0000, -0.0000, -1.0000, -0.2214,0.0000, 1.0000, -0.0000, 2.2650,0.0000, 0.0000, 0.0000, 1.0000///Head
R_Mayu3_Joint///1.0000, -0.0000, 0.0000, -0.0997,0.0000, -0.0000, -1.0000, -0.1840,0.0000, 1.0000, -0.0000, 2.2717,0.0000, 0.0000, 0.0000, 1.0000///Head
R_Mayu2_Joint///1.0000, -0.0000, 0.0000, -0.0753,0.0000, -0.0000, -1.0000, -0.2033,0.0000, 1.0000, -0.0000, 2.2823,0.0000, 0.0000, 0.0000, 1.0000///Head
R_Mayu1_Joint///1.0000, -0.0000, -0.0000, -0.0364,-0.0000, -0.0000, -1.0000, -0.2214,0.0000, 1.0000, -0.0000, 2.2650,0.0000, 0.0000, 0.0000, 1.0000///Head
R_Eyecorner///1.0000, -0.0000, 0.0000, -0.0762,0.0000, -0.0000, -1.0000, -0.1914,0.0000, 1.0000, -0.0000, 2.2508,0.0000, 0.0000, 0.0000, 1.0000///Head
R_UwaMabuta_Joint///1.0000, -0.0000, -0.0000, -0.0620,-0.0000, -0.0000, -1.0000, -0.1855,0.0000, 1.0000, -0.0000, 2.2477,0.0000, 0.0000, 0.0000, 1.0000///Head
R_UpEyelid1///1.0000, -0.0000, -0.0000, -0.0517,-0.0000, -0.0000, -1.0000, -0.1999,0.0000, 1.0000, -0.0000, 2.2515,0.0000, 0.0000, 0.0000, 1.0000///R_UwaMabuta_Joint
R_UpEyelid2///1.0000, -0.0000, 0.0000, -0.0691,0.0000, -0.0000, -1.0000, -0.1980,0.0000, 1.0000, -0.0000, 2.2557,0.0000, 0.0000, 0.0000, 1.0000///R_UwaMabuta_Joint
L_UwaMabuta_Joint///1.0000, -0.0000, 0.0000, 0.0620,0.0000, -0.0000, -1.0000, -0.1855,0.0000, 1.0000, -0.0000, 2.2477,0.0000, 0.0000, 0.0000, 1.0000///Head
L_UpEyelid2///1.0000, -0.0000, 0.0000, 0.0691,0.0000, -0.0000, -1.0000, -0.1980,0.0000, 1.0000, -0.0000, 2.2557,0.0000, 0.0000, 0.0000, 1.0000///L_UwaMabuta_Joint
L_UpEyelid1///1.0000, -0.0000, 0.0000, 0.0517,0.0000, -0.0000, -1.0000, -0.1999,0.0000, 1.0000, -0.0000, 2.2515,0.0000, 0.0000, 0.0000, 1.0000///L_UwaMabuta_Joint
L_Eyecorner///1.0000, -0.0000, 0.0000, 0.0762,0.0000, -0.0000, -1.0000, -0.1914,0.0000, 1.0000, -0.0000, 2.2508,0.0000, 0.0000, 0.0000, 1.0000///Head
L_Eye_Joint///1.0000, -0.0000, 0.0000, 0.0619,0.0000, -0.0000, -1.0000, -0.1856,0.0000, 1.0000, -0.0000, 2.2469,0.0000, 0.0000, 0.0000, 1.0000///Head
R_Eye_Joint///1.0000, -0.0000, -0.0000, -0.0619,-0.0000, -0.0000, -1.0000, -0.1856,0.0000, 1.0000, -0.0000, 2.2469,0.0000, 0.0000, 0.0000, 1.0000///Head
R_SitaMabuta_Joint///1.0000, -0.0000, -0.0000, -0.0619,-0.0000, -0.0000, -1.0000, -0.1856,0.0000, 1.0000, -0.0000, 2.2460,0.0000, 0.0000, 0.0000, 1.0000///Head
R_LowEyelid1///1.0000, -0.0000, -0.0000, -0.0560,-0.0000, -0.0000, -1.0000, -0.2011,0.0000, 1.0000, -0.0000, 2.2396,0.0000, 0.0000, 0.0000, 1.0000///R_SitaMabuta_Joint
R_LowEyelid2///1.0000, -0.0000, 0.0000, -0.0714,0.0000, -0.0000, -1.0000, -0.1947,0.0000, 1.0000, -0.0000, 2.2412,0.0000, 0.0000, 0.0000, 1.0000///R_SitaMabuta_Joint
L_SitaMabuta_Joint///1.0000, -0.0000, -0.0000, 0.0619,-0.0000, -0.0000, -1.0000, -0.1856,0.0000, 1.0000, -0.0000, 2.2460,0.0000, 0.0000, 0.0000, 1.0000///Head
L_LowEyelid2///1.0000, -0.0000, 0.0000, 0.0714,0.0000, -0.0000, -1.0000, -0.1947,0.0000, 1.0000, -0.0000, 2.2412,0.0000, 0.0000, 0.0000, 1.0000///L_SitaMabuta_Joint
L_LowEyelid1///1.0000, -0.0000, -0.0000, 0.0560,-0.0000, -0.0000, -1.0000, -0.2011,0.0000, 1.0000, -0.0000, 2.2396,0.0000, 0.0000, 0.0000, 1.0000///L_SitaMabuta_Joint
L_Hoho_Joint///1.0000, -0.0000, 0.0000, 0.0801,0.0000, -0.0000, -1.0000, -0.2156,0.0000, 1.0000, -0.0000, 2.2096,0.0000, 0.0000, 0.0000, 1.0000///Head
L_Hana_Joint///1.0000, -0.0000, -0.0000, 0.0278,-0.0000, -0.0000, -1.0000, -0.2466,0.0000, 1.0000, -0.0000, 2.2317,0.0000, 0.0000, 0.0000, 1.0000///Head
R_Hana_Joint///1.0000, -0.0000, -0.0000, -0.0279,-0.0000, -0.0000, -1.0000, -0.2466,0.0000, 1.0000, -0.0000, 2.2317,0.0000, 0.0000, 0.0000, 1.0000///Head
R_Hoho_Joint///1.0000, -0.0000, 0.0000, -0.0802,0.0000, -0.0000, -1.0000, -0.2155,0.0000, 1.0000, -0.0000, 2.2096,0.0000, 0.0000, 0.0000, 1.0000///Head
L_Kobana_Joint///1.0000, 0.0000, -0.0000, 0.1272,-0.0000, -0.0000, -1.0000, -0.0152,-0.0000, 1.0000, -0.0000, 2.3198,0.0000, 0.0000, 0.0000, 1.0000///Head
R_Kobana_Joint///1.0000, 0.0000, -0.0000, -0.1272,-0.0000, -0.0000, -1.0000, -0.0152,-0.0000, 1.0000, -0.0000, 2.3198,0.0000, 0.0000, 0.0000, 1.0000///Head
L_Chobo_Joint///1.0000, -0.0000, -0.0000, 0.0617,-0.0000, -0.0000, -1.0000, -0.0642,0.0000, 1.0000, -0.0000, 2.2670,0.0000, 0.0000, 0.0000, 1.0000///Head
R_Chobo_Joint///1.0000, -0.0000, -0.0000, -0.0617,-0.0000, -0.0000, -1.0000, -0.0642,0.0000, 1.0000, -0.0000, 2.2670,0.0000, 0.0000, 0.0000, 1.0000///Head
L_LipU_Joint///1.0000, -0.0000, -0.0000, 0.0155,-0.0000, -0.0000, -1.0000, -0.1891,0.0000, 1.0000, -0.0000, 2.1334,0.0000, 0.0000, 0.0000, 1.0000///Head
R_LipU_Joint///1.0000, -0.0000, -0.0000, -0.0155,-0.0000, -0.0000, -1.0000, -0.1891,0.0000, 1.0000, -0.0000, 2.1334,0.0000, 0.0000, 0.0000, 1.0000///Head
M_LipU_Joint///1.0000, -0.0000, -0.0000, -0.0001,-0.0000, -0.0000, -1.0000, -0.3361,0.0000, 1.0000, -0.0000, 2.1925,0.0000, 0.0000, 0.0000, 1.0000///Head
Jaw_Joint///1.0000, -0.0000, -0.0000, -0.0000,-0.0000, -0.0000, -1.0000, -0.1117,0.0000, 1.0000, -0.0000, 2.1529,0.0000, 0.0000, 0.0000, 1.0000///Head
L_LipD_Joint///1.0000, -0.0000, -0.0000, 0.0147,-0.0000, -0.0000, -1.0000, -0.1800,0.0000, 1.0000, -0.0000, 2.1037,0.0000, 0.0000, 0.0000, 1.0000///Jaw_Joint
R_LipD_Joint///1.0000, -0.0000, -0.0000, -0.0148,-0.0000, -0.0000, -1.0000, -0.1800,0.0000, 1.0000, -0.0000, 2.1037,0.0000, 0.0000, 0.0000, 1.0000///Jaw_Joint
M_LipD_Joint///1.0000, -0.0000, -0.0000, -0.0000,-0.0000, -0.0000, -1.0000, -0.1833,0.0000, 1.0000, -0.0000, 2.0996,0.0000, 0.0000, 0.0000, 1.0000///Jaw_Joint
L_LipE_Joint///1.0000, -0.0000, -0.0000, 0.0240,-0.0000, -0.0000, -1.0000, -0.1741,0.0000, 1.0000, -0.0000, 2.1178,0.0000, 0.0000, 0.0000, 1.0000///Jaw_Joint
R_LipE_Joint///1.0000, -0.0000, -0.0000, -0.0240,-0.0000, -0.0000, -1.0000, -0.1741,0.0000, 1.0000, -0.0000, 2.1178,0.0000, 0.0000, 0.0000, 1.0000///Jaw_Joint
Bero1_Joint///-0.0002, 0.0008, -1.0000, -0.0001,-0.9772, -0.2124, 0.0000, -0.2583,-0.2124, 0.9772, 0.0008, 2.0749,0.0000, 0.0000, 0.0000, 1.0000///Jaw_Joint
Bero1_Joint_pos///-0.0000, 0.0000, -1.0000, -0.0001,-0.9588, -0.2841, 0.0000, -0.2767,-0.2841, 0.9588, 0.0000, 2.0719,0.0000, 0.0000, 0.0000, 1.0000///Bero1_Joint
Bero2_Joint///-0.0000, 0.0000, -1.0000, -0.0001,-0.9588, -0.2841, -0.0000, -0.2767,-0.2841, 0.9588, 0.0000, 2.0719,0.0000, 0.0000, 0.0000, 1.0000///Bero1_Joint_pos
Bero3_Joint///-0.0000, 0.0000, -1.0000, -0.0001,-0.9588, -0.2841, 0.0000, -0.2947,-0.2841, 0.9588, 0.0000, 2.0637,0.0000, 0.0000, 0.0000, 1.0000///Bero2_Joint
Neck__offset///0.0000, -0.0000, 1.0000, 0.0000,-0.0000, -1.0000, -0.0000, 0.0000,1.0000, 0.0000, -0.0000, 1.9293,0.0000, 0.0000, 0.0000, 1.0000///Neck
Neck_back__offset///0.0000, -0.0001, 1.0000, 0.0000,0.0001, -1.0000, -0.0001, 0.0000,1.0000, 0.0001, -0.0000, 1.9297,0.0000, 0.0000, 0.0000, 1.0000///Neck
L_Shoulder///1.0000, -0.0000, -0.0000, 0.2380,-0.0000, -0.0000, -1.0000, 0.0000,0.0000, 1.0000, -0.0000, 1.8105,0.0000, 0.0000, 0.0000, 1.0000///Spine2
L_Arm///1.0000, -0.0000, -0.0000, 0.2713,0.0000, 1.0000, 0.0000, 0.0000,0.0000, -0.0000, 1.0000, 1.8105,0.0000, 0.0000, 0.0000, 1.0000///L_Shoulder
L_ForeArm///1.0000, 0.0000, -0.0000, 0.6640,-0.0000, 1.0000, 0.0000, 0.0000,0.0000, -0.0000, 1.0000, 1.8105,0.0000, 0.0000, 0.0000, 1.0000///L_Arm
L_Hand///1.0000, -0.0000, -0.0000, 0.9651,-0.0000, 0.0000, -1.0000, 0.0000,0.0000, 1.0000, 0.0000, 1.8105,0.0000, 0.0000, 0.0000, 1.0000///L_ForeArm
L_FingerBase///1.0000, -0.0000, -0.0000, 0.9698,-0.0000, 0.0000, -1.0000, -0.0190,0.0000, 1.0000, 0.0000, 1.8105,0.0000, 0.0000, 0.0000, 1.0000///L_Hand
L_Middle///1.0000, -0.0000, -0.0000, 0.9699,-0.0000, 0.0000, -1.0000, -0.0095,0.0000, 1.0000, 0.0000, 1.8105,0.0000, 0.0000, 0.0000, 1.0000///L_FingerBase
L_Ring///1.0000, -0.0000, -0.0000, 0.9699,-0.0000, 0.0000, -1.0000, 0.0000,0.0000, 1.0000, 0.0000, 1.8105,0.0000, 0.0000, 0.0000, 1.0000///L_Middle
L_Pinky///1.0000, -0.0000, -0.0000, 0.9699,-0.0000, 0.0000, -1.0000, 0.0095,0.0000, 1.0000, 0.0000, 1.8105,0.0000, 0.0000, 0.0000, 1.0000///L_Ring
L_Pinky1///1.0000, -0.0000, -0.0000, 1.0678,-0.0000, 0.0000, -1.0000, 0.0366,0.0000, 1.0000, 0.0000, 1.8120,0.0000, 0.0000, 0.0000, 1.0000///L_Pinky
L_Pinky2///1.0000, -0.0000, -0.0000, 1.1135,-0.0000, 0.0000, -1.0000, 0.0366,0.0000, 1.0000, 0.0000, 1.8120,0.0000, 0.0000, 0.0000, 1.0000///L_Pinky1
L_Pinky3///1.0000, -0.0000, -0.0000, 1.1342,-0.0000, 0.0000, -1.0000, 0.0366,0.0000, 1.0000, 0.0000, 1.8120,0.0000, 0.0000, 0.0000, 1.0000///L_Pinky2
L_Pinky4__null///1.0000, -0.0000, -0.0000, 1.1628,-0.0000, 0.0000, -1.0000, 0.0366,0.0000, 1.0000, 0.0000, 1.8120,0.0000, 0.0000, 0.0000, 1.0000///L_Pinky3
L_Ring1///1.0000, -0.0000, -0.0000, 1.0805,-0.0000, 0.0000, -1.0000, 0.0137,0.0000, 1.0000, 0.0000, 1.8138,0.0000, 0.0000, 0.0000, 1.0000///L_Ring
L_Ring2///1.0000, -0.0000, -0.0000, 1.1311,-0.0000, 0.0000, -1.0000, 0.0137,0.0000, 1.0000, 0.0000, 1.8138,0.0000, 0.0000, 0.0000, 1.0000///L_Ring1
L_Ring3///1.0000, -0.0000, -0.0000, 1.1609,-0.0000, 0.0000, -1.0000, 0.0137,0.0000, 1.0000, 0.0000, 1.8138,0.0000, 0.0000, 0.0000, 1.0000///L_Ring2
L_Ring4__null///1.0000, -0.0000, -0.0000, 1.1895,-0.0000, 0.0000, -1.0000, 0.0137,0.0000, 1.0000, 0.0000, 1.8138,0.0000, 0.0000, 0.0000, 1.0000///L_Ring3
L_Middle1///1.0000, -0.0000, -0.0000, 1.0839,-0.0000, 0.0000, -1.0000, -0.0122,0.0000, 1.0000, 0.0000, 1.8156,0.0000, 0.0000, 0.0000, 1.0000///L_Middle
L_Middle2///1.0000, -0.0000, -0.0000, 1.1395,-0.0000, 0.0000, -1.0000, -0.0122,0.0000, 1.0000, 0.0000, 1.8156,0.0000, 0.0000, 0.0000, 1.0000///L_Middle1
L_Middle3///1.0000, -0.0000, -0.0000, 1.1719,-0.0000, 0.0000, -1.0000, -0.0122,0.0000, 1.0000, 0.0000, 1.8156,0.0000, 0.0000, 0.0000, 1.0000///L_Middle2
L_Middle4__null///1.0000, -0.0000, -0.0000, 1.2005,-0.0000, 0.0000, -1.0000, -0.0122,0.0000, 1.0000, 0.0000, 1.8156,0.0000, 0.0000, 0.0000, 1.0000///L_Middle3
L_Index1///1.0000, -0.0000, -0.0000, 1.0839,-0.0000, 0.0000, -1.0000, -0.0392,0.0000, 1.0000, 0.0000, 1.8156,0.0000, 0.0000, 0.0000, 1.0000///L_FingerBase
L_Index2///1.0000, -0.0000, -0.0000, 1.1366,-0.0000, 0.0000, -1.0000, -0.0392,0.0000, 1.0000, 0.0000, 1.8156,0.0000, 0.0000, 0.0000, 1.0000///L_Index1
L_Index3///1.0000, -0.0000, -0.0000, 1.1671,-0.0000, 0.0000, -1.0000, -0.0392,0.0000, 1.0000, 0.0000, 1.8156,0.0000, 0.0000, 0.0000, 1.0000///L_Index2
L_Index4__null///1.0000, -0.0000, -0.0000, 1.1956,-0.0000, 0.0000, -1.0000, -0.0392,0.0000, 1.0000, 0.0000, 1.8156,0.0000, 0.0000, 0.0000, 1.0000///L_Index3
L_Thumb1///0.8053, -0.2750, -0.5252, 0.9883,-0.5122, -0.7689, -0.3827, -0.0425,-0.2986, 0.5772, -0.7600, 1.7966,0.0000, 0.0000, 0.0000, 1.0000///L_FingerBase
L_Thumb2///0.8053, -0.2750, -0.5252, 1.0380,-0.5122, -0.7689, -0.3827, -0.0741,-0.2986, 0.5772, -0.7601, 1.7781,0.0000, 0.0000, 0.0000, 1.0000///L_Thumb1
L_Thumb3///0.8053, -0.2750, -0.5252, 1.0680,-0.5122, -0.7689, -0.3827, -0.0932,-0.2986, 0.5772, -0.7600, 1.7670,0.0000, 0.0000, 0.0000, 1.0000///L_Thumb2
L_Thumb4__null///0.8053, -0.2750, -0.5252, 1.0910,-0.5122, -0.7689, -0.3827, -0.1078,-0.2986, 0.5772, -0.7600, 1.7585,0.0000, 0.0000, 0.0000, 1.0000///L_Thumb3
HLP_L_ForeArm_Mid__offset///1.0000, -0.0000, -0.0000, 0.8342,-0.0000, 0.0000, -1.0000, 0.0001,0.0000, 1.0000, 0.0000, 1.8105,0.0000, 0.0000, 0.0000, 1.0000///L_ForeArm
HLP_L_ForeArm_Btm__offset///1.0000, -0.0000, -0.0000, 0.9389,-0.0000, 0.0000, -1.0000, 0.0000,0.0000, 1.0000, 0.0000, 1.8105,0.0000, 0.0000, 0.0000, 1.0000///L_ForeArm
HLP_L_Elbow__offset///1.0000, 0.0000, -0.0000, 0.6640,-0.0000, 1.0000, 0.0000, 0.0671,0.0000, -0.0000, 1.0000, 1.8105,0.0000, 0.0000, 0.0000, 1.0000///L_ForeArm
L_ForeArm_Slide__offset///1.0000, -0.0000, -0.0000, 0.8050,0.0000, 1.0000, 0.0000, 0.0001,0.0000, -0.0000, 1.0000, 1.8105,0.0000, 0.0000, 0.0000, 1.0000///L_ForeArm
L_ForeArm__offset///1.0000, 0.0000, -0.0000, 0.6643,-0.0000, 1.0000, 0.0000, 0.0000,0.0000, -0.0000, 1.0000, 1.8105,0.0000, 0.0000, 0.0000, 1.0000///L_ForeArm
HLP_L_Arm_Top__offset///1.0000, 0.0000, -0.0000, 0.2716,0.0000, 1.0000, 0.0000, 0.0000,0.0000, 0.0000, 1.0000, 1.8105,0.0000, 0.0000, 0.0000, 1.0000///L_Arm
HLP_L_Arm_Mid__offset///1.0000, -0.0000, -0.0000, 0.4544,0.0000, 1.0000, 0.0000, 0.0000,0.0000, -0.0000, 1.0000, 1.8105,0.0000, 0.0000, 0.0000, 1.0000///L_Arm
L_Bicep_Slide__offset///1.0000, -0.0000, -0.0000, 0.4801,0.0000, 1.0000, 0.0000, -0.0034,0.0000, -0.0000, 1.0000, 1.8106,0.0000, 0.0000, 0.0000, 1.0000///L_Arm
L_Tricep_Slide__offset///1.0000, -0.0000, -0.0000, 0.4801,0.0000, 1.0000, 0.0000, 0.0010,0.0000, -0.0000, 1.0000, 1.8106,0.0000, 0.0000, 0.0000, 1.0000///L_Arm
L_Arm_Btm__offset///1.0000, -0.0000, -0.0000, 0.6639,0.0000, 1.0000, 0.0000, 0.0000,0.0000, -0.0000, 1.0000, 1.8105,0.0000, 0.0000, 0.0000, 1.0000///L_Arm
HLP_L_ShldrBlade__offset///1.0000, -0.0000, -0.0000, 0.3513,0.0000, 1.0000, 0.0000, -0.0021,0.0000, -0.0000, 1.0000, 1.7653,0.0000, 0.0000, 0.0000, 1.0000///L_Shoulder
HLP_L_Shldr_B__offset///1.0000, -0.0000, -0.0000, 0.2713,0.0000, 1.0000, 0.0000, 0.0000,0.0000, -0.0000, 1.0000, 1.8105,0.0000, 0.0000, 0.0000, 1.0000///L_Shoulder
R_Shoulder///-1.0000, -0.0000, -0.0000, -0.2380,0.0000, 0.0000, -1.0000, 0.0000,0.0000, -1.0000, -0.0000, 1.8105,0.0000, 0.0000, 0.0000, 1.0000///Spine2
R_Arm///-1.0000, 0.0000, 0.0000, -0.2713,0.0000, 1.0000, -0.0000, 0.0000,-0.0000, -0.0000, -1.0000, 1.8105,0.0000, 0.0000, 0.0000, 1.0000///R_Shoulder
R_ForeArm///-1.0000, -0.0000, 0.0000, -0.6640,-0.0000, 1.0000, -0.0000, 0.0000,-0.0000, -0.0000, -1.0000, 1.8105,0.0000, 0.0000, 0.0000, 1.0000///R_Arm
R_Hand///-1.0000, 0.0000, 0.0000, -0.9651,-0.0000, -0.0000, -1.0000, 0.0000,-0.0000, -1.0000, 0.0000, 1.8105,0.0000, 0.0000, 0.0000, 1.0000///R_ForeArm
R_FingerBase///-1.0000, -0.0000, 0.0000, -0.9698,-0.0000, -0.0000, -1.0000, -0.0190,0.0000, -1.0000, 0.0000, 1.8105,0.0000, 0.0000, 0.0000, 1.0000///R_Hand
R_Middle///-1.0000, -0.0000, 0.0000, -0.9698,-0.0000, -0.0000, -1.0000, -0.0095,0.0000, -1.0000, 0.0000, 1.8105,0.0000, 0.0000, 0.0000, 1.0000///R_FingerBase
R_Ring///-1.0000, -0.0000, 0.0000, -0.9698,-0.0000, -0.0000, -1.0000, 0.0000,0.0000, -1.0000, 0.0000, 1.8105,0.0000, 0.0000, 0.0000, 1.0000///R_Middle
R_Pinky///-1.0000, -0.0000, 0.0000, -0.9698,-0.0000, -0.0000, -1.0000, 0.0095,0.0000, -1.0000, 0.0000, 1.8105,0.0000, 0.0000, 0.0000, 1.0000///R_Ring
R_Pinky1///-1.0000, 0.0000, 0.0000, -1.0678,-0.0000, -0.0000, -1.0000, 0.0367,0.0000, -1.0000, 0.0000, 1.8120,0.0000, 0.0000, 0.0000, 1.0000///R_Pinky
R_Pinky2///-1.0000, 0.0000, 0.0000, -1.1135,-0.0000, -0.0000, -1.0000, 0.0366,0.0000, -1.0000, 0.0000, 1.8120,0.0000, 0.0000, 0.0000, 1.0000///R_Pinky1
R_Pinky3///-1.0000, 0.0000, 0.0000, -1.1342,-0.0000, -0.0000, -1.0000, 0.0366,0.0000, -1.0000, 0.0000, 1.8120,0.0000, 0.0000, 0.0000, 1.0000///R_Pinky2
R_Pinky4__null///-1.0000, -0.0000, 0.0000, -1.1628,-0.0000, -0.0000, -1.0000, 0.0366,0.0000, -1.0000, 0.0000, 1.8120,0.0000, 0.0000, 0.0000, 1.0000///R_Pinky3
R_Ring1///-1.0000, 0.0000, 0.0000, -1.0805,-0.0000, -0.0000, -1.0000, 0.0137,0.0000, -1.0000, 0.0000, 1.8138,0.0000, 0.0000, 0.0000, 1.0000///R_Ring
R_Ring2///-1.0000, 0.0000, 0.0000, -1.1311,-0.0000, -0.0000, -1.0000, 0.0137,0.0000, -1.0000, 0.0000, 1.8138,0.0000, 0.0000, 0.0000, 1.0000///R_Ring1
R_Ring3///-1.0000, 0.0000, 0.0000, -1.1609,-0.0000, -0.0000, -1.0000, 0.0137,0.0000, -1.0000, 0.0000, 1.8138,0.0000, 0.0000, 0.0000, 1.0000///R_Ring2
R_Ring4__null///-1.0000, 0.0000, 0.0000, -1.1895,-0.0000, -0.0000, -1.0000, 0.0137,0.0000, -1.0000, 0.0000, 1.8138,0.0000, 0.0000, 0.0000, 1.0000///R_Ring3
R_Middle1///-1.0000, 0.0000, 0.0000, -1.0839,-0.0000, -0.0000, -1.0000, -0.0122,0.0000, -1.0000, 0.0000, 1.8156,0.0000, 0.0000, 0.0000, 1.0000///R_Middle
R_Middle2///-1.0000, 0.0000, 0.0000, -1.1395,-0.0000, -0.0000, -1.0000, -0.0122,0.0000, -1.0000, 0.0000, 1.8156,0.0000, 0.0000, 0.0000, 1.0000///R_Middle1
R_Middle3///-1.0000, 0.0000, 0.0000, -1.1719,-0.0000, -0.0000, -1.0000, -0.0122,0.0000, -1.0000, 0.0000, 1.8156,0.0000, 0.0000, 0.0000, 1.0000///R_Middle2
R_Middle4__null///-1.0000, 0.0000, 0.0000, -1.2005,-0.0000, -0.0000, -1.0000, -0.0122,0.0000, -1.0000, 0.0000, 1.8156,0.0000, 0.0000, 0.0000, 1.0000///R_Middle3
R_Index1///-1.0000, -0.0000, 0.0000, -1.0839,-0.0000, -0.0000, -1.0000, -0.0392,0.0000, -1.0000, 0.0000, 1.8156,0.0000, 0.0000, 0.0000, 1.0000///R_FingerBase
R_Index2///-1.0000, -0.0000, 0.0000, -1.1366,-0.0000, -0.0000, -1.0000, -0.0392,0.0000, -1.0000, 0.0000, 1.8156,0.0000, 0.0000, 0.0000, 1.0000///R_Index1
R_Index3///-1.0000, -0.0000, 0.0000, -1.1671,-0.0000, -0.0000, -1.0000, -0.0392,0.0000, -1.0000, 0.0000, 1.8156,0.0000, 0.0000, 0.0000, 1.0000///R_Index2
R_Index4__null///-1.0000, -0.0000, 0.0000, -1.1956,-0.0000, -0.0000, -1.0000, -0.0392,0.0000, -1.0000, 0.0000, 1.8156,0.0000, 0.0000, 0.0000, 1.0000///R_Index3
R_Thumb1///-0.8053, -0.2750, 0.5252, -0.9883,-0.5122, 0.7689, -0.3827, -0.0425,-0.2986, -0.5772, -0.7601, 1.7966,0.0000, 0.0000, 0.0000, 1.0000///R_FingerBase
R_Thumb2///-0.8053, -0.2750, 0.5252, -1.0380,-0.5122, 0.7689, -0.3827, -0.0741,-0.2986, -0.5772, -0.7601, 1.7781,0.0000, 0.0000, 0.0000, 1.0000///R_Thumb1
R_Thumb3///-0.8053, -0.2750, 0.5252, -1.0680,-0.5122, 0.7689, -0.3827, -0.0932,-0.2986, -0.5772, -0.7601, 1.7670,0.0000, 0.0000, 0.0000, 1.0000///R_Thumb2
R_Thumb4__null///-0.8053, -0.2750, 0.5252, -1.0910,-0.5122, 0.7689, -0.3827, -0.1078,-0.2986, -0.5772, -0.7601, 1.7585,0.0000, 0.0000, 0.0000, 1.0000///R_Thumb3
HLP_R_ForeArm_Mid__offset///-1.0000, 0.0000, 0.0000, -0.8342,-0.0000, -0.0000, -1.0000, 0.0001,-0.0000, -1.0000, 0.0000, 1.8105,0.0000, 0.0000, 0.0000, 1.0000///R_ForeArm
HLP_R_ForeArm_Btm__offset///-1.0000, 0.0000, 0.0000, -0.9389,-0.0000, -0.0000, -1.0000, 0.0000,-0.0000, -1.0000, 0.0000, 1.8105,0.0000, 0.0000, 0.0000, 1.0000///R_ForeArm
HLP_R_Elbow__offset///-1.0000, -0.0000, 0.0000, -0.6640,-0.0000, 1.0000, -0.0000, 0.0671,-0.0000, -0.0000, -1.0000, 1.8105,0.0000, 0.0000, 0.0000, 1.0000///R_ForeArm
R_ForeArm_Slide__offset///-1.0000, 0.0000, 0.0000, -0.8050,-0.0000, -0.0000, -1.0000, 0.0001,-0.0000, -1.0000, 0.0000, 1.8105,0.0000, 0.0000, 0.0000, 1.0000///R_ForeArm
R_ForeArm__offset///-1.0000, -0.0000, 0.0000, -0.6643,-0.0000, 1.0000, -0.0000, 0.0000,-0.0000, -0.0000, -1.0000, 1.8105,0.0000, 0.0000, 0.0000, 1.0000///R_ForeArm
HLP_R_Arm_Top__offset///-1.0000, 0.0000, -0.0000, -0.2716,0.0000, 1.0000, 0.0000, 0.0000,0.0000, 0.0000, -1.0000, 1.8105,0.0000, 0.0000, 0.0000, 1.0000///R_Arm
HLP_R_Arm_Mid__offset///-1.0000, 0.0000, 0.0000, -0.4544,0.0000, 1.0000, -0.0000, 0.0000,-0.0000, -0.0000, -1.0000, 1.8105,0.0000, 0.0000, 0.0000, 1.0000///R_Arm
R_Bicep_Slide__offset///-1.0000, 0.0000, 0.0000, -0.4801,0.0000, 1.0000, -0.0000, -0.0034,-0.0000, -0.0000, -1.0000, 1.8106,0.0000, 0.0000, 0.0000, 1.0000///R_Arm
R_Tricep_Slide__offset///-1.0000, 0.0000, 0.0000, -0.4801,0.0000, 1.0000, -0.0000, 0.0010,-0.0000, -0.0000, -1.0000, 1.8106,0.0000, 0.0000, 0.0000, 1.0000///R_Arm
R_Arm_Btm__offset///-1.0000, 0.0000, 0.0000, -0.6639,0.0000, 1.0000, -0.0000, 0.0001,-0.0000, -0.0000, -1.0000, 1.8105,0.0000, 0.0000, 0.0000, 1.0000///R_Arm
HLP_R_ShldrBlade__offset///-1.0000, 0.0000, 0.0000, -0.3513,0.0000, 1.0000, -0.0000, -0.0021,-0.0000, -0.0000, -1.0000, 1.7653,0.0000, 0.0000, 0.0000, 1.0000///R_Shoulder
HLP_R_Shldr_B__offset///-1.0000, 0.0000, 0.0000, -0.2713,0.0000, 1.0000, -0.0000, 0.0000,-0.0000, -0.0000, -1.0000, 1.8105,0.0000, 0.0000, 0.0000, 1.0000///R_Shoulder
HLP_L_CollarBone__offset///0.9013, -0.0003, 0.4332, 0.0238,0.4332, -0.0001, -0.9013, -0.1190,0.0003, 1.0000, 0.0000, 1.8104,0.0000, 0.0000, 0.0000, 1.0000///Spine2
HLP_L_Shldr_F__offset///0.9267, 0.3517, 0.1323, 0.3087,0.1237, 0.0470, -0.9912, -0.0474,-0.3548, 0.9349, -0.0000, 1.9465,0.0000, 0.0000, 0.0000, 1.0000///HLP_L_CollarBone__offset
L_Shldr_F1__null///0.9267, 0.3517, 0.1323, 0.5293,0.1237, 0.0469, -0.9912, -0.0180,-0.3548, 0.9349, -0.0000, 1.8621,0.0000, 0.0000, 0.0000, 1.0000///HLP_L_Shldr_F__offset
HLP_L_CollarBone_up__offset///0.9013, -0.0003, 0.4332, 0.0237,0.4332, -0.0001, -0.9013, -0.1187,0.0003, 1.0000, 0.0000, 1.8104,0.0000, 0.0000, 0.0000, 1.0000///HLP_L_CollarBone__offset
L_CollarBone1__null///0.9013, -0.0003, 0.4332, 0.4314,0.4332, -0.0001, -0.9013, 0.0769,0.0003, 1.0000, -0.0000, 1.8106,0.0000, 0.0000, 0.0000, 1.0000///HLP_L_CollarBone__offset
HLP_R_CollarBone__offset///-0.9013, -0.0003, -0.4332, -0.0238,0.4332, 0.0001, -0.9013, -0.1190,0.0003, -1.0000, 0.0000, 1.8104,0.0000, 0.0000, 0.0000, 1.0000///Spine2
HLP_R_Shldr_F__offset///-0.9267, -0.3517, 0.1323, -0.3087,0.1237, 0.0470, 0.9912, -0.0474,-0.3548, 0.9349, 0.0000, 1.9465,0.0000, 0.0000, 0.0000, 1.0000///HLP_R_CollarBone__offset
R_Shldr_F1__null///-0.9267, -0.3517, 0.1323, -0.5293,0.1237, 0.0470, 0.9912, -0.0180,-0.3548, 0.9349, -0.0000, 1.8621,0.0000, 0.0000, 0.0000, 1.0000///HLP_R_Shldr_F__offset
HLP_R_CollarBone_up__offset///-0.9013, -0.0003, -0.4332, -0.0237,0.4332, 0.0001, -0.9013, -0.1188,0.0003, -1.0000, 0.0000, 1.8104,0.0000, 0.0000, 0.0000, 1.0000///HLP_R_CollarBone__offset
R_CollarBone1__null///-0.9013, -0.0003, -0.4332, -0.4314,0.4332, 0.0001, -0.9013, 0.0769,0.0003, -1.0000, 0.0000, 1.8106,0.0000, 0.0000, 0.0000, 1.0000///HLP_R_CollarBone__offset
HLP_L_Pectoral__offset///0.9196, -0.3802, 0.0991, 0.0002,0.0916, -0.0379, -0.9951, -0.0452,0.3821, 0.9241, 0.0000, 1.6218,0.0000, 0.0000, 0.0000, 1.0000///Spine2
L_Pectoral__null///0.9196, -0.3802, 0.0991, 0.4380,0.0916, -0.0379, -0.9951, -0.0016,0.3821, 0.9241, 0.0000, 1.8036,0.0000, 0.0000, 0.0000, 1.0000///HLP_L_Pectoral__offset
HLP_L_Pectoral_side__offset///0.9196, -0.3802, 0.0991, 0.0001,0.0916, -0.0379, -0.9951, -0.0452,0.3821, 0.9241, 0.0000, 1.6220,0.0000, 0.0000, 0.0000, 1.0000///HLP_L_Pectoral__offset
HLP_R_Pectoral__offset///-0.9196, 0.3802, 0.0991, -0.0002,0.0916, -0.0379, 0.9951, -0.0452,0.3821, 0.9241, -0.0000, 1.6218,0.0000, 0.0000, 0.0000, 1.0000///Spine2
R_Pectoral__null///-0.9196, 0.3802, 0.0991, -0.4380,0.0916, -0.0379, 0.9951, -0.0016,0.3821, 0.9241, 0.0000, 1.8036,0.0000, 0.0000, 0.0000, 1.0000///HLP_R_Pectoral__offset
HLP_R_Pectoral_side__offset///-0.9196, 0.3802, 0.0991, -0.0001,0.0916, -0.0379, 0.9951, -0.0452,0.3821, 0.9241, 0.0000, 1.6220,0.0000, 0.0000, 0.0000, 1.0000///HLP_R_Pectoral__offset
Spine2__offset///0.0000, -0.0000, 1.0000, 0.0000,-0.0000, -1.0000, -0.0000, 0.0000,1.0000, -0.0000, -0.0000, 1.2867,0.0000, 0.0000, 0.0000, 1.0000///Spine2
Spine2_breast__offset///0.0000, -0.0000, 1.0000, 0.0000,-0.0000, -1.0000, -0.0000, 0.0002,1.0000, -0.0000, -0.0000, 1.2867,0.0000, 0.0000, 0.0000, 1.0000///Spine2__offset
Spine2up__offset///0.0000, -0.0000, 1.0000, 0.0000,-0.0000, -1.0000, -0.0000, 0.0000,1.0000, -0.0000, -0.0000, 1.2869,0.0000, 0.0000, 0.0000, 1.0000///Spine2__offset
Spine2side__offset///0.0000, -0.0000, 1.0000, 0.0000,-0.0000, -1.0000, -0.0000, 0.0000,1.0000, -0.0000, -0.0000, 1.2864,0.0000, 0.0000, 0.0000, 1.0000///Spine2
OPT0_bustL///0.3127, -0.0846, -0.9461, 0.0524,-0.9461, 0.0601, -0.3181, 0.1858,0.0838, 0.9946, -0.0612, 1.4486,0.0000, 0.0000, 0.0000, 1.0000///Spine2
OPT1_bustL///-0.3127, -0.0846, 0.9461, 0.2489,0.9461, 0.0601, 0.3181, -0.4086,-0.0838, 0.9946, 0.0612, 1.5012,0.0000, 0.0000, 0.0000, 1.0000///OPT0_bustL
OPT1_bustL_end///0.9983, -0.0464, 0.0341, 0.1927,0.0316, -0.0539, -0.9980, -0.2388,0.0482, 0.9975, -0.0523, 1.4862,0.0000, 0.0000, 0.0000, 1.0000///OPT1_bustL
OPT2_bustR///0.3127, -0.0845, -0.9461, -0.0519,0.9461, -0.0601, 0.3181, 0.1858,-0.0838, -0.9946, 0.0612, 1.4486,0.0000, 0.0000, 0.0000, 1.0000///Spine2
OPT3_bustR///-0.3127, -0.0845, 0.9461, -0.2484,-0.9461, -0.0601, -0.3181, -0.4086,0.0838, -0.9946, -0.0612, 1.5012,0.0000, 0.0000, 0.0000, 1.0000///OPT2_bustR
OPT1_bustR_end///0.9983, -0.0464, 0.0341, -0.1922,-0.0316, 0.0539, 0.9980, -0.2388,-0.0481, -0.9975, 0.0523, 1.4862,0.0000, 0.0000, 0.0000, 1.0000///OPT3_bustR
Spine1__offset///0.0000, -0.0000, 1.0000, 0.0000,-0.0000, -1.0000, -0.0000, 0.0000,1.0000, -0.0000, -0.0000, 0.9773,0.0000, 0.0000, 0.0000, 1.0000///Spine1
Spine1_front__offset///0.0000, -0.0000, 1.0000, 0.0000,-0.0000, -1.0000, -0.0000, 0.0000,1.0000, -0.0000, -0.0000, 0.9777,0.0000, 0.0000, 0.0000, 1.0000///Spine1
Hip///-0.0000, -0.0000, 1.0000, 0.0000,-0.0000, 1.0000, 0.0000, 0.0000,-1.0000, 0.0000, -0.0000, 0.9775,0.0000, 0.0000, 0.0000, 1.0000///BASE
L_UpLeg///-0.0000, 0.0000, 1.0000, 0.0850,0.0000, 1.0000, -0.0000, -0.0000,-1.0000, 0.0000, -0.0000, 0.8415,0.0000, 0.0000, 0.0000, 1.0000///Hip
L_Leg///-0.0000, 0.0000, 1.0000, 0.0850,0.0000, 1.0000, -0.0000, -0.0000,-1.0000, 0.0000, -0.0000, 0.4675,0.0000, 0.0000, 0.0000, 1.0000///L_UpLeg
L_Foot///-0.0000, 0.0000, 1.0000, 0.0850,-0.0000, 1.0000, -0.0000, -0.0000,-1.0000, -0.0000, -0.0000, 0.1105,0.0000, 0.0000, 0.0000, 1.0000///L_Leg
L_Toe///-0.0000, -0.0000, 1.0000, 0.0850,-1.0000, -0.0000, -0.0000, -0.1301,0.0000, -1.0000, -0.0000, 0.0257,0.0000, 0.0000, 0.0000, 1.0000///L_Foot
L_Toe1__null///-0.0000, 0.0000, 1.0000, 0.0850,-1.0000, -0.0000, -0.0000, -0.2406,0.0000, -1.0000, 0.0000, 0.0257,0.0000, 0.0000, 0.0000, 1.0000///L_Toe
L_Toe__offset///-0.0000, 0.0000, 1.0000, 0.0850,-1.0000, 0.0000, -0.0000, -0.1302,0.0000, -1.0000, 0.0000, 0.0257,0.0000, 0.0000, 0.0000, 1.0000///L_Toe
ATH_L_Toe_Btm///1.0000, 0.0000, 0.0000, 0.0850,-0.0000, 1.0000, 0.0000, -0.1360,-0.0000, -0.0000, 1.0000, -0.0041,0.0000, 0.0000, 0.0000, 1.0000///L_Toe
L_Foot__offset///-0.0000, 0.0000, 1.0000, 0.0850,-0.0000, 1.0000, -0.0000, -0.0000,-1.0000, -0.0000, -0.0000, 0.1104,0.0000, 0.0000, 0.0000, 1.0000///L_Foot
L_Ankle__offset///-0.0000, 0.0000, 1.0000, 0.0850,-0.0000, 1.0000, -0.0000, -0.0000,-1.0000, -0.0000, -0.0000, 0.1106,0.0000, 0.0000, 0.0000, 1.0000///L_Foot
ATH_L_Foot_Btm///1.0000, 0.0000, 0.0000, 0.0850,-0.0000, 1.0000, 0.0000, -0.0000,-0.0000, -0.0000, 1.0000, -0.0043,0.0000, 0.0000, 0.0000, 1.0000///L_Foot
L_Calf_Slide__offset///1.0000, 0.0000, -0.0000, 0.0850,-0.0000, -0.0001, -1.0000, -0.0000,-0.0000, 1.0000, -0.0001, 0.2890,0.0000, 0.0000, 0.0000, 1.0000///L_Leg
L_Leg__offset///0.0000, 0.0000, 1.0000, 0.0850,0.0001, 1.0000, -0.0000, -0.0000,-1.0000, 0.0001, 0.0000, 0.4674,0.0000, 0.0000, 0.0000, 1.0000///L_Leg
HLP_L_Knee__offset///0.0000, 0.0000, 1.0000, 0.0850,0.0000, 1.0000, -0.0000, -0.0171,-1.0000, 0.0000, 0.0000, 0.4675,0.0000, 0.0000, 0.0000, 1.0000///L_UpLeg
HLP_L_UpLeg_Top__offset///-0.0000, -0.0000, 1.0000, 0.0850,-0.0000, 1.0000, 0.0000, -0.0000,-1.0000, 0.0000, -0.0000, 0.8416,0.0000, 0.0000, 0.0000, 1.0000///L_UpLeg
HLP_L_UpLeg_Mid__offset///-0.0000, 0.0000, 1.0000, 0.0850,0.0000, 1.0000, 0.0000, -0.0000,-1.0000, 0.0000, -0.0000, 0.6715,0.0000, 0.0000, 0.0000, 1.0000///L_UpLeg
L_Thigh_Slide__offset///1.0000, 0.0000, -0.0000, 0.0850,-0.0000, 0.0001, -1.0000, -0.0009,-0.0000, 1.0000, 0.0001, 0.6545,0.0000, 0.0000, 0.0000, 1.0000///L_UpLeg
L_UpLeg__offset///0.0000, 0.0000, 1.0000, 0.0850,-0.0001, 1.0000, -0.0000, -0.0000,-1.0000, -0.0001, 0.0000, 0.8414,0.0000, 0.0000, 0.0000, 1.0000///L_UpLeg
R_UpLeg///-0.0000, -0.0000, 1.0000, -0.0850,-0.0000, 1.0000, 0.0000, -0.0000,-1.0000, 0.0000, -0.0000, 0.8415,0.0000, 0.0000, 0.0000, 1.0000///Hip
R_Leg///-0.0000, -0.0000, 1.0000, -0.0850,-0.0000, 1.0000, 0.0000, -0.0000,-1.0000, 0.0000, -0.0000, 0.4675,0.0000, 0.0000, 0.0000, 1.0000///R_UpLeg
R_Foot///0.0013, 0.0000, 1.0000, -0.0850,0.0000, 1.0000, -0.0000, -0.0000,-1.0000, 0.0000, 0.0013, 0.1105,0.0000, 0.0000, 0.0000, 1.0000///R_Leg
R_Toe///-0.0000, 0.0013, 1.0000, -0.0849,-1.0000, 0.0000, -0.0000, -0.1301,-0.0000, -1.0000, 0.0013, 0.0257,0.0000, 0.0000, 0.0000, 1.0000///R_Foot
R_Toe1__null///-0.0000, 0.0013, 1.0000, -0.0849,-1.0000, 0.0000, -0.0000, -0.2406,-0.0000, -1.0000, 0.0013, 0.0257,0.0000, 0.0000, 0.0000, 1.0000///R_Toe
R_Toe__offset///0.0000, 0.0013, 1.0000, -0.0849,-1.0000, -0.0000, 0.0000, -0.1302,0.0000, -1.0000, 0.0013, 0.0257,0.0000, 0.0000, 0.0000, 1.0000///R_Toe
ATH_R_Toe_Btm///1.0000, 0.0000, 0.0000, -0.0848,-0.0000, 1.0000, 0.0000, -0.1360,-0.0000, -0.0000, 1.0000, -0.0041,0.0000, 0.0000, 0.0000, 1.0000///R_Toe
R_Foot__offset///-0.0000, 0.0000, 1.0000, -0.0850,-0.0000, 1.0000, -0.0000, -0.0000,-1.0000, -0.0000, -0.0000, 0.1104,0.0000, 0.0000, 0.0000, 1.0000///R_Foot
R_Ankle__offset///-0.0013, -0.0000, 1.0000, -0.0850,-0.0000, -1.0000, -0.0000, -0.0000,1.0000, -0.0000, 0.0013, 0.1106,0.0000, 0.0000, 0.0000, 1.0000///R_Foot
ATH_R_Foot_Btm///1.0000, 0.0000, 0.0000, -0.0848,-0.0000, 1.0000, 0.0000, -0.0000,-0.0000, -0.0000, 1.0000, -0.0042,0.0000, 0.0000, 0.0000, 1.0000///R_Foot
R_Calf_Slide__offset///1.0000, 0.0000, 0.0000, -0.0850,0.0000, -0.0001, -1.0000, -0.0000,-0.0000, 1.0000, -0.0001, 0.2890,0.0000, 0.0000, 0.0000, 1.0000///R_Leg
R_Leg__offset///0.0000, -0.0000, 1.0000, -0.0850,0.0001, 1.0000, 0.0000, -0.0000,-1.0000, 0.0001, 0.0000, 0.4674,0.0000, 0.0000, 0.0000, 1.0000///R_Leg
HLP_R_Knee__offset///0.0000, -0.0000, 1.0000, -0.0850,0.0000, 1.0000, 0.0000, -0.0171,-1.0000, 0.0000, 0.0000, 0.4675,0.0000, 0.0000, 0.0000, 1.0000///R_UpLeg
HLP_R_UpLeg_Top__offset///-0.0000, -0.0000, 1.0000, -0.0850,-0.0000, 1.0000, 0.0000, -0.0000,-1.0000, 0.0000, -0.0000, 0.8416,0.0000, 0.0000, 0.0000, 1.0000///R_UpLeg
HLP_R_UpLeg_Mid__offset///-0.0000, -0.0000, 1.0000, -0.0850,-0.0000, 1.0000, 0.0000, -0.0000,-1.0000, 0.0000, -0.0000, 0.6715,0.0000, 0.0000, 0.0000, 1.0000///R_UpLeg
R_Thigh_Slide__offset///1.0000, 0.0000, 0.0000, -0.0850,0.0000, 0.0001, -1.0000, -0.0009,-0.0000, 1.0000, 0.0001, 0.6545,0.0000, 0.0000, 0.0000, 1.0000///R_UpLeg
R_UpLeg__offset///0.0000, -0.0000, 1.0000, -0.0850,-0.0001, 1.0000, 0.0000, -0.0000,-1.0000, -0.0001, 0.0000, 0.8414,0.0000, 0.0000, 0.0000, 1.0000///R_UpLeg
HLP_L_Butt__offset///-0.0000, -0.0000, 1.0000, 0.0851,-0.0000, 1.0000, 0.0000, 0.0001,-1.0000, 0.0000, -0.0000, 0.8414,0.0000, 0.0000, 0.0000, 1.0000///Hip
HLP_R_Butt__offset///-0.0000, -0.0000, 1.0000, -0.0851,-0.0000, 1.0000, 0.0000, 0.0001,-1.0000, 0.0000, -0.0000, 0.8414,0.0000, 0.0000, 0.0000, 1.0000///Hip
HLP_L_Inguinal__offset///-0.1165, -0.0101, -0.9931, 0.1420,0.0867, -0.9962, 0.0000, -0.0424,-0.9894, -0.0861, 0.1169, 0.9512,0.0000, 0.0000, 0.0000, 1.0000///Hip
L_Inguinal1__null///-0.1165, -0.0101, -0.9931, 0.1122,0.0867, -0.9962, 0.0000, -0.0203,-0.9894, -0.0861, 0.1169, 0.6989,0.0000, 0.0000, 0.0000, 1.0000///HLP_L_Inguinal__offset
HLP_R_Inguinal__offset///0.1165, 0.0101, -0.9932, -0.1419,0.0867, -0.9962, -0.0000, -0.0424,-0.9894, -0.0861, -0.1169, 0.9512,0.0000, 0.0000, 0.0000, 1.0000///Hip
R_Inguinal__null///0.1165, 0.0101, -0.9931, -0.1122,0.0867, -0.9962, -0.0000, -0.0203,-0.9894, -0.0861, -0.1169, 0.6989,0.0000, 0.0000, 0.0000, 1.0000///HLP_R_Inguinal__offset
Hip__offset///-0.0000, -0.0000, 1.0000, 0.0000,-0.0000, 1.0000, 0.0000, 0.0000,-1.0000, -0.0000, -0.0000, 0.9776,0.0000, 0.0000, 0.0000, 1.0000///Hip
Hip_front__offset///-0.0000, -0.0000, 1.0000, -0.0000,-0.0000, 1.0000, 0.0000, 0.0000,-1.0000, -0.0000, -0.0000, 0.9774,0.0000, 0.0000, 0.0000, 1.0000///Hip
transform1///-0.0000, -0.0000, 1.0000, 0.0000,-0.0000, 1.0000, 0.0000, 0.0000,-1.0000, 0.0000, -0.0000, 1.1500,0.0000, 0.0000, 0.0000, 1.0000///Hip
Hip_OPT005///0.2588, 0.0000, 0.9659, 0.3900,0.0000, 1.0000, 0.0000, 0.0200,-0.9659, 0.0000, 0.2588, 1.0800,0.0000, 0.0000, 0.0000, 1.0000///transform1
Hip_OPT006///0.2588, 0.0000, 0.9659, 0.4643,0.0000, 1.0000, 0.0000, 0.0200,-0.9659, 0.0000, 0.2588, 0.8027,0.0000, 0.0000, 0.0000, 1.0000///Hip_OPT005
transform2///-0.0000, -0.0000, 1.0000, 0.0000,-0.0000, 1.0000, 0.0000, 0.0000,-1.0000, 0.0000, -0.0000, 1.1500,0.0000, 0.0000, 0.0000, 1.0000///Hip
Hip_OPT001///0.2588, -0.0000, 0.9659, -0.3900,-0.0000, -1.0000, -0.0000, 0.0100,0.9659, -0.0000, -0.2588, 1.0800,0.0000, 0.0000, 0.0000, 1.0000///transform2
Hip_OPT002///0.2588, 0.0000, 0.9659, -0.4643,-0.0000, -1.0000, 0.0000, 0.0100,0.9659, -0.0000, -0.2588, 0.8026,0.0000, 0.0000, 0.0000, 1.0000///Hip_OPT001
transform3///-0.0000, -0.0000, 1.0000, 0.0000,-0.0000, 1.0000, 0.0000, 0.0000,-1.0000, 0.0000, -0.0000, 1.1500,0.0000, 0.0000, 0.0000, 1.0000///Hip
Hip_OPT003///0.1106, 0.0186, 0.9937, 0.1589,-0.1106, 0.9938, -0.0063, -0.0912,-0.9877, -0.1092, 0.1120, 1.0762,0.0000, 0.0000, 0.0000, 1.0000///transform3
Hip_OPT004///0.1106, 0.0311, 0.9934, 0.1809,-0.1106, 0.9937, -0.0188, -0.1031,-0.9877, -0.1078, 0.1134, 0.9626,0.0000, 0.0000, 0.0000, 1.0000///Hip_OPT003
EDIT__null///1.0000, 0.0000, 0.0000, 0.0014,0.0000, 1.0000, 0.0000, 0.0000,0.0000, 0.0000, 1.0000, -0.0000,0.0000, 0.0000, 0.0000, 1.0000///MODEL_00
Deform__null///1.0000, 0.0000, 0.0000, 0.0083,0.0000, 1.0000, 0.0000, 0.0015,0.0000, 0.0000, 1.0000, -0.0002,0.0000, 0.0000, 0.0000, 1.0000///EDIT__null
