MODEL_00///1.0000, 0.0000, 0.0000, 0.0000,0.0000, 1.0000, 0.0000, 0.0000,0.0000, 0.0000, 1.0000, 0.0000,0.0000, 0.0000, 0.0000, 1.0000///
BODY_SCALE__group///1.0000, 0.0000, 0.0000, 0.0000,0.0000, 0.0000, -1.0000, 0.0000,0.0000, 1.0000, 0.0000, 0.0000,0.0000, 0.0000, 0.0000, 1.0000///MODEL_00
Base///1.0000, 0.0000, 0.0000, 0.0000,0.0000, 0.0000, -1.0000, 0.0000,0.0000, 1.0000, 0.0000, 1.2190,0.0000, 0.0000, 0.0000, 1.0000///BODY_SCALE__group
Spine1///0.0000, -0.0000, 1.0000, 0.0000,-0.0000, -1.0000, -0.0000, 0.0000,1.0000, -0.0000, -0.0000, 1.2190,0.0000, 0.0000, 0.0000, 1.0000///Base
Spine2///0.0000, -0.0000, 1.0000, 0.0000,-0.0000, -1.0000, -0.0000, 0.0000,1.0000, -0.0000, -0.0000, 1.3775,0.0000, 0.0000, 0.0000, 1.0000///Spine1
Neck///0.0000, -0.0000, 1.0000, 0.0000,-0.0000, -1.0000, -0.0000, 0.0000,1.0000, -0.0000, -0.0000, 1.6944,0.0000, 0.0000, 0.0000, 1.0000///Spine2
HEAD///-0.0000, 1.0000, -0.0000, 0.0000,-1.0000, -0.0000, -0.0000, 0.0000,-0.0000, 0.0000, 1.0000, 1.8687,0.0000, 0.0000, 0.0000, 1.0000///Neck
Head__offset///-0.0000, 1.0000, -0.0000, 0.0000,-1.0000, -0.0000, 0.0003, 0.0000,0.0003, 0.0000, 1.0000, 1.8688,0.0000, 0.0000, 0.0000, 1.0000///HEAD
ATH_Head_Top///1.0000, 0.0000, 0.0000, -0.0000,-0.0000, 1.0000, -0.0000, 0.0000,-0.0000, 0.0000, 1.0000, 2.0259,0.0000, 0.0000, 0.0000, 1.0000///HEAD
L_Mayu2_Joint///1.0000, 0.0000, -0.0000, 0.0443,-0.0000, 0.0000, -1.0000, -0.1407,-0.0000, 1.0000, 0.0000, 1.9494,0.0000, 0.0000, 0.0000, 1.0000///HEAD
L_Mayu3_Joint///1.0000, 0.0000, -0.0000, 0.0639,-0.0000, 0.0000, -1.0000, -0.1174,-0.0000, 1.0000, 0.0000, 1.9483,0.0000, 0.0000, 0.0000, 1.0000///HEAD
L_Mayu1_Joint///1.0000, 0.0000, -0.0000, 0.0182,-0.0000, 0.0000, -1.0000, -0.1501,-0.0000, 1.0000, 0.0000, 1.9409,0.0000, 0.0000, 0.0000, 1.0000///HEAD
R_Mayu3_Joint///1.0000, 0.0000, -0.0000, -0.0639,-0.0000, 0.0000, -1.0000, -0.1174,-0.0000, 1.0000, 0.0000, 1.9483,0.0000, 0.0000, 0.0000, 1.0000///HEAD
R_Mayu2_Joint///1.0000, 0.0000, -0.0000, -0.0443,-0.0000, 0.0000, -1.0000, -0.1407,-0.0000, 1.0000, 0.0000, 1.9494,0.0000, 0.0000, 0.0000, 1.0000///HEAD
R_Mayu1_Joint///1.0000, 0.0000, -0.0000, -0.0182,-0.0000, 0.0000, -1.0000, -0.1501,-0.0000, 1.0000, 0.0000, 1.9410,0.0000, 0.0000, 0.0000, 1.0000///HEAD
R_Eyecorner///1.0000, 0.0000, -0.0000, -0.0552,-0.0000, 0.0000, -1.0000, -0.1154,-0.0000, 1.0000, 0.0000, 1.9182,0.0000, 0.0000, 0.0000, 1.0000///HEAD
R_UwaMabuta_Joint///1.0000, 0.0000, -0.0000, -0.0339,-0.0000, 0.0000, -1.0000, -0.1122,-0.0000, 1.0000, 0.0000, 1.9295,0.0000, 0.0000, 0.0000, 1.0000///HEAD
R_UpEyelid1///1.0000, 0.0000, -0.0000, -0.0286,-0.0000, 0.0000, -1.0000, -0.1324,-0.0000, 1.0000, 0.0000, 1.9345,0.0000, 0.0000, 0.0000, 1.0000///R_UwaMabuta_Joint
R_UpEyelid2///1.0000, 0.0000, -0.0000, -0.0459,-0.0000, 0.0000, -1.0000, -0.1286,-0.0000, 1.0000, 0.0000, 1.9353,0.0000, 0.0000, 0.0000, 1.0000///R_UwaMabuta_Joint
L_UwaMabuta_Joint///1.0000, 0.0000, -0.0000, 0.0339,-0.0000, -0.0000, -1.0000, -0.1122,-0.0000, 1.0000, -0.0000, 1.9295,0.0000, 0.0000, 0.0000, 1.0000///HEAD
L_UpEyelid2///1.0000, 0.0000, 0.0000, 0.0459,0.0000, -0.0000, -1.0000, -0.1286,-0.0000, 1.0000, -0.0000, 1.9353,0.0000, 0.0000, 0.0000, 1.0000///L_UwaMabuta_Joint
L_UpEyelid1///1.0000, 0.0000, 0.0000, 0.0286,0.0000, -0.0000, -1.0000, -0.1324,-0.0000, 1.0000, -0.0000, 1.9345,0.0000, 0.0000, 0.0000, 1.0000///L_UwaMabuta_Joint
L_Eyecorner///1.0000, 0.0000, -0.0000, 0.0552,-0.0000, 0.0000, -1.0000, -0.1154,-0.0000, 1.0000, 0.0000, 1.9182,0.0000, 0.0000, 0.0000, 1.0000///HEAD
L_Eye_Joint///1.0000, 0.0000, -0.0000, 0.0339,-0.0000, -0.0000, -1.0000, -0.1122,-0.0000, 1.0000, -0.0000, 1.9295,0.0000, 0.0000, 0.0000, 1.0000///HEAD
R_Eye_Joint///1.0000, 0.0000, -0.0000, -0.0339,-0.0000, 0.0000, -1.0000, -0.1122,-0.0000, 1.0000, 0.0000, 1.9295,0.0000, 0.0000, 0.0000, 1.0000///HEAD
R_SitaMabuta_Joint///1.0000, 0.0000, -0.0000, -0.0339,-0.0000, 0.0000, -1.0000, -0.1122,-0.0000, 1.0000, 0.0000, 1.9291,0.0000, 0.0000, 0.0000, 1.0000///HEAD
R_LowEyelid1///1.0000, 0.0000, -0.0000, -0.0311,-0.0000, 0.0000, -1.0000, -0.1309,-0.0000, 1.0000, 0.0000, 1.9216,0.0000, 0.0000, 0.0000, 1.0000///R_SitaMabuta_Joint
R_LowEyelid2///1.0000, 0.0000, -0.0000, -0.0475,-0.0000, 0.0000, -1.0000, -0.1265,-0.0000, 1.0000, 0.0000, 1.9244,0.0000, 0.0000, 0.0000, 1.0000///R_SitaMabuta_Joint
L_SitaMabuta_Joint///1.0000, 0.0000, -0.0000, 0.0339,-0.0000, 0.0000, -1.0000, -0.1122,-0.0000, 1.0000, 0.0000, 1.9291,0.0000, 0.0000, 0.0000, 1.0000///HEAD
L_LowEyelid2///1.0000, 0.0000, -0.0000, 0.0475,-0.0000, 0.0000, -1.0000, -0.1265,-0.0000, 1.0000, 0.0000, 1.9244,0.0000, 0.0000, 0.0000, 1.0000///L_SitaMabuta_Joint
L_LowEyelid1///1.0000, 0.0000, -0.0000, 0.0311,-0.0000, 0.0000, -1.0000, -0.1309,-0.0000, 1.0000, 0.0000, 1.9216,0.0000, 0.0000, 0.0000, 1.0000///L_SitaMabuta_Joint
L_Hoho_Joint///1.0000, 0.0000, -0.0000, 0.0605,-0.0000, 0.0000, -1.0000, -0.1194,-0.0000, 1.0000, 0.0000, 1.9067,0.0000, 0.0000, 0.0000, 1.0000///HEAD
L_Hana_Joint///1.0000, 0.0000, -0.0000, 0.0194,-0.0000, 0.0000, -1.0000, -0.1382,-0.0000, 1.0000, 0.0000, 1.9081,0.0000, 0.0000, 0.0000, 1.0000///HEAD
R_Hana_Joint///1.0000, 0.0000, -0.0000, -0.0194,-0.0000, 0.0000, -1.0000, -0.1382,-0.0000, 1.0000, 0.0000, 1.9081,0.0000, 0.0000, 0.0000, 1.0000///HEAD
R_Hoho_Joint///1.0000, 0.0000, -0.0000, -0.0605,-0.0000, 0.0000, -1.0000, -0.1194,-0.0000, 1.0000, 0.0000, 1.9067,0.0000, 0.0000, 0.0000, 1.0000///HEAD
L_Kobana_Joint///1.0000, 0.0000, -0.0000, 0.0159,-0.0000, 0.0000, -1.0000, -0.1420,-0.0000, 1.0000, 0.0000, 1.8833,0.0000, 0.0000, 0.0000, 1.0000///HEAD
R_Kobana_Joint///1.0000, 0.0000, -0.0000, -0.0159,-0.0000, 0.0000, -1.0000, -0.1420,-0.0000, 1.0000, 0.0000, 1.8833,0.0000, 0.0000, 0.0000, 1.0000///HEAD
L_Chobo_Joint///1.0000, 0.0000, -0.0000, 0.0692,-0.0000, 0.0000, -1.0000, -0.0902,-0.0000, 1.0000, 0.0000, 1.8654,0.0000, 0.0000, 0.0000, 1.0000///HEAD
R_Chobo_Joint///1.0000, 0.0000, -0.0000, -0.0692,-0.0000, 0.0000, -1.0000, -0.0902,-0.0000, 1.0000, 0.0000, 1.8654,0.0000, 0.0000, 0.0000, 1.0000///HEAD
L_LipU_Joint///1.0000, 0.0000, -0.0000, 0.0179,-0.0000, 0.0000, -1.0000, -0.1353,-0.0000, 1.0000, 0.0000, 1.8577,0.0000, 0.0000, 0.0000, 1.0000///HEAD
R_LipU_Joint///1.0000, 0.0000, -0.0000, -0.0179,-0.0000, 0.0000, -1.0000, -0.1353,-0.0000, 1.0000, 0.0000, 1.8577,0.0000, 0.0000, 0.0000, 1.0000///HEAD
M_LipU_Joint///1.0000, 0.0000, -0.0000, -0.0000,-0.0000, 0.0000, -1.0000, -0.1410,-0.0000, 1.0000, 0.0000, 1.8596,0.0000, 0.0000, 0.0000, 1.0000///HEAD
Jaw_Joint///1.0000, 0.0000, -0.0000, -0.0000,-0.0000, 0.0000, -1.0000, -0.0491,-0.0000, 1.0000, 0.0000, 1.8816,0.0000, 0.0000, 0.0000, 1.0000///HEAD
L_LipD_Joint///1.0000, 0.0000, -0.0000, 0.0168,-0.0000, 0.0000, -1.0000, -0.1331,-0.0000, 1.0000, 0.0000, 1.8368,0.0000, 0.0000, 0.0000, 1.0000///Jaw_Joint
R_LipD_Joint///1.0000, 0.0000, -0.0000, -0.0168,-0.0000, 0.0000, -1.0000, -0.1331,-0.0000, 1.0000, 0.0000, 1.8368,0.0000, 0.0000, 0.0000, 1.0000///Jaw_Joint
M_LipD_Joint///1.0000, 0.0000, -0.0000, -0.0000,-0.0000, 0.0000, -1.0000, -0.1361,-0.0000, 1.0000, 0.0000, 1.8358,0.0000, 0.0000, 0.0000, 1.0000///Jaw_Joint
L_LipE_Joint///1.0000, 0.0000, -0.0000, 0.0291,-0.0000, 0.0000, -1.0000, -0.1245,-0.0000, 1.0000, 0.0000, 1.8426,0.0000, 0.0000, 0.0000, 1.0000///Jaw_Joint
R_LipE_Joint///1.0000, -0.0000, -0.0000, -0.0291,-0.0000, 0.0000, -1.0000, -0.1245,0.0000, 1.0000, -0.0000, 1.8426,0.0000, 0.0000, 0.0000, 1.0000///Jaw_Joint
Bero1_Joint///0.0000, -0.0000, -1.0000, -0.0000,-1.0000, -0.0000, -0.0000, -0.0810,-0.0000, 1.0000, -0.0000, 1.8510,0.0000, 0.0000, 0.0000, 1.0000///Jaw_Joint
Bero1_Joint_pos///1.0000, 0.0000, 0.0000, -0.0000,0.0000, 0.0000, -1.0000, -0.1027,-0.0000, 1.0000, -0.0000, 1.8513,0.0000, 0.0000, 0.0000, 1.0000///Bero1_Joint
Bero2_Joint///-0.0000, 0.0001, -1.0000, -0.0000,-0.9158, -0.4016, -0.0000, -0.1027,-0.4016, 0.9158, 0.0001, 1.8513,0.0000, 0.0000, 0.0000, 1.0000///Bero1_Joint_pos
Bero3_Joint///1.0000, 0.0001, 0.0000, -0.0000,0.0000, 0.0000, -1.0000, -0.1245,-0.0001, 1.0000, -0.0000, 1.8448,0.0000, 0.0000, 0.0000, 1.0000///Bero2_Joint
Neck__offset///0.0000, -0.0000, 1.0000, 0.0000,-0.0000, -1.0000, -0.0000, 0.0000,1.0000, -0.0000, -0.0000, 1.6943,0.0000, 0.0000, 0.0000, 1.0000///Neck
Neck_back__offset///0.0000, -0.0000, 1.0000, 0.0000,-0.0000, -1.0000, -0.0000, 0.0000,1.0000, -0.0000, -0.0000, 1.6945,0.0000, 0.0000, 0.0000, 1.0000///Neck
Neck_OPT001///0.0000, 0.0000, 1.0000, -0.0000,0.8368, 0.5475, -0.0000, 0.0696,-0.5475, 0.8368, 0.0000, 1.8386,0.0000, 0.0000, 0.0000, 1.0000///Neck
Neck_OPT002end///0.0000, -0.0000, 1.0000, -0.0000,-0.0000, -1.0000, -0.0000, 0.2021,1.0000, -0.0000, -0.0000, 1.7519,0.0000, 0.0000, 0.0000, 1.0000///Neck_OPT001
L_Shoulder///1.0000, -0.0000, -0.0000, 0.1219,-0.0000, 0.0000, -1.0000, 0.0000,0.0000, 1.0000, -0.0000, 1.6456,0.0000, 0.0000, 0.0000, 1.0000///Spine2
L_Arm///1.0000, -0.0000, -0.0000, 0.2584,0.0000, 1.0000, 0.0000, 0.0000,0.0000, -0.0000, 1.0000, 1.6457,0.0000, 0.0000, 0.0000, 1.0000///L_Shoulder
L_ForeArm///1.0000, 0.0000, -0.0000, 0.5949,-0.0000, 1.0000, 0.0000, 0.0000,0.0000, -0.0000, 1.0000, 1.6457,0.0000, 0.0000, 0.0000, 1.0000///L_Arm
L_Hand///1.0000, -0.0000, -0.0000, 0.8528,-0.0000, 0.0000, -1.0000, 0.0000,0.0000, 1.0000, 0.0000, 1.6457,0.0000, 0.0000, 0.0000, 1.0000///L_ForeArm
L_FingerBase///1.0000, -0.0000, -0.0000, 0.8587,-0.0000, 0.0000, -1.0000, -0.0234,0.0000, 1.0000, 0.0000, 1.6457,0.0000, 0.0000, 0.0000, 1.0000///L_Hand
L_Middle///1.0000, -0.0000, -0.0000, 0.8587,-0.0000, 0.0000, -1.0000, -0.0117,0.0000, 1.0000, 0.0000, 1.6457,0.0000, 0.0000, 0.0000, 1.0000///L_FingerBase
L_Ring///1.0000, -0.0000, -0.0000, 0.8587,-0.0000, 0.0000, -1.0000, 0.0000,0.0000, 1.0000, 0.0000, 1.6457,0.0000, 0.0000, 0.0000, 1.0000///L_Middle
L_Pinky///1.0000, -0.0000, -0.0000, 0.8587,-0.0000, 0.0000, -1.0000, 0.0117,0.0000, 1.0000, 0.0000, 1.6457,0.0000, 0.0000, 0.0000, 1.0000///L_Ring
L_Pinky1///1.0000, -0.0000, -0.0000, 0.9791,-0.0000, 0.0000, -1.0000, 0.0450,0.0000, 1.0000, 0.0000, 1.6475,0.0000, 0.0000, 0.0000, 1.0000///L_Pinky
L_Pinky2///1.0000, -0.0000, -0.0000, 1.0352,-0.0000, 0.0000, -1.0000, 0.0450,0.0000, 1.0000, 0.0000, 1.6475,0.0000, 0.0000, 0.0000, 1.0000///L_Pinky1
L_Pinky3///1.0000, -0.0000, -0.0000, 1.0607,-0.0000, 0.0000, -1.0000, 0.0450,0.0000, 1.0000, 0.0000, 1.6475,0.0000, 0.0000, 0.0000, 1.0000///L_Pinky2
L_Pinky4__null///1.0000, -0.0000, -0.0000, 1.0958,-0.0000, 0.0000, -1.0000, 0.0450,0.0000, 1.0000, 0.0000, 1.6475,0.0000, 0.0000, 0.0000, 1.0000///L_Pinky3
L_Ring1///1.0000, -0.0000, -0.0000, 0.9947,-0.0000, 0.0000, -1.0000, 0.0168,0.0000, 1.0000, 0.0000, 1.6497,0.0000, 0.0000, 0.0000, 1.0000///L_Ring
L_Ring2///1.0000, -0.0000, -0.0000, 1.0569,-0.0000, 0.0000, -1.0000, 0.0168,0.0000, 1.0000, 0.0000, 1.6497,0.0000, 0.0000, 0.0000, 1.0000///L_Ring1
L_Ring3///1.0000, -0.0000, -0.0000, 1.0935,-0.0000, 0.0000, -1.0000, 0.0168,0.0000, 1.0000, 0.0000, 1.6497,0.0000, 0.0000, 0.0000, 1.0000///L_Ring2
L_Ring4__null///1.0000, -0.0000, -0.0000, 1.1286,-0.0000, 0.0000, -1.0000, 0.0168,0.0000, 1.0000, 0.0000, 1.6497,0.0000, 0.0000, 0.0000, 1.0000///L_Ring3
L_Middle1///1.0000, -0.0000, -0.0000, 0.9988,-0.0000, 0.0000, -1.0000, -0.0150,0.0000, 1.0000, 0.0000, 1.6519,0.0000, 0.0000, 0.0000, 1.0000///L_Middle
L_Middle2///1.0000, -0.0000, -0.0000, 1.0672,-0.0000, 0.0000, -1.0000, -0.0150,0.0000, 1.0000, 0.0000, 1.6519,0.0000, 0.0000, 0.0000, 1.0000///L_Middle1
L_Middle3///1.0000, -0.0000, -0.0000, 1.1071,-0.0000, 0.0000, -1.0000, -0.0150,0.0000, 1.0000, 0.0000, 1.6519,0.0000, 0.0000, 0.0000, 1.0000///L_Middle2
L_Middle4__null///1.0000, -0.0000, -0.0000, 1.1422,-0.0000, 0.0000, -1.0000, -0.0150,0.0000, 1.0000, 0.0000, 1.6519,0.0000, 0.0000, 0.0000, 1.0000///L_Middle3
L_Index1///1.0000, -0.0000, -0.0000, 0.9988,-0.0000, 0.0000, -1.0000, -0.0482,0.0000, 1.0000, 0.0000, 1.6519,0.0000, 0.0000, 0.0000, 1.0000///L_FingerBase
L_Index2///1.0000, -0.0000, -0.0000, 1.0636,-0.0000, 0.0000, -1.0000, -0.0482,0.0000, 1.0000, 0.0000, 1.6519,0.0000, 0.0000, 0.0000, 1.0000///L_Index1
L_Index3///1.0000, -0.0000, -0.0000, 1.1011,-0.0000, 0.0000, -1.0000, -0.0482,0.0000, 1.0000, 0.0000, 1.6519,0.0000, 0.0000, 0.0000, 1.0000///L_Index2
L_Index4__null///1.0000, -0.0000, -0.0000, 1.1362,-0.0000, 0.0000, -1.0000, -0.0482,0.0000, 1.0000, 0.0000, 1.6519,0.0000, 0.0000, 0.0000, 1.0000///L_Index3
L_Thumb1///0.8053, -0.2750, -0.5252, 0.8813,-0.5122, -0.7689, -0.3827, -0.0522,-0.2986, 0.5772, -0.7601, 1.6285,0.0000, 0.0000, 0.0000, 1.0000///L_FingerBase
L_Thumb2///0.8053, -0.2750, -0.5252, 0.9424,-0.5122, -0.7689, -0.3827, -0.0911,-0.2986, 0.5772, -0.7601, 1.6059,0.0000, 0.0000, 0.0000, 1.0000///L_Thumb1
L_Thumb3///0.8053, -0.2750, -0.5252, 0.9793,-0.5122, -0.7689, -0.3827, -0.1146,-0.2986, 0.5772, -0.7601, 1.5922,0.0000, 0.0000, 0.0000, 1.0000///L_Thumb2
L_Thumb4__null///0.8053, -0.2750, -0.5252, 1.0076,-0.5122, -0.7689, -0.3827, -0.1326,-0.2986, 0.5772, -0.7601, 1.5817,0.0000, 0.0000, 0.0000, 1.0000///L_Thumb3
HLP_L_ForeArm_Mid__offset///1.0000, -0.0000, -0.0000, 0.7407,-0.0000, 0.0000, -1.0000, 0.0000,0.0000, 1.0000, 0.0000, 1.6457,0.0000, 0.0000, 0.0000, 1.0000///L_ForeArm
HLP_L_ForeArm_Btm__offset///1.0000, -0.0000, -0.0000, 0.8304,-0.0000, 0.0000, -1.0000, 0.0000,0.0000, 1.0000, 0.0000, 1.6457,0.0000, 0.0000, 0.0000, 1.0000///L_ForeArm
HLP_L_Elbow__offset///1.0000, 0.0000, -0.0000, 0.5949,-0.0000, 1.0000, 0.0000, 0.0344,0.0000, -0.0000, 1.0000, 1.6457,0.0000, 0.0000, 0.0000, 1.0000///L_ForeArm
L_ForeArm_Slide__offset///1.0000, -0.0000, -0.0000, 0.7157,0.0000, 1.0000, 0.0000, 0.0000,0.0000, -0.0000, 1.0000, 1.6457,0.0000, 0.0000, 0.0000, 1.0000///L_ForeArm
L_ForeArm__offset///1.0000, 0.0000, -0.0000, 0.5950,-0.0000, 1.0000, 0.0000, 0.0000,0.0000, -0.0000, 1.0000, 1.6457,0.0000, 0.0000, 0.0000, 1.0000///L_ForeArm
HLP_L_Arm_Top__offset///1.0000, 0.0000, -0.0000, 0.2585,0.0000, 1.0000, 0.0000, 0.0000,0.0000, 0.0000, 1.0000, 1.6457,0.0000, 0.0000, 0.0000, 1.0000///L_Arm
HLP_L_Arm_Mid__offset///1.0000, -0.0000, -0.0000, 0.4153,0.0000, 1.0000, 0.0000, 0.0000,0.0000, -0.0000, 1.0000, 1.6457,0.0000, 0.0000, 0.0000, 1.0000///L_Arm
L_Bicep_Slide__offset///1.0000, -0.0000, -0.0000, 0.4373,0.0000, 1.0000, 0.0000, -0.0017,0.0000, -0.0000, 1.0000, 1.6457,0.0000, 0.0000, 0.0000, 1.0000///L_Arm
L_Tricep_Slide__offset///1.0000, -0.0000, -0.0000, 0.4373,0.0000, 1.0000, 0.0000, 0.0005,0.0000, -0.0000, 1.0000, 1.6457,0.0000, 0.0000, 0.0000, 1.0000///L_Arm
L_Arm_Btm__offset///1.0000, -0.0000, -0.0000, 0.5948,0.0000, 1.0000, 0.0000, 0.0000,0.0000, -0.0000, 1.0000, 1.6457,0.0000, 0.0000, 0.0000, 1.0000///L_Arm
HLP_L_ShldrBlade__offset///1.0000, -0.0000, -0.0000, 0.1799,0.0000, 1.0000, 0.0000, -0.0011,0.0000, -0.0000, 1.0000, 1.6225,0.0000, 0.0000, 0.0000, 1.0000///L_Shoulder
HLP_L_Shldr_B__offset///1.0000, -0.0000, -0.0000, 0.2583,0.0000, 1.0000, 0.0000, 0.0000,0.0000, -0.0000, 1.0000, 1.6457,0.0000, 0.0000, 0.0000, 1.0000///L_Shoulder
R_Shoulder///-1.0000, -0.0000, -0.0000, -0.1219,0.0000, 0.0000, -1.0000, 0.0000,0.0000, -1.0000, -0.0000, 1.6457,0.0000, 0.0000, 0.0000, 1.0000///Spine2
R_Arm///-1.0000, 0.0000, 0.0000, -0.2584,0.0000, 1.0000, -0.0000, 0.0000,-0.0000, -0.0000, -1.0000, 1.6457,0.0000, 0.0000, 0.0000, 1.0000///R_Shoulder
R_ForeArm///-1.0000, -0.0000, 0.0000, -0.5949,-0.0000, 1.0000, -0.0000, 0.0000,-0.0000, -0.0000, -1.0000, 1.6456,0.0000, 0.0000, 0.0000, 1.0000///R_Arm
R_Hand///-1.0000, 0.0000, 0.0000, -0.8528,-0.0000, -0.0000, -1.0000, 0.0000,0.0000, -1.0000, 0.0000, 1.6456,0.0000, 0.0000, 0.0000, 1.0000///R_ForeArm
R_FingerBase///-1.0000, -0.0000, 0.0000, -0.8587,-0.0000, -0.0000, -1.0000, -0.0234,0.0000, -1.0000, 0.0000, 1.6456,0.0000, 0.0000, 0.0000, 1.0000///R_Hand
R_Middle///-1.0000, -0.0000, 0.0000, -0.8587,-0.0000, -0.0000, -1.0000, -0.0117,0.0000, -1.0000, 0.0000, 1.6456,0.0000, 0.0000, 0.0000, 1.0000///R_FingerBase
R_Ring///-1.0000, -0.0000, 0.0000, -0.8587,-0.0000, -0.0000, -1.0000, 0.0000,0.0000, -1.0000, 0.0000, 1.6456,0.0000, 0.0000, 0.0000, 1.0000///R_Middle
R_Pinky///-1.0000, -0.0000, 0.0000, -0.8587,-0.0000, -0.0000, -1.0000, 0.0117,0.0000, -1.0000, 0.0000, 1.6456,0.0000, 0.0000, 0.0000, 1.0000///R_Ring
R_Pinky1///-1.0000, 0.0000, 0.0000, -0.9791,-0.0000, -0.0000, -1.0000, 0.0450,0.0000, -1.0000, 0.0000, 1.6475,0.0000, 0.0000, 0.0000, 1.0000///R_Pinky
R_Pinky2///-1.0000, 0.0000, 0.0000, -1.0352,-0.0000, -0.0000, -1.0000, 0.0450,0.0000, -1.0000, 0.0000, 1.6475,0.0000, 0.0000, 0.0000, 1.0000///R_Pinky1
R_Pinky3///-1.0000, 0.0000, 0.0000, -1.0607,-0.0000, -0.0000, -1.0000, 0.0450,0.0000, -1.0000, 0.0000, 1.6475,0.0000, 0.0000, 0.0000, 1.0000///R_Pinky2
R_Pinky4__null///-1.0000, 0.0000, 0.0000, -1.0958,-0.0000, -0.0000, -1.0000, 0.0450,0.0000, -1.0000, 0.0000, 1.6475,0.0000, 0.0000, 0.0000, 1.0000///R_Pinky3
R_Ring1///-1.0000, 0.0000, 0.0000, -0.9947,-0.0000, -0.0000, -1.0000, 0.0168,0.0000, -1.0000, 0.0000, 1.6497,0.0000, 0.0000, 0.0000, 1.0000///R_Ring
R_Ring2///-1.0000, 0.0000, 0.0000, -1.0569,-0.0000, -0.0000, -1.0000, 0.0168,0.0000, -1.0000, 0.0000, 1.6497,0.0000, 0.0000, 0.0000, 1.0000///R_Ring1
R_Ring3///-1.0000, 0.0000, 0.0000, -1.0935,-0.0000, -0.0000, -1.0000, 0.0168,0.0000, -1.0000, 0.0000, 1.6497,0.0000, 0.0000, 0.0000, 1.0000///R_Ring2
R_Ring4__null///-1.0000, 0.0000, 0.0000, -1.1286,-0.0000, -0.0000, -1.0000, 0.0168,0.0000, -1.0000, 0.0000, 1.6497,0.0000, 0.0000, 0.0000, 1.0000///R_Ring3
R_Middle1///-1.0000, 0.0000, 0.0000, -0.9988,-0.0000, -0.0000, -1.0000, -0.0150,0.0000, -1.0000, 0.0000, 1.6519,0.0000, 0.0000, 0.0000, 1.0000///R_Middle
R_Middle2///-1.0000, 0.0000, 0.0000, -1.0672,-0.0000, -0.0000, -1.0000, -0.0150,0.0000, -1.0000, 0.0000, 1.6519,0.0000, 0.0000, 0.0000, 1.0000///R_Middle1
R_Middle3///-1.0000, 0.0000, 0.0000, -1.1071,-0.0000, -0.0000, -1.0000, -0.0150,0.0000, -1.0000, 0.0000, 1.6519,0.0000, 0.0000, 0.0000, 1.0000///R_Middle2
R_Middle4__null///-1.0000, 0.0000, 0.0000, -1.1422,-0.0000, -0.0000, -1.0000, -0.0150,0.0000, -1.0000, 0.0000, 1.6519,0.0000, 0.0000, 0.0000, 1.0000///R_Middle3
R_Index1///-1.0000, 0.0000, 0.0000, -0.9988,-0.0000, -0.0000, -1.0000, -0.0482,0.0000, -1.0000, 0.0000, 1.6519,0.0000, 0.0000, 0.0000, 1.0000///R_FingerBase
R_Index2///-1.0000, 0.0000, 0.0000, -1.0636,-0.0000, -0.0000, -1.0000, -0.0482,0.0000, -1.0000, 0.0000, 1.6519,0.0000, 0.0000, 0.0000, 1.0000///R_Index1
R_Index3///-1.0000, 0.0000, 0.0000, -1.1011,-0.0000, -0.0000, -1.0000, -0.0482,0.0000, -1.0000, 0.0000, 1.6519,0.0000, 0.0000, 0.0000, 1.0000///R_Index2
R_Index4__null///-1.0000, 0.0000, 0.0000, -1.1362,-0.0000, -0.0000, -1.0000, -0.0482,0.0000, -1.0000, 0.0000, 1.6519,0.0000, 0.0000, 0.0000, 1.0000///R_Index3
R_Thumb1///-0.8053, -0.2750, 0.5252, -0.8813,-0.5122, 0.7689, -0.3827, -0.0522,-0.2986, -0.5772, -0.7600, 1.6285,0.0000, 0.0000, 0.0000, 1.0000///R_FingerBase
R_Thumb2///-0.8053, -0.2750, 0.5252, -0.9424,-0.5122, 0.7689, -0.3827, -0.0911,-0.2986, -0.5772, -0.7600, 1.6059,0.0000, 0.0000, 0.0000, 1.0000///R_Thumb1
R_Thumb3///-0.8053, -0.2750, 0.5252, -0.9793,-0.5122, 0.7689, -0.3827, -0.1146,-0.2986, -0.5772, -0.7600, 1.5922,0.0000, 0.0000, 0.0000, 1.0000///R_Thumb2
R_Thumb4__null///-0.8053, -0.2750, 0.5252, -1.0076,-0.5122, 0.7689, -0.3827, -0.1325,-0.2986, -0.5772, -0.7600, 1.5817,0.0000, 0.0000, 0.0000, 1.0000///R_Thumb3
HLP_R_ForeArm_Mid__offset///-1.0000, 0.0000, 0.0000, -0.7407,-0.0000, -0.0000, -1.0000, 0.0000,-0.0000, -1.0000, 0.0000, 1.6457,0.0000, 0.0000, 0.0000, 1.0000///R_ForeArm
HLP_R_ForeArm_Btm__offset///-1.0000, 0.0000, 0.0000, -0.8304,-0.0000, -0.0000, -1.0000, 0.0000,0.0000, -1.0000, 0.0000, 1.6456,0.0000, 0.0000, 0.0000, 1.0000///R_ForeArm
HLP_R_Elbow__offset///-1.0000, -0.0000, 0.0000, -0.5949,-0.0000, 1.0000, -0.0000, 0.0344,-0.0000, -0.0000, -1.0000, 1.6457,0.0000, 0.0000, 0.0000, 1.0000///R_ForeArm
R_ForeArm_Slide__offset///-1.0000, 0.0000, 0.0000, -0.7157,-0.0000, -0.0000, -1.0000, 0.0000,-0.0000, -1.0000, 0.0000, 1.6457,0.0000, 0.0000, 0.0000, 1.0000///R_ForeArm
R_ForeArm__offset///-1.0000, -0.0000, 0.0000, -0.5950,-0.0000, 1.0000, -0.0000, 0.0000,-0.0000, -0.0000, -1.0000, 1.6456,0.0000, 0.0000, 0.0000, 1.0000///R_ForeArm
HLP_R_Arm_Top__offset///-1.0000, 0.0000, -0.0000, -0.2585,0.0000, 1.0000, 0.0000, 0.0000,0.0000, 0.0000, -1.0000, 1.6457,0.0000, 0.0000, 0.0000, 1.0000///R_Arm
HLP_R_Arm_Mid__offset///-1.0000, 0.0000, 0.0000, -0.4153,0.0000, 1.0000, -0.0000, 0.0000,-0.0000, -0.0000, -1.0000, 1.6456,0.0000, 0.0000, 0.0000, 1.0000///R_Arm
R_Bicep_Slide__offset///-1.0000, 0.0000, 0.0000, -0.4373,0.0000, 1.0000, -0.0000, -0.0017,-0.0000, -0.0000, -1.0000, 1.6457,0.0000, 0.0000, 0.0000, 1.0000///R_Arm
R_Tricep_Slide__offset///-1.0000, 0.0000, 0.0000, -0.4373,0.0000, 1.0000, -0.0000, 0.0005,-0.0000, -0.0000, -1.0000, 1.6457,0.0000, 0.0000, 0.0000, 1.0000///R_Arm
R_Arm_Btm__offset///-1.0000, 0.0000, 0.0000, -0.5948,0.0000, 1.0000, -0.0000, 0.0000,-0.0000, -0.0000, -1.0000, 1.6456,0.0000, 0.0000, 0.0000, 1.0000///R_Arm
HLP_R_ShldrBlade__offset///-1.0000, 0.0000, 0.0000, -0.1799,0.0000, 1.0000, -0.0000, -0.0011,-0.0000, -0.0000, -1.0000, 1.6225,0.0000, 0.0000, 0.0000, 1.0000///R_Shoulder
HLP_R_Shldr_B__offset///-1.0000, 0.0000, 0.0000, -0.2583,0.0000, 1.0000, -0.0000, 0.0000,-0.0000, -0.0000, -1.0000, 1.6457,0.0000, 0.0000, 0.0000, 1.0000///R_Shoulder
HLP_L_CollarBone__offset///0.9707, -0.0002, 0.2402, 0.0122,0.2402, -0.0000, -0.9707, -0.0609,0.0002, 1.0000, -0.0000, 1.6456,0.0000, 0.0000, 0.0000, 1.0000///Spine2
HLP_L_Shldr_F__offset///0.9734, 0.1573, 0.1667, 0.1647,0.1656, 0.0202, -0.9860, -0.0635,-0.1584, 0.9873, -0.0064, 1.7295,0.0000, 0.0000, 0.0000, 1.0000///HLP_L_CollarBone__offset
L_Shldr_F1__null///0.9734, 0.1573, 0.1667, 0.2834,0.1656, 0.0202, -0.9860, -0.0434,-0.1584, 0.9873, -0.0064, 1.7102,0.0000, 0.0000, 0.0000, 1.0000///HLP_L_Shldr_F__offset
HLP_L_CollarBone_up__offset///0.9707, -0.0002, 0.2402, 0.0122,0.2402, -0.0000, -0.9707, -0.0608,0.0002, 1.0000, -0.0000, 1.6456,0.0000, 0.0000, 0.0000, 1.0000///HLP_L_CollarBone__offset
L_CollarBone1__null///0.9707, -0.0002, 0.2402, 0.2370,0.2402, -0.0000, -0.9707, -0.0053,0.0002, 1.0000, -0.0000, 1.6456,0.0000, 0.0000, 0.0000, 1.0000///HLP_L_CollarBone__offset
HLP_R_CollarBone__offset///-0.9707, -0.0002, -0.2402, -0.0122,0.2402, 0.0000, -0.9707, -0.0609,0.0002, -1.0000, -0.0000, 1.6456,0.0000, 0.0000, 0.0000, 1.0000///Spine2
HLP_R_Shldr_F__offset///-0.9734, -0.1573, 0.1667, -0.1647,0.1656, 0.0202, 0.9860, -0.0635,-0.1584, 0.9873, 0.0064, 1.7295,0.0000, 0.0000, 0.0000, 1.0000///HLP_R_CollarBone__offset
R_Shldr_F1__null///-0.9734, -0.1573, 0.1667, -0.2834,0.1656, 0.0202, 0.9860, -0.0434,-0.1584, 0.9873, 0.0064, 1.7102,0.0000, 0.0000, 0.0000, 1.0000///HLP_R_Shldr_F__offset
HLP_R_CollarBone_up__offset///-0.9707, -0.0002, -0.2402, -0.0122,0.2402, 0.0000, -0.9707, -0.0608,0.0002, -1.0000, 0.0000, 1.6456,0.0000, 0.0000, 0.0000, 1.0000///HLP_R_CollarBone__offset
R_CollarBone1__null///-0.9707, -0.0002, -0.2402, -0.2370,0.2402, 0.0000, -0.9707, -0.0053,0.0002, -1.0000, 0.0000, 1.6456,0.0000, 0.0000, 0.0000, 1.0000///HLP_R_CollarBone__offset
HLP_L_Pectoral__offset///0.9725, -0.2261, 0.0557, 0.0001,0.0543, -0.0126, -0.9984, -0.0232,0.2264, 0.9740, 0.0000, 1.5490,0.0000, 0.0000, 0.0000, 1.0000///Spine2
L_Pectoral__null///0.9725, -0.2261, 0.0557, 0.2372,0.0543, -0.0126, -0.9984, -0.0099,0.2264, 0.9740, -0.0000, 1.6042,0.0000, 0.0000, 0.0000, 1.0000///HLP_L_Pectoral__offset
HLP_L_Pectoral_side__offset///0.9725, -0.2261, 0.0557, 0.0001,0.0543, -0.0126, -0.9984, -0.0232,0.2264, 0.9740, -0.0000, 1.5491,0.0000, 0.0000, 0.0000, 1.0000///HLP_L_Pectoral__offset
HLP_R_Pectoral__offset///-0.9725, 0.2261, 0.0557, -0.0001,0.0543, -0.0126, 0.9984, -0.0232,0.2264, 0.9740, -0.0000, 1.5490,0.0000, 0.0000, 0.0000, 1.0000///Spine2
R_Pectoral__null///-0.9725, 0.2261, 0.0557, -0.2372,0.0543, -0.0126, 0.9984, -0.0099,0.2264, 0.9740, -0.0000, 1.6042,0.0000, 0.0000, 0.0000, 1.0000///HLP_R_Pectoral__offset
HLP_R_Pectoral_side__offset///-0.9725, 0.2261, 0.0557, -0.0001,0.0543, -0.0126, 0.9984, -0.0232,0.2264, 0.9740, -0.0000, 1.5491,0.0000, 0.0000, 0.0000, 1.0000///HLP_R_Pectoral__offset
Spine2__offset///0.0000, -0.0000, 1.0000, 0.0000,-0.0000, -1.0000, -0.0000, 0.0000,1.0000, -0.0000, -0.0000, 1.3773,0.0000, 0.0000, 0.0000, 1.0000///Spine2
Spine2_breast__offset///0.0000, -0.0000, 1.0000, 0.0000,-0.0000, -1.0000, -0.0000, 0.0001,1.0000, -0.0000, -0.0000, 1.3453,0.0000, 0.0000, 0.0000, 1.0000///Spine2__offset
Spine2up__offset///0.0000, -0.0000, 1.0000, 0.0000,-0.0000, -1.0000, -0.0000, 0.0000,1.0000, -0.0000, -0.0000, 1.3775,0.0000, 0.0000, 0.0000, 1.0000///Spine2__offset
Spine2side__offset///0.0000, -0.0000, 1.0000, 0.0000,-0.0000, -1.0000, -0.0000, 0.0000,1.0000, -0.0000, -0.0000, 1.3772,0.0000, 0.0000, 0.0000, 1.0000///Spine2
OPT0_bustL///0.3127, -0.0846, -0.9461, 0.0268,-0.9461, 0.0601, -0.3181, 0.0952,0.0838, 0.9946, -0.0612, 1.4603,0.0000, 0.0000, 0.0000, 1.0000///Spine2
OPT1_bustL///-0.3127, -0.0846, 0.9461, 0.1275,0.9461, 0.0601, 0.3181, -0.2093,-0.0838, 0.9946, 0.0612, 1.4872,0.0000, 0.0000, 0.0000, 1.0000///OPT0_bustL
OPT1_bustL_end///0.9983, -0.0464, 0.0341, 0.0987,0.0316, -0.0539, -0.9980, -0.1223,0.0482, 0.9975, -0.0523, 1.4795,0.0000, 0.0000, 0.0000, 1.0000///OPT1_bustL
OPT2_bustR///0.3127, -0.0845, -0.9461, -0.0266,0.9461, -0.0601, 0.3181, 0.0952,-0.0838, -0.9946, 0.0612, 1.4603,0.0000, 0.0000, 0.0000, 1.0000///Spine2
OPT3_bustR///-0.3127, -0.0845, 0.9461, -0.1272,-0.9461, -0.0601, -0.3181, -0.2093,0.0838, -0.9946, -0.0612, 1.4873,0.0000, 0.0000, 0.0000, 1.0000///OPT2_bustR
OPT1_bustR_end///0.9983, -0.0464, 0.0341, -0.0985,-0.0316, 0.0539, 0.9980, -0.1223,-0.0481, -0.9975, 0.0523, 1.4796,0.0000, 0.0000, 0.0000, 1.0000///OPT3_bustR
Spine1__offset///0.0000, -0.0000, 1.0000, 0.0000,-0.0000, -1.0000, -0.0000, 0.0000,1.0000, -0.0000, -0.0000, 1.2189,0.0000, 0.0000, 0.0000, 1.0000///Spine1
Spine1_front__offset///0.0000, -0.0000, 1.0000, 0.0000,-0.0000, -1.0000, -0.0000, 0.0000,1.0000, -0.0000, -0.0000, 1.2191,0.0000, 0.0000, 0.0000, 1.0000///Spine1
Hip///-0.0000, -0.0000, 1.0000, 0.0000,-0.0000, 1.0000, 0.0000, 0.0000,-1.0000, 0.0000, -0.0000, 1.2190,0.0000, 0.0000, 0.0000, 1.0000///Base
L_UpLeg///0.0000, 0.0000, 1.0000, 0.1060,-0.0001, 1.0000, -0.0000, -0.0000,-1.0000, -0.0001, 0.0000, 1.0494,0.0000, 0.0000, 0.0000, 1.0000///Hip
L_Leg///0.0000, 0.0000, 1.0000, 0.1060,0.0001, 1.0000, -0.0000, -0.0000,-1.0000, 0.0001, 0.0000, 0.5830,0.0000, 0.0000, 0.0000, 1.0000///L_UpLeg
L_Foot///0.0000, 0.0000, 1.0000, 0.1060,0.0000, 1.0000, -0.0000, -0.0000,-1.0000, 0.0000, 0.0000, 0.1378,0.0000, 0.0000, 0.0000, 1.0000///L_Leg
L_Toe///-0.0000, 0.0000, 1.0000, 0.1060,-1.0000, 0.0000, -0.0000, -0.1622,-0.0000, -1.0000, 0.0000, 0.0320,0.0000, 0.0000, 0.0000, 1.0000///L_Foot
L_Toe1__null///-0.0000, 0.0000, 1.0000, 0.1060,-1.0000, 0.0000, -0.0000, -0.3000,-0.0000, -1.0000, 0.0000, 0.0320,0.0000, 0.0000, 0.0000, 1.0000///L_Toe
L_Toe__offset///-0.0000, 0.0000, 1.0000, 0.1060,-1.0000, 0.0000, -0.0000, -0.1711,-0.0000, -1.0000, 0.0000, 0.0320,0.0000, 0.0000, 0.0000, 1.0000///L_Toe
ATH_L_Toe_Btm///1.0000, 0.0000, -0.0000, 0.1060,-0.0000, 1.0000, -0.0000, -0.1696,0.0000, 0.0000, 1.0000, -0.0158,0.0000, 0.0000, 0.0000, 1.0000///L_Toe
L_Foot__offset///0.0000, 0.0000, 1.0000, 0.1060,0.0000, 1.0000, -0.0000, -0.0000,-1.0000, 0.0000, 0.0000, 0.1377,0.0000, 0.0000, 0.0000, 1.0000///L_Foot
L_Ankle__offset///0.0000, 0.0000, 1.0000, 0.1060,0.0000, 1.0000, -0.0000, -0.0000,-1.0000, 0.0000, 0.0000, 0.1379,0.0000, 0.0000, 0.0000, 1.0000///L_Foot
ATH_L_Foot_Btm///1.0000, 0.0000, 0.0000, 0.1060,-0.0000, 1.0000, -0.0000, -0.0000,-0.0000, 0.0000, 1.0000, -0.0106,0.0000, 0.0000, 0.0000, 1.0000///L_Foot
L_Calf_Slide__offset///1.0000, -0.0000, -0.0000, 0.1060,-0.0000, -0.0001, -1.0000, -0.0000,0.0000, 1.0000, -0.0001, 0.3604,0.0000, 0.0000, 0.0000, 1.0000///L_Leg
L_Leg__offset///0.0000, 0.0000, 1.0000, 0.1060,0.0001, 1.0000, -0.0000, -0.0000,-1.0000, 0.0001, 0.0000, 0.5829,0.0000, 0.0000, 0.0000, 1.0000///L_Leg
HLP_L_Knee__offset///0.0000, 0.0000, 1.0000, 0.1060,0.0000, 1.0000, -0.0000, -0.0213,-1.0000, 0.0000, 0.0000, 0.5830,0.0000, 0.0000, 0.0000, 1.0000///L_UpLeg
HLP_L_UpLeg_Top__offset///0.0000, 0.0000, 1.0000, 0.1060,0.0000, 1.0000, 0.0000, -0.0000,-1.0000, 0.0000, 0.0000, 1.0495,0.0000, 0.0000, 0.0000, 1.0000///L_UpLeg
HLP_L_UpLeg_Mid__offset///0.0000, 0.0000, 1.0000, 0.1060,-0.0000, 1.0000, -0.0000, -0.0000,-1.0000, -0.0000, 0.0000, 0.8374,0.0000, 0.0000, 0.0000, 1.0000///L_UpLeg
L_Thigh_Slide__offset///1.0000, -0.0000, -0.0000, 0.1060,-0.0000, 0.0001, -1.0000, -0.0011,0.0000, 1.0000, 0.0001, 0.8162,0.0000, 0.0000, 0.0000, 1.0000///L_UpLeg
L_UpLeg__offset///0.0000, 0.0000, 1.0000, 0.1060,-0.0001, 1.0000, -0.0000, -0.0000,-1.0000, -0.0001, 0.0000, 1.0493,0.0000, 0.0000, 0.0000, 1.0000///L_UpLeg
R_UpLeg///0.0000, 0.0000, 1.0000, -0.1060,-0.0001, 1.0000, -0.0000, -0.0000,-1.0000, -0.0001, 0.0000, 1.0494,0.0000, 0.0000, 0.0000, 1.0000///Hip
R_Leg///0.0000, 0.0000, 1.0000, -0.1060,0.0001, 1.0000, -0.0000, -0.0000,-1.0000, 0.0001, 0.0000, 0.5830,0.0000, 0.0000, 0.0000, 1.0000///R_UpLeg
R_Foot///0.0013, 0.0000, 1.0000, -0.1060,0.0000, 1.0000, -0.0000, -0.0000,-1.0000, 0.0000, 0.0013, 0.1378,0.0000, 0.0000, 0.0000, 1.0000///R_Leg
R_Toe///-0.0000, 0.0013, 1.0000, -0.1059,-1.0000, 0.0000, -0.0000, -0.1622,-0.0000, -1.0000, 0.0013, 0.0320,0.0000, 0.0000, 0.0000, 1.0000///R_Foot
R_Toe1__null///-0.0000, 0.0013, 1.0000, -0.1059,-1.0000, 0.0000, -0.0000, -0.3000,-0.0000, -1.0000, 0.0013, 0.0320,0.0000, 0.0000, 0.0000, 1.0000///R_Toe
R_Toe__offset///-0.0000, 0.0013, 1.0000, -0.1059,-1.0000, 0.0000, -0.0000, -0.1711,-0.0000, -1.0000, 0.0013, 0.0320,0.0000, 0.0000, 0.0000, 1.0000///R_Toe
ATH_R_Toe_Btm///1.0000, 0.0000, 0.0000, -0.1058,-0.0000, 1.0000, -0.0000, -0.1696,-0.0000, 0.0000, 1.0000, -0.0158,0.0000, 0.0000, 0.0000, 1.0000///R_Toe
R_Foot__offset///0.0013, 0.0000, 1.0000, -0.1060,0.0000, 1.0000, -0.0000, -0.0000,-1.0000, 0.0000, 0.0013, 0.1377,0.0000, 0.0000, 0.0000, 1.0000///R_Foot
R_Ankle__offset///-0.0013, 0.0000, 1.0000, -0.1060,-0.0000, -1.0000, -0.0000, -0.0000,1.0000, -0.0000, 0.0013, 0.1379,0.0000, 0.0000, 0.0000, 1.0000///R_Foot
ATH_R_Foot_Btm///1.0000, 0.0000, 0.0000, -0.1058,-0.0000, 1.0000, -0.0000, -0.0000,-0.0000, 0.0000, 1.0000, -0.0106,0.0000, 0.0000, 0.0000, 1.0000///R_Foot
R_Calf_Slide__offset///1.0000, -0.0000, -0.0000, -0.1060,-0.0000, -0.0001, -1.0000, -0.0000,0.0000, 1.0000, -0.0001, 0.3604,0.0000, 0.0000, 0.0000, 1.0000///R_Leg
R_Leg__offset///0.0000, 0.0000, 1.0000, -0.1060,0.0001, 1.0000, -0.0000, -0.0000,-1.0000, 0.0001, 0.0000, 0.5829,0.0000, 0.0000, 0.0000, 1.0000///R_Leg
HLP_R_Knee__offset///0.0000, 0.0000, 1.0000, -0.1060,0.0000, 1.0000, -0.0000, -0.0213,-1.0000, 0.0000, 0.0000, 0.5830,0.0000, 0.0000, 0.0000, 1.0000///R_UpLeg
HLP_R_UpLeg_Top__offset///0.0000, 0.0000, 1.0000, -0.1060,0.0000, 1.0000, 0.0000, -0.0000,-1.0000, 0.0000, 0.0000, 1.0495,0.0000, 0.0000, 0.0000, 1.0000///R_UpLeg
HLP_R_UpLeg_Mid__offset///0.0000, 0.0000, 1.0000, -0.1060,-0.0000, 1.0000, -0.0000, -0.0000,-1.0000, -0.0000, 0.0000, 0.8374,0.0000, 0.0000, 0.0000, 1.0000///R_UpLeg
R_Thigh_Slide__offset///1.0000, -0.0000, -0.0000, -0.1060,-0.0000, 0.0001, -1.0000, -0.0011,0.0000, 1.0000, 0.0001, 0.8162,0.0000, 0.0000, 0.0000, 1.0000///R_UpLeg
R_UpLeg__offset///0.0000, 0.0000, 1.0000, -0.1060,-0.0001, 1.0000, -0.0000, -0.0000,-1.0000, -0.0001, 0.0000, 1.0493,0.0000, 0.0000, 0.0000, 1.0000///R_UpLeg
HLP_L_Butt__offset///0.0000, 0.0000, 1.0000, 0.1061,0.0000, 1.0000, 0.0000, 0.0001,-1.0000, 0.0000, 0.0000, 1.0493,0.0000, 0.0000, 0.0000, 1.0000///Hip
HLP_R_Butt__offset///0.0000, 0.0000, 1.0000, -0.1061,0.0000, 1.0000, 0.0000, 0.0001,-1.0000, 0.0000, 0.0000, 1.0493,0.0000, 0.0000, 0.0000, 1.0000///Hip
HLP_L_Inguinal__offset///-0.1165, -0.0101, -0.9932, 0.1770,0.0867, -0.9962, -0.0000, -0.0529,-0.9894, -0.0861, 0.1169, 1.1861,0.0000, 0.0000, 0.0000, 1.0000///Hip
L_Inguinal1__null///-0.1165, -0.0101, -0.9931, 0.1400,0.0867, -0.9962, -0.0000, -0.0253,-0.9894, -0.0861, 0.1169, 0.8715,0.0000, 0.0000, 0.0000, 1.0000///HLP_L_Inguinal__offset
HLP_R_Inguinal__offset///0.1165, 0.0101, -0.9931, -0.1770,0.0867, -0.9962, 0.0000, -0.0529,-0.9894, -0.0861, -0.1169, 1.1861,0.0000, 0.0000, 0.0000, 1.0000///Hip
R_Inguinal__null///0.1165, 0.0101, -0.9932, -0.1400,0.0867, -0.9962, -0.0000, -0.0253,-0.9894, -0.0861, -0.1169, 0.8715,0.0000, 0.0000, 0.0000, 1.0000///HLP_R_Inguinal__offset
Hip__offset///-0.0000, -0.0000, 1.0000, 0.0000,-0.0000, 1.0000, 0.0000, 0.0000,-1.0000, 0.0000, -0.0000, 1.2191,0.0000, 0.0000, 0.0000, 1.0000///Hip
Hip_front__offset///-0.0000, -0.0000, 1.0000, -0.0000,-0.0000, 1.0000, 0.0000, 0.0000,-1.0000, 0.0000, -0.0000, 1.2189,0.0000, 0.0000, 0.0000, 1.0000///Hip
Hip_OPT001///0.0000, -0.0000, 1.0000, 0.0000,0.9991, 0.0413, -0.0000, 0.1837,-0.0413, 0.9991, 0.0000, 1.0935,0.0000, 0.0000, 0.0000, 1.0000///Hip
Hip_OPT002///0.0000, -0.0000, 1.0000, 0.0000,0.9991, 0.0413, -0.0000, 0.2942,-0.0413, 0.9991, 0.0000, 1.0889,0.0000, 0.0000, 0.0000, 1.0000///Hip_OPT001
Hip_OPT003///0.0000, -0.0000, 1.0000, 0.0000,0.9991, 0.0413, -0.0000, 0.4435,-0.0413, 0.9991, 0.0000, 1.0827,0.0000, 0.0000, 0.0000, 1.0000///Hip_OPT002
Hip_OPT004///0.0000, -0.0000, 1.0000, 0.0000,0.9991, 0.0413, -0.0000, 0.5799,-0.0413, 0.9991, 0.0000, 1.0771,0.0000, 0.0000, 0.0000, 1.0000///Hip_OPT003
Hip_005end///-0.0000, 0.0413, -0.9991, 0.0000,-0.0000, 0.9991, 0.0413, 0.7163,1.0000, 0.0000, -0.0000, 1.0714,0.0000, 0.0000, 0.0000, 1.0000///Hip_OPT004
EDIT__null///1.0000, 0.0000, 0.0000, 0.0014,0.0000, 1.0000, 0.0000, 0.0000,0.0000, 0.0000, 1.0000, -0.0000,0.0000, 0.0000, 0.0000, 1.0000///MODEL_00
Deform__null///1.0000, 0.0000, 0.0000, 0.0083,0.0000, 1.0000, 0.0000, 0.0015,0.0000, 0.0000, 1.0000, -0.0002,0.0000, 0.0000, 0.0000, 1.0000///EDIT__null
