MODEL_00///1.0000, 0.0000, 0.0000, 0.0000,0.0000, 1.0000, -0.0000, 0.0000,0.0000, 0.0000, 1.0000, 0.0000,0.0000, 0.0000, 0.0000, 1.0000///
BODY_SCALE__group///1.0000, 0.0000, 0.0000, 0.0000,0.0000, 0.0000, -1.0000, 0.0000,0.0000, 1.0000, 0.0000, 0.0000,0.0000, 0.0000, 0.0000, 1.0000///MODEL_00
Base///1.0000, 0.0000, 0.0000, 0.0000,0.0000, 0.0000, -1.0000, 0.0000,0.0000, 1.0000, 0.0000, 1.2593,0.0000, 0.0000, 0.0000, 1.0000///BODY_SCALE__group
Spine1///0.0000, -0.0000, 1.0000, 0.0000,-0.0000, -1.0000, -0.0000, 0.0000,1.0000, -0.0000, -0.0000, 1.2593,0.0000, 0.0000, 0.0000, 1.0000///Base
Spine2///0.0000, -0.0000, 1.0000, 0.0000,-0.0000, -1.0000, -0.0000, 0.0000,1.0000, -0.0000, -0.0000, 1.4016,0.0000, 0.0000, 0.0000, 1.0000///Spine1
Neck///0.0000, -0.0000, 1.0000, 0.0000,-0.0000, -1.0000, -0.0000, 0.0000,1.0000, -0.0000, -0.0000, 1.6644,0.0000, 0.0000, 0.0000, 1.0000///Spine2
HEAD///0.0000, 1.0000, -0.0000, 0.0000,-1.0000, 0.0000, -0.0000, 0.0000,-0.0000, 0.0000, 1.0000, 1.8286,0.0000, 0.0000, 0.0000, 1.0000///Neck
Head__offset///-0.0000, 1.0000, -0.0000, 0.0000,-1.0000, -0.0000, 0.0003, 0.0000,0.0003, 0.0000, 1.0000, 1.8288,0.0000, 0.0000, 0.0000, 1.0000///HEAD
ATH_Head_Top///1.0000, 0.0000, 0.0000, -0.0000,-0.0000, 1.0000, -0.0000, 0.0000,-0.0000, 0.0000, 1.0000, 2.0150,0.0000, 0.0000, 0.0000, 1.0000///HEAD
L_Mayu2_Joint///1.0000, 0.0000, -0.0000, 0.0400,-0.0000, 0.0000, -1.0000, -0.1223,0.0000, 1.0000, 0.0000, 1.8969,0.0000, 0.0000, 0.0000, 1.0000///HEAD
L_Mayu3_Joint///1.0000, 0.0000, -0.0000, 0.0578,-0.0000, 0.0000, -1.0000, -0.0979,-0.0000, 1.0000, 0.0000, 1.8949,0.0000, 0.0000, 0.0000, 1.0000///HEAD
L_Mayu1_Joint///1.0000, 0.0000, -0.0000, 0.0158,-0.0000, 0.0000, -1.0000, -0.1283,-0.0000, 1.0000, 0.0000, 1.8914,0.0000, 0.0000, 0.0000, 1.0000///HEAD
R_Mayu3_Joint///1.0000, 0.0000, -0.0000, -0.0578,-0.0000, 0.0000, -1.0000, -0.0979,0.0000, 1.0000, 0.0000, 1.8949,0.0000, 0.0000, 0.0000, 1.0000///HEAD
R_Mayu2_Joint///1.0000, 0.0000, -0.0000, -0.0400,-0.0000, 0.0000, -1.0000, -0.1223,0.0000, 1.0000, 0.0000, 1.8969,0.0000, 0.0000, 0.0000, 1.0000///HEAD
R_Mayu1_Joint///1.0000, 0.0000, -0.0000, -0.0158,-0.0000, 0.0000, -1.0000, -0.1283,-0.0000, 1.0000, 0.0000, 1.8914,0.0000, 0.0000, 0.0000, 1.0000///HEAD
R_Eyecorner///1.0000, 0.0000, -0.0000, -0.0501,-0.0000, 0.0000, -1.0000, -0.1047,0.0000, 1.0000, 0.0000, 1.8735,0.0000, 0.0000, 0.0000, 1.0000///HEAD
R_UwaMabuta_Joint///1.0000, 0.0000, -0.0000, -0.0336,-0.0000, 0.0000, -1.0000, -0.0957,0.0000, 1.0000, 0.0000, 1.8788,0.0000, 0.0000, 0.0000, 1.0000///HEAD
R_UpEyelid1///1.0000, 0.0000, -0.0000, -0.0288,-0.0000, 0.0000, -1.0000, -0.1140,-0.0000, 1.0000, 0.0000, 1.8834,0.0000, 0.0000, 0.0000, 1.0000///R_UwaMabuta_Joint
R_UpEyelid2///1.0000, 0.0000, -0.0000, -0.0445,-0.0000, 0.0000, -1.0000, -0.1106,-0.0000, 1.0000, 0.0000, 1.8841,0.0000, 0.0000, 0.0000, 1.0000///R_UwaMabuta_Joint
L_UwaMabuta_Joint///1.0000, 0.0000, -0.0000, 0.0336,-0.0000, -0.0000, -1.0000, -0.0957,-0.0000, 1.0000, -0.0000, 1.8788,0.0000, 0.0000, 0.0000, 1.0000///HEAD
L_UpEyelid2///1.0000, 0.0000, 0.0000, 0.0445,0.0000, -0.0000, -1.0000, -0.1106,-0.0000, 1.0000, -0.0000, 1.8841,0.0000, 0.0000, 0.0000, 1.0000///L_UwaMabuta_Joint
L_UpEyelid1///1.0000, 0.0000, 0.0000, 0.0288,0.0000, -0.0000, -1.0000, -0.1140,-0.0000, 1.0000, -0.0000, 1.8834,0.0000, 0.0000, 0.0000, 1.0000///L_UwaMabuta_Joint
L_Eyecorner///1.0000, 0.0000, -0.0000, 0.0501,-0.0000, 0.0000, -1.0000, -0.1047,0.0000, 1.0000, 0.0000, 1.8735,0.0000, 0.0000, 0.0000, 1.0000///HEAD
L_Eye_Joint///1.0000, 0.0000, -0.0000, 0.0336,-0.0000, -0.0000, -1.0000, -0.0957,-0.0000, 1.0000, -0.0000, 1.8788,0.0000, 0.0000, 0.0000, 1.0000///HEAD
R_Eye_Joint///1.0000, 0.0000, -0.0000, -0.0336,-0.0000, 0.0000, -1.0000, -0.0957,0.0000, 1.0000, 0.0000, 1.8788,0.0000, 0.0000, 0.0000, 1.0000///HEAD
R_SitaMabuta_Joint///1.0000, 0.0000, -0.0000, -0.0336,-0.0000, 0.0000, -1.0000, -0.0957,0.0000, 1.0000, 0.0000, 1.8787,0.0000, 0.0000, 0.0000, 1.0000///HEAD
R_LowEyelid1///1.0000, 0.0000, -0.0000, -0.0310,-0.0000, 0.0000, -1.0000, -0.1127,-0.0000, 1.0000, 0.0000, 1.8720,0.0000, 0.0000, 0.0000, 1.0000///R_SitaMabuta_Joint
R_LowEyelid2///1.0000, 0.0000, -0.0000, -0.0460,-0.0000, 0.0000, -1.0000, -0.1087,-0.0000, 1.0000, 0.0000, 1.8745,0.0000, 0.0000, 0.0000, 1.0000///R_SitaMabuta_Joint
L_SitaMabuta_Joint///1.0000, 0.0000, -0.0000, 0.0336,-0.0000, 0.0000, -1.0000, -0.0957,0.0000, 1.0000, 0.0000, 1.8787,0.0000, 0.0000, 0.0000, 1.0000///HEAD
L_LowEyelid2///1.0000, 0.0000, -0.0000, 0.0460,-0.0000, 0.0000, -1.0000, -0.1087,-0.0000, 1.0000, 0.0000, 1.8745,0.0000, 0.0000, 0.0000, 1.0000///L_SitaMabuta_Joint
L_LowEyelid1///1.0000, 0.0000, -0.0000, 0.0310,-0.0000, 0.0000, -1.0000, -0.1127,-0.0000, 1.0000, 0.0000, 1.8720,0.0000, 0.0000, 0.0000, 1.0000///L_SitaMabuta_Joint
L_Hoho_Joint///1.0000, 0.0000, -0.0000, 0.0544,-0.0000, 0.0000, -1.0000, -0.1057,0.0000, 1.0000, 0.0000, 1.8548,0.0000, 0.0000, 0.0000, 1.0000///HEAD
L_Hana_Joint///1.0000, 0.0000, -0.0000, 0.0193,-0.0000, 0.0000, -1.0000, -0.1186,-0.0000, 1.0000, 0.0000, 1.8582,0.0000, 0.0000, 0.0000, 1.0000///HEAD
R_Hana_Joint///1.0000, 0.0000, -0.0000, -0.0193,-0.0000, 0.0000, -1.0000, -0.1186,-0.0000, 1.0000, 0.0000, 1.8582,0.0000, 0.0000, 0.0000, 1.0000///HEAD
R_Hoho_Joint///1.0000, 0.0000, -0.0000, -0.0544,-0.0000, 0.0000, -1.0000, -0.1057,0.0000, 1.0000, 0.0000, 1.8548,0.0000, 0.0000, 0.0000, 1.0000///HEAD
L_Kobana_Joint///1.0000, 0.0000, -0.0000, 0.0161,-0.0000, 0.0000, -1.0000, -0.1253,-0.0000, 1.0000, 0.0000, 1.8364,0.0000, 0.0000, 0.0000, 1.0000///HEAD
R_Kobana_Joint///1.0000, 0.0000, -0.0000, -0.0161,-0.0000, 0.0000, -1.0000, -0.1253,-0.0000, 1.0000, 0.0000, 1.8364,0.0000, 0.0000, 0.0000, 1.0000///HEAD
L_Chobo_Joint///1.0000, 0.0000, -0.0000, 0.0571,-0.0000, 0.0000, -1.0000, -0.0764,0.0000, 1.0000, 0.0000, 1.8171,0.0000, 0.0000, 0.0000, 1.0000///HEAD
R_Chobo_Joint///1.0000, 0.0000, -0.0000, -0.0571,-0.0000, 0.0000, -1.0000, -0.0764,0.0000, 1.0000, 0.0000, 1.8171,0.0000, 0.0000, 0.0000, 1.0000///HEAD
L_LipU_Joint///1.0000, 0.0000, -0.0000, 0.0179,-0.0000, 0.0000, -1.0000, -0.1209,-0.0000, 1.0000, 0.0000, 1.8127,0.0000, 0.0000, 0.0000, 1.0000///HEAD
R_LipU_Joint///1.0000, 0.0000, -0.0000, -0.0179,-0.0000, 0.0000, -1.0000, -0.1209,-0.0000, 1.0000, 0.0000, 1.8127,0.0000, 0.0000, 0.0000, 1.0000///HEAD
M_LipU_Joint///1.0000, 0.0000, -0.0000, -0.0000,-0.0000, 0.0000, -1.0000, -0.1262,-0.0000, 1.0000, 0.0000, 1.8153,0.0000, 0.0000, 0.0000, 1.0000///HEAD
Jaw_Joint///1.0000, 0.0000, -0.0000, -0.0000,-0.0000, 0.0000, -1.0000, -0.0341,-0.0000, 1.0000, 0.0000, 1.8279,0.0000, 0.0000, 0.0000, 1.0000///HEAD
L_LipD_Joint///1.0000, 0.0000, -0.0000, 0.0186,-0.0000, 0.0000, -1.0000, -0.1165,-0.0000, 1.0000, 0.0000, 1.7943,0.0000, 0.0000, 0.0000, 1.0000///Jaw_Joint
R_LipD_Joint///1.0000, 0.0000, -0.0000, -0.0187,-0.0000, 0.0000, -1.0000, -0.1165,-0.0000, 1.0000, 0.0000, 1.7943,0.0000, 0.0000, 0.0000, 1.0000///Jaw_Joint
M_LipD_Joint///1.0000, 0.0000, -0.0000, -0.0000,-0.0000, 0.0000, -1.0000, -0.1235,-0.0000, 1.0000, 0.0000, 1.7944,0.0000, 0.0000, 0.0000, 1.0000///Jaw_Joint
L_LipE_Joint///1.0000, 0.0000, -0.0000, 0.0277,-0.0000, 0.0000, -1.0000, -0.1098,-0.0000, 1.0000, 0.0000, 1.7987,0.0000, 0.0000, 0.0000, 1.0000///Jaw_Joint
R_LipE_Joint///1.0000, -0.0000, -0.0000, -0.0277,-0.0000, 0.0000, -1.0000, -0.1098,0.0000, 1.0000, -0.0000, 1.7987,0.0000, 0.0000, 0.0000, 1.0000///Jaw_Joint
Bero1_Joint///-0.0002, 0.0008, -1.0000, -0.0000,-0.9772, -0.2124, 0.0000, -0.0690,-0.2124, 0.9772, 0.0008, 1.8053,0.0000, 0.0000, 0.0000, 1.0000///Jaw_Joint
Bero1_Joint_pos///-0.0000, 0.0000, -1.0000, -0.0000,-0.9588, -0.2841, -0.0000, -0.0885,-0.2841, 0.9588, 0.0000, 1.8067,0.0000, 0.0000, 0.0000, 1.0000///Bero1_Joint
Bero2_Joint///-0.0000, 0.0000, -1.0000, -0.0000,-0.9588, -0.2841, -0.0000, -0.0885,-0.2841, 0.9588, 0.0000, 1.8067,0.0000, 0.0000, 0.0000, 1.0000///Bero1_Joint_pos
Bero3_Joint///-0.0000, 0.0000, -1.0000, -0.0000,-0.9588, -0.2841, -0.0000, -0.1075,-0.2841, 0.9588, 0.0000, 1.8011,0.0000, 0.0000, 0.0000, 1.0000///Bero2_Joint
Neck__offset///0.0000, -0.0000, 1.0000, 0.0000,-0.0000, -1.0000, -0.0000, 0.0000,1.0000, -0.0000, -0.0000, 1.6643,0.0000, 0.0000, 0.0000, 1.0000///Neck
Neck_back__offset///0.0000, -0.0000, 1.0000, 0.0000,-0.0000, -1.0000, -0.0000, 0.0000,1.0000, -0.0000, -0.0000, 1.6645,0.0000, 0.0000, 0.0000, 1.0000///Neck
L_Shoulder///1.0000, 0.0000, -0.0000, 0.1095,-0.0000, 0.0000, -1.0000, 0.0000,-0.0000, 1.0000, -0.0000, 1.6425,0.0000, 0.0000, 0.0000, 1.0000///Spine2
L_Arm///1.0000, -0.0000, -0.0000, 0.2321,0.0000, 1.0000, 0.0000, 0.0000,0.0000, -0.0000, 1.0000, 1.6425,0.0000, 0.0000, 0.0000, 1.0000///L_Shoulder
L_ForeArm///1.0000, 0.0000, -0.0000, 0.5738,-0.0000, 1.0000, 0.0000, 0.0000,0.0000, -0.0000, 1.0000, 1.6425,0.0000, 0.0000, 0.0000, 1.0000///L_Arm
L_Hand///1.0000, 0.0000, -0.0000, 0.8357,-0.0000, 0.0000, -1.0000, 0.0000,0.0000, 1.0000, 0.0000, 1.6425,0.0000, 0.0000, 0.0000, 1.0000///L_ForeArm
L_FingerBase///1.0000, 0.0000, -0.0000, 0.8401,-0.0000, 0.0000, -1.0000, -0.0176,0.0000, 1.0000, 0.0000, 1.6425,0.0000, 0.0000, 0.0000, 1.0000///L_Hand
L_Middle///1.0000, 0.0000, -0.0000, 0.8401,-0.0000, 0.0000, -1.0000, -0.0088,0.0000, 1.0000, 0.0000, 1.6425,0.0000, 0.0000, 0.0000, 1.0000///L_FingerBase
L_Ring///1.0000, 0.0000, -0.0000, 0.8401,-0.0000, 0.0000, -1.0000, 0.0000,0.0000, 1.0000, 0.0000, 1.6425,0.0000, 0.0000, 0.0000, 1.0000///L_Middle
L_Pinky///1.0000, 0.0000, -0.0000, 0.8401,-0.0000, 0.0000, -1.0000, 0.0088,0.0000, 1.0000, 0.0000, 1.6425,0.0000, 0.0000, 0.0000, 1.0000///L_Ring
L_Pinky1///1.0000, 0.0000, -0.0000, 0.9308,-0.0000, 0.0000, -1.0000, 0.0339,0.0000, 1.0000, 0.0000, 1.6439,0.0000, 0.0000, 0.0000, 1.0000///L_Pinky
L_Pinky2///1.0000, 0.0000, -0.0000, 0.9731,-0.0000, 0.0000, -1.0000, 0.0339,0.0000, 1.0000, 0.0000, 1.6439,0.0000, 0.0000, 0.0000, 1.0000///L_Pinky1
L_Pinky3///1.0000, 0.0000, -0.0000, 0.9923,-0.0000, 0.0000, -1.0000, 0.0339,0.0000, 1.0000, 0.0000, 1.6439,0.0000, 0.0000, 0.0000, 1.0000///L_Pinky2
L_Pinky4__null///1.0000, 0.0000, -0.0000, 1.0188,-0.0000, 0.0000, -1.0000, 0.0339,0.0000, 1.0000, 0.0000, 1.6439,0.0000, 0.0000, 0.0000, 1.0000///L_Pinky3
L_Ring1///1.0000, 0.0000, -0.0000, 0.9426,-0.0000, 0.0000, -1.0000, 0.0126,0.0000, 1.0000, 0.0000, 1.6455,0.0000, 0.0000, 0.0000, 1.0000///L_Ring
L_Ring2///1.0000, 0.0000, -0.0000, 0.9894,-0.0000, 0.0000, -1.0000, 0.0126,0.0000, 1.0000, 0.0000, 1.6455,0.0000, 0.0000, 0.0000, 1.0000///L_Ring1
L_Ring3///1.0000, 0.0000, -0.0000, 1.0170,-0.0000, 0.0000, -1.0000, 0.0126,0.0000, 1.0000, 0.0000, 1.6455,0.0000, 0.0000, 0.0000, 1.0000///L_Ring2
L_Ring4__null///1.0000, 0.0000, -0.0000, 1.0435,-0.0000, 0.0000, -1.0000, 0.0126,0.0000, 1.0000, 0.0000, 1.6455,0.0000, 0.0000, 0.0000, 1.0000///L_Ring3
L_Middle1///1.0000, 0.0000, -0.0000, 0.9457,-0.0000, 0.0000, -1.0000, -0.0113,0.0000, 1.0000, 0.0000, 1.6472,0.0000, 0.0000, 0.0000, 1.0000///L_Middle
L_Middle2///1.0000, 0.0000, -0.0000, 0.9972,-0.0000, 0.0000, -1.0000, -0.0113,0.0000, 1.0000, 0.0000, 1.6472,0.0000, 0.0000, 0.0000, 1.0000///L_Middle1
L_Middle3///1.0000, 0.0000, -0.0000, 1.0272,-0.0000, 0.0000, -1.0000, -0.0113,0.0000, 1.0000, 0.0000, 1.6472,0.0000, 0.0000, 0.0000, 1.0000///L_Middle2
L_Middle4__null///1.0000, 0.0000, -0.0000, 1.0537,-0.0000, 0.0000, -1.0000, -0.0113,0.0000, 1.0000, 0.0000, 1.6472,0.0000, 0.0000, 0.0000, 1.0000///L_Middle3
L_Index1///1.0000, 0.0000, -0.0000, 0.9457,-0.0000, 0.0000, -1.0000, -0.0363,0.0000, 1.0000, 0.0000, 1.6472,0.0000, 0.0000, 0.0000, 1.0000///L_FingerBase
L_Index2///1.0000, 0.0000, -0.0000, 0.9945,-0.0000, 0.0000, -1.0000, -0.0363,0.0000, 1.0000, 0.0000, 1.6472,0.0000, 0.0000, 0.0000, 1.0000///L_Index1
L_Index3///1.0000, 0.0000, -0.0000, 1.0227,-0.0000, 0.0000, -1.0000, -0.0363,0.0000, 1.0000, 0.0000, 1.6472,0.0000, 0.0000, 0.0000, 1.0000///L_Index2
L_Index4__null///1.0000, 0.0000, -0.0000, 1.0492,-0.0000, 0.0000, -1.0000, -0.0363,0.0000, 1.0000, 0.0000, 1.6472,0.0000, 0.0000, 0.0000, 1.0000///L_Index3
L_Thumb1///0.8053, -0.2750, -0.5252, 0.8572,-0.5122, -0.7689, -0.3827, -0.0394,-0.2986, 0.5772, -0.7600, 1.6296,0.0000, 0.0000, 0.0000, 1.0000///L_FingerBase
L_Thumb2///0.8053, -0.2750, -0.5252, 0.9032,-0.5122, -0.7689, -0.3827, -0.0686,-0.2986, 0.5772, -0.7600, 1.6125,0.0000, 0.0000, 0.0000, 1.0000///L_Thumb1
L_Thumb3///0.8053, -0.2750, -0.5252, 0.9310,-0.5122, -0.7689, -0.3827, -0.0863,-0.2986, 0.5772, -0.7600, 1.6022,0.0000, 0.0000, 0.0000, 1.0000///L_Thumb2
L_Thumb4__null///0.8053, -0.2750, -0.5252, 0.9523,-0.5122, -0.7689, -0.3827, -0.0998,-0.2986, 0.5772, -0.7600, 1.5943,0.0000, 0.0000, 0.0000, 1.0000///L_Thumb3
HLP_L_ForeArm_Mid__offset///1.0000, 0.0000, -0.0000, 0.7218,-0.0000, 0.0000, -1.0000, 0.0000,0.0000, 1.0000, 0.0000, 1.6425,0.0000, 0.0000, 0.0000, 1.0000///L_ForeArm
HLP_L_ForeArm_Btm__offset///1.0000, 0.0000, -0.0000, 0.8129,-0.0000, 0.0000, -1.0000, 0.0000,0.0000, 1.0000, 0.0000, 1.6425,0.0000, 0.0000, 0.0000, 1.0000///L_ForeArm
HLP_L_Elbow__offset///1.0000, 0.0000, -0.0000, 0.5738,-0.0000, 1.0000, 0.0000, 0.0309,0.0000, -0.0000, 1.0000, 1.6425,0.0000, 0.0000, 0.0000, 1.0000///L_ForeArm
L_ForeArm_Slide__offset///1.0000, -0.0000, -0.0000, 0.6964,0.0000, 1.0000, 0.0000, 0.0000,0.0000, -0.0000, 1.0000, 1.6425,0.0000, 0.0000, 0.0000, 1.0000///L_ForeArm
L_ForeArm__offset///1.0000, 0.0000, -0.0000, 0.5739,-0.0000, 1.0000, 0.0000, 0.0000,0.0000, -0.0000, 1.0000, 1.6425,0.0000, 0.0000, 0.0000, 1.0000///L_ForeArm
HLP_L_Arm_Top__offset///1.0000, 0.0000, 0.0000, 0.2322,0.0000, 1.0000, 0.0000, 0.0000,-0.0000, 0.0000, 1.0000, 1.6425,0.0000, 0.0000, 0.0000, 1.0000///L_Arm
HLP_L_Arm_Mid__offset///1.0000, -0.0000, -0.0000, 0.3915,0.0000, 1.0000, 0.0000, 0.0000,0.0000, -0.0000, 1.0000, 1.6425,0.0000, 0.0000, 0.0000, 1.0000///L_Arm
L_Bicep_Slide__offset///1.0000, -0.0000, -0.0000, 0.4138,0.0000, 1.0000, 0.0000, -0.0016,0.0000, -0.0000, 1.0000, 1.6425,0.0000, 0.0000, 0.0000, 1.0000///L_Arm
L_Tricep_Slide__offset///1.0000, -0.0000, -0.0000, 0.4138,0.0000, 1.0000, 0.0000, 0.0005,0.0000, -0.0000, 1.0000, 1.6425,0.0000, 0.0000, 0.0000, 1.0000///L_Arm
L_Arm_Btm__offset///1.0000, -0.0000, -0.0000, 0.5737,0.0000, 1.0000, 0.0000, 0.0000,0.0000, -0.0000, 1.0000, 1.6425,0.0000, 0.0000, 0.0000, 1.0000///L_Arm
HLP_L_ShldrBlade__offset///1.0000, -0.0000, -0.0000, 0.1616,0.0000, 1.0000, 0.0000, -0.0010,0.0000, -0.0000, 1.0000, 1.6217,0.0000, 0.0000, 0.0000, 1.0000///L_Shoulder
HLP_L_Shldr_B__offset///1.0000, -0.0000, -0.0000, 0.2321,0.0000, 1.0000, 0.0000, 0.0000,0.0000, -0.0000, 1.0000, 1.6425,0.0000, 0.0000, 0.0000, 1.0000///L_Shoulder
R_Shoulder///-1.0000, -0.0000, -0.0000, -0.1095,0.0000, 0.0000, -1.0000, 0.0000,0.0000, -1.0000, -0.0000, 1.6425,0.0000, 0.0000, 0.0000, 1.0000///Spine2
R_Arm///-1.0000, 0.0000, 0.0000, -0.2321,0.0000, 1.0000, -0.0000, 0.0000,-0.0000, -0.0000, -1.0000, 1.6425,0.0000, 0.0000, 0.0000, 1.0000///R_Shoulder
R_ForeArm///-1.0000, -0.0000, 0.0000, -0.5738,-0.0000, 1.0000, -0.0000, 0.0000,-0.0000, -0.0000, -1.0000, 1.6425,0.0000, 0.0000, 0.0000, 1.0000///R_Arm
R_Hand///-1.0000, 0.0000, 0.0000, -0.8357,-0.0000, -0.0000, -1.0000, 0.0000,0.0000, -1.0000, 0.0000, 1.6425,0.0000, 0.0000, 0.0000, 1.0000///R_ForeArm
R_FingerBase///-1.0000, -0.0000, 0.0000, -0.8401,-0.0000, -0.0000, -1.0000, -0.0176,0.0000, -1.0000, 0.0000, 1.6425,0.0000, 0.0000, 0.0000, 1.0000///R_Hand
R_Middle///-1.0000, -0.0000, 0.0000, -0.8401,-0.0000, -0.0000, -1.0000, -0.0088,0.0000, -1.0000, 0.0000, 1.6425,0.0000, 0.0000, 0.0000, 1.0000///R_FingerBase
R_Ring///-1.0000, -0.0000, 0.0000, -0.8401,-0.0000, -0.0000, -1.0000, 0.0000,0.0000, -1.0000, 0.0000, 1.6425,0.0000, 0.0000, 0.0000, 1.0000///R_Middle
R_Pinky///-1.0000, -0.0000, 0.0000, -0.8401,-0.0000, -0.0000, -1.0000, 0.0088,0.0000, -1.0000, 0.0000, 1.6425,0.0000, 0.0000, 0.0000, 1.0000///R_Ring
R_Pinky1///-1.0000, 0.0000, 0.0000, -0.9308,-0.0000, -0.0000, -1.0000, 0.0339,0.0000, -1.0000, 0.0000, 1.6439,0.0000, 0.0000, 0.0000, 1.0000///R_Pinky
R_Pinky2///-1.0000, 0.0000, 0.0000, -0.9731,-0.0000, -0.0000, -1.0000, 0.0339,0.0000, -1.0000, 0.0000, 1.6439,0.0000, 0.0000, 0.0000, 1.0000///R_Pinky1
R_Pinky3///-1.0000, 0.0000, 0.0000, -0.9923,-0.0000, -0.0000, -1.0000, 0.0339,0.0000, -1.0000, 0.0000, 1.6439,0.0000, 0.0000, 0.0000, 1.0000///R_Pinky2
R_Pinky4__null///-1.0000, 0.0000, 0.0000, -1.0188,-0.0000, -0.0000, -1.0000, 0.0339,0.0000, -1.0000, 0.0000, 1.6439,0.0000, 0.0000, 0.0000, 1.0000///R_Pinky3
R_Ring1///-1.0000, 0.0000, 0.0000, -0.9426,-0.0000, -0.0000, -1.0000, 0.0127,0.0000, -1.0000, 0.0000, 1.6455,0.0000, 0.0000, 0.0000, 1.0000///R_Ring
R_Ring2///-1.0000, 0.0000, 0.0000, -0.9894,-0.0000, -0.0000, -1.0000, 0.0126,0.0000, -1.0000, 0.0000, 1.6455,0.0000, 0.0000, 0.0000, 1.0000///R_Ring1
R_Ring3///-1.0000, 0.0000, 0.0000, -1.0170,-0.0000, -0.0000, -1.0000, 0.0126,0.0000, -1.0000, 0.0000, 1.6455,0.0000, 0.0000, 0.0000, 1.0000///R_Ring2
R_Ring4__null///-1.0000, 0.0000, 0.0000, -1.0435,-0.0000, -0.0000, -1.0000, 0.0126,0.0000, -1.0000, 0.0000, 1.6455,0.0000, 0.0000, 0.0000, 1.0000///R_Ring3
R_Middle1///-1.0000, 0.0000, 0.0000, -0.9457,-0.0000, -0.0000, -1.0000, -0.0113,0.0000, -1.0000, 0.0000, 1.6472,0.0000, 0.0000, 0.0000, 1.0000///R_Middle
R_Middle2///-1.0000, 0.0000, 0.0000, -0.9972,-0.0000, -0.0000, -1.0000, -0.0113,0.0000, -1.0000, 0.0000, 1.6472,0.0000, 0.0000, 0.0000, 1.0000///R_Middle1
R_Middle3///-1.0000, 0.0000, 0.0000, -1.0272,-0.0000, -0.0000, -1.0000, -0.0113,0.0000, -1.0000, 0.0000, 1.6472,0.0000, 0.0000, 0.0000, 1.0000///R_Middle2
R_Middle4__null///-1.0000, 0.0000, 0.0000, -1.0537,-0.0000, -0.0000, -1.0000, -0.0113,0.0000, -1.0000, 0.0000, 1.6472,0.0000, 0.0000, 0.0000, 1.0000///R_Middle3
R_Index1///-1.0000, 0.0000, 0.0000, -0.9457,-0.0000, -0.0000, -1.0000, -0.0363,0.0000, -1.0000, 0.0000, 1.6472,0.0000, 0.0000, 0.0000, 1.0000///R_FingerBase
R_Index2///-1.0000, 0.0000, 0.0000, -0.9945,-0.0000, -0.0000, -1.0000, -0.0363,0.0000, -1.0000, 0.0000, 1.6472,0.0000, 0.0000, 0.0000, 1.0000///R_Index1
R_Index3///-1.0000, 0.0000, 0.0000, -1.0227,-0.0000, -0.0000, -1.0000, -0.0363,0.0000, -1.0000, 0.0000, 1.6472,0.0000, 0.0000, 0.0000, 1.0000///R_Index2
R_Index4__null///-1.0000, 0.0000, 0.0000, -1.0492,-0.0000, -0.0000, -1.0000, -0.0363,0.0000, -1.0000, 0.0000, 1.6472,0.0000, 0.0000, 0.0000, 1.0000///R_Index3
R_Thumb1///-0.8053, -0.2750, 0.5252, -0.8572,-0.5122, 0.7689, -0.3827, -0.0393,-0.2986, -0.5772, -0.7601, 1.6296,0.0000, 0.0000, 0.0000, 1.0000///R_FingerBase
R_Thumb2///-0.8053, -0.2750, 0.5252, -0.9032,-0.5122, 0.7689, -0.3827, -0.0686,-0.2986, -0.5772, -0.7601, 1.6125,0.0000, 0.0000, 0.0000, 1.0000///R_Thumb1
R_Thumb3///-0.8053, -0.2750, 0.5252, -0.9310,-0.5122, 0.7689, -0.3827, -0.0863,-0.2986, -0.5772, -0.7601, 1.6022,0.0000, 0.0000, 0.0000, 1.0000///R_Thumb2
R_Thumb4__null///-0.8053, -0.2750, 0.5252, -0.9523,-0.5122, 0.7689, -0.3827, -0.0998,-0.2986, -0.5772, -0.7601, 1.5943,0.0000, 0.0000, 0.0000, 1.0000///R_Thumb3
HLP_R_ForeArm_Mid__offset///-1.0000, 0.0000, 0.0000, -0.7218,-0.0000, -0.0000, -1.0000, 0.0000,-0.0000, -1.0000, 0.0000, 1.6425,0.0000, 0.0000, 0.0000, 1.0000///R_ForeArm
HLP_R_ForeArm_Btm__offset///-1.0000, 0.0000, 0.0000, -0.8129,-0.0000, -0.0000, -1.0000, -0.0000,0.0000, -1.0000, 0.0000, 1.6425,0.0000, 0.0000, 0.0000, 1.0000///R_ForeArm
HLP_R_Elbow__offset///-1.0000, -0.0000, 0.0000, -0.5738,-0.0000, 1.0000, -0.0000, 0.0309,-0.0000, -0.0000, -1.0000, 1.6425,0.0000, 0.0000, 0.0000, 1.0000///R_ForeArm
R_ForeArm_Slide__offset///-1.0000, 0.0000, 0.0000, -0.6964,-0.0000, -0.0000, -1.0000, 0.0000,-0.0000, -1.0000, 0.0000, 1.6425,0.0000, 0.0000, 0.0000, 1.0000///R_ForeArm
R_ForeArm__offset///-1.0000, -0.0000, 0.0000, -0.5739,-0.0000, 1.0000, -0.0000, 0.0000,-0.0000, -0.0000, -1.0000, 1.6425,0.0000, 0.0000, 0.0000, 1.0000///R_ForeArm
HLP_R_Arm_Top__offset///-1.0000, 0.0000, -0.0000, -0.2322,0.0000, 1.0000, 0.0000, 0.0000,0.0000, 0.0000, -1.0000, 1.6425,0.0000, 0.0000, 0.0000, 1.0000///R_Arm
HLP_R_Arm_Mid__offset///-1.0000, 0.0000, 0.0000, -0.3915,0.0000, 1.0000, -0.0000, 0.0000,-0.0000, -0.0000, -1.0000, 1.6425,0.0000, 0.0000, 0.0000, 1.0000///R_Arm
R_Bicep_Slide__offset///-1.0000, 0.0000, 0.0000, -0.4138,0.0000, 1.0000, -0.0000, -0.0016,-0.0000, -0.0000, -1.0000, 1.6425,0.0000, 0.0000, 0.0000, 1.0000///R_Arm
R_Tricep_Slide__offset///-1.0000, 0.0000, 0.0000, -0.4138,0.0000, 1.0000, -0.0000, 0.0005,-0.0000, -0.0000, -1.0000, 1.6425,0.0000, 0.0000, 0.0000, 1.0000///R_Arm
R_Arm_Btm__offset///-1.0000, 0.0000, 0.0000, -0.5737,0.0000, 1.0000, -0.0000, 0.0000,-0.0000, -0.0000, -1.0000, 1.6425,0.0000, 0.0000, 0.0000, 1.0000///R_Arm
HLP_R_ShldrBlade__offset///-1.0000, 0.0000, 0.0000, -0.1616,-0.0000, 1.0000, -0.0000, -0.0010,-0.0000, -0.0000, -1.0000, 1.6217,0.0000, 0.0000, 0.0000, 1.0000///R_Shoulder
HLP_R_Shldr_B__offset///-1.0000, 0.0000, 0.0000, -0.2321,0.0000, 1.0000, -0.0000, 0.0000,-0.0000, -0.0000, -1.0000, 1.6425,0.0000, 0.0000, 0.0000, 1.0000///R_Shoulder
HLP_L_CollarBone__offset///0.9707, -0.0002, 0.2402, 0.0109,0.2402, -0.0000, -0.9707, -0.0547,0.0002, 1.0000, 0.0000, 1.6425,0.0000, 0.0000, 0.0000, 1.0000///Spine2
HLP_L_Shldr_F__offset///0.9831, 0.1429, 0.1144, 0.1460,0.1132, 0.0164, -0.9934, -0.0493,-0.1438, 0.9896, -0.0000, 1.7051,0.0000, 0.0000, 0.0000, 1.0000///HLP_L_CollarBone__offset
L_Shldr_F1__null///0.9831, 0.1429, 0.1144, 0.2537,0.1132, 0.0164, -0.9934, -0.0369,-0.1438, 0.9896, -0.0000, 1.6893,0.0000, 0.0000, 0.0000, 1.0000///HLP_L_Shldr_F__offset
HLP_L_CollarBone_up__offset///0.9707, -0.0002, 0.2402, 0.0109,0.2402, -0.0000, -0.9707, -0.0546,0.0002, 1.0000, -0.0000, 1.6425,0.0000, 0.0000, 0.0000, 1.0000///HLP_L_CollarBone__offset
L_CollarBone1__null///0.9707, -0.0002, 0.2402, 0.2129,0.2402, -0.0000, -0.9707, -0.0048,0.0002, 1.0000, 0.0000, 1.6425,0.0000, 0.0000, 0.0000, 1.0000///HLP_L_CollarBone__offset
HLP_R_CollarBone__offset///-0.9707, -0.0002, -0.2402, -0.0109,0.2402, 0.0000, -0.9707, -0.0547,0.0002, -1.0000, -0.0000, 1.6425,0.0000, 0.0000, 0.0000, 1.0000///Spine2
HLP_R_Shldr_F__offset///-0.9831, -0.1429, 0.1144, -0.1460,0.1132, 0.0165, 0.9934, -0.0493,-0.1438, 0.9896, -0.0000, 1.7051,0.0000, 0.0000, 0.0000, 1.0000///HLP_R_CollarBone__offset
R_Shldr_F1__null///-0.9831, -0.1429, 0.1144, -0.2537,0.1132, 0.0165, 0.9934, -0.0369,-0.1438, 0.9896, 0.0000, 1.6893,0.0000, 0.0000, 0.0000, 1.0000///HLP_R_Shldr_F__offset
HLP_R_CollarBone_up__offset///-0.9707, -0.0002, -0.2402, -0.0109,0.2402, 0.0000, -0.9707, -0.0546,0.0002, -1.0000, 0.0000, 1.6425,0.0000, 0.0000, 0.0000, 1.0000///HLP_R_CollarBone__offset
R_CollarBone1__null///-0.9707, -0.0002, -0.2402, -0.2129,0.2402, 0.0000, -0.9707, -0.0048,0.0002, -1.0000, 0.0000, 1.6425,0.0000, 0.0000, 0.0000, 1.0000///HLP_R_CollarBone__offset
HLP_L_Pectoral__offset///0.9749, -0.2160, 0.0531, 0.0001,0.0518, -0.0115, -0.9986, -0.0208,0.2163, 0.9763, 0.0000, 1.5557,0.0000, 0.0000, 0.0000, 1.0000///Spine2
L_Pectoral__null///0.9749, -0.2160, 0.0531, 0.2136,0.0518, -0.0115, -0.9986, -0.0095,0.2163, 0.9763, 0.0000, 1.6030,0.0000, 0.0000, 0.0000, 1.0000///HLP_L_Pectoral__offset
HLP_L_Pectoral_side__offset///0.9749, -0.2160, 0.0531, 0.0001,0.0518, -0.0115, -0.9986, -0.0208,0.2163, 0.9763, 0.0000, 1.5558,0.0000, 0.0000, 0.0000, 1.0000///HLP_L_Pectoral__offset
HLP_R_Pectoral__offset///-0.9749, 0.2160, 0.0531, -0.0001,0.0518, -0.0115, 0.9986, -0.0208,0.2163, 0.9763, -0.0000, 1.5557,0.0000, 0.0000, 0.0000, 1.0000///Spine2
R_Pectoral__null///-0.9749, 0.2160, 0.0531, -0.2136,0.0518, -0.0115, 0.9986, -0.0095,0.2163, 0.9763, -0.0000, 1.6030,0.0000, 0.0000, 0.0000, 1.0000///HLP_R_Pectoral__offset
HLP_R_Pectoral_side__offset///-0.9749, 0.2160, 0.0531, -0.0001,0.0518, -0.0115, 0.9986, -0.0208,0.2163, 0.9763, -0.0000, 1.5558,0.0000, 0.0000, 0.0000, 1.0000///HLP_R_Pectoral__offset
Spine2__offset///0.0000, -0.0000, 1.0000, 0.0000,-0.0000, -1.0000, -0.0000, 0.0000,1.0000, -0.0000, -0.0000, 1.4015,0.0000, 0.0000, 0.0000, 1.0000///Spine2
Spine2_breast__offset///0.0000, -0.0000, 1.0000, 0.0000,-0.0000, -1.0000, -0.0000, 0.0001,1.0000, -0.0000, -0.0000, 1.4015,0.0000, 0.0000, 0.0000, 1.0000///Spine2__offset
Spine2up__offset///0.0000, -0.0000, 1.0000, 0.0000,-0.0000, -1.0000, -0.0000, 0.0000,1.0000, -0.0000, -0.0000, 1.4016,0.0000, 0.0000, 0.0000, 1.0000///Spine2__offset
Spine2side__offset///0.0000, -0.0000, 1.0000, 0.0000,-0.0000, -1.0000, -0.0000, 0.0000,1.0000, -0.0000, -0.0000, 1.4014,0.0000, 0.0000, 0.0000, 1.0000///Spine2
OPT0_bustL///0.3127, -0.0846, -0.9461, 0.0241,-0.9461, 0.0601, -0.3181, 0.0855,0.0838, 0.9946, -0.0612, 1.4760,0.0000, 0.0000, 0.0000, 1.0000///Spine2
OPT1_bustL///-0.3127, -0.0846, 0.9461, 0.1145,0.9461, 0.0601, 0.3181, -0.1880,-0.0838, 0.9946, 0.0612, 1.5002,0.0000, 0.0000, 0.0000, 1.0000///OPT0_bustL
OPT1_bustL_end///0.9983, -0.0464, 0.0341, 0.0887,0.0316, -0.0539, -0.9980, -0.1098,0.0482, 0.9975, -0.0523, 1.4933,0.0000, 0.0000, 0.0000, 1.0000///OPT1_bustL
OPT2_bustR///0.3127, -0.0845, -0.9461, -0.0239,0.9461, -0.0601, 0.3181, 0.0855,-0.0838, -0.9946, 0.0612, 1.4760,0.0000, 0.0000, 0.0000, 1.0000///Spine2
OPT3_bustR///-0.3127, -0.0845, 0.9461, -0.1143,-0.9461, -0.0601, -0.3181, -0.1880,0.0838, -0.9946, -0.0612, 1.5002,0.0000, 0.0000, 0.0000, 1.0000///OPT2_bustR
OPT1_bustR_end///0.9983, -0.0464, 0.0341, -0.0884,-0.0316, 0.0539, 0.9980, -0.1098,-0.0481, -0.9975, 0.0523, 1.4933,0.0000, 0.0000, 0.0000, 1.0000///OPT3_bustR
Spine1__offset///0.0000, -0.0000, 1.0000, 0.0000,-0.0000, -1.0000, -0.0000, 0.0000,1.0000, -0.0000, -0.0000, 1.2591,0.0000, 0.0000, 0.0000, 1.0000///Spine1
Spine1_front__offset///0.0000, -0.0000, 1.0000, 0.0000,-0.0000, -1.0000, -0.0000, 0.0000,1.0000, -0.0000, -0.0000, 1.2594,0.0000, 0.0000, 0.0000, 1.0000///Spine1
Hip///-0.0000, -0.0000, 1.0000, 0.0000,-0.0000, 1.0000, 0.0000, 0.0000,-1.0000, 0.0000, -0.0000, 1.2593,0.0000, 0.0000, 0.0000, 1.0000///Base
L_UpLeg///0.0000, 0.0000, 1.0000, 0.1095,-0.0001, 1.0000, -0.0000, -0.0000,-1.0000, -0.0001, 0.0000, 1.0841,0.0000, 0.0000, 0.0000, 1.0000///Hip
L_Leg///0.0000, 0.0000, 1.0000, 0.1095,0.0001, 1.0000, -0.0000, -0.0000,-1.0000, 0.0001, 0.0000, 0.6023,0.0000, 0.0000, 0.0000, 1.0000///L_UpLeg
L_Foot///0.0000, 0.0000, 1.0000, 0.1095,-0.0000, 1.0000, -0.0000, -0.0000,-1.0000, 0.0000, 0.0000, 0.1424,0.0000, 0.0000, 0.0000, 1.0000///L_Leg
L_Toe///-0.0000, 0.0000, 1.0000, 0.1095,-1.0000, 0.0000, -0.0000, -0.1676,-0.0000, -1.0000, 0.0000, 0.0331,0.0000, 0.0000, 0.0000, 1.0000///L_Foot
L_Toe1__null///-0.0000, 0.0000, 1.0000, 0.1095,-1.0000, 0.0000, -0.0000, -0.3099,-0.0000, -1.0000, 0.0000, 0.0331,0.0000, 0.0000, 0.0000, 1.0000///L_Toe
L_Toe__offset///-0.0000, 0.0000, 1.0000, 0.1095,-1.0000, 0.0000, -0.0000, -0.1677,-0.0000, -1.0000, 0.0000, 0.0331,0.0000, 0.0000, 0.0000, 1.0000///L_Toe
ATH_L_Toe_Btm///1.0000, 0.0000, -0.0000, 0.1095,-0.0000, 1.0000, -0.0000, -0.1752,0.0000, 0.0000, 1.0000, 0.0002,0.0000, 0.0000, 0.0000, 1.0000///L_Toe
L_Foot__offset///0.0000, 0.0000, 1.0000, 0.1095,-0.0000, 1.0000, -0.0000, -0.0000,-1.0000, 0.0000, 0.0000, 0.1422,0.0000, 0.0000, 0.0000, 1.0000///L_Foot
L_Ankle__offset///0.0000, 0.0000, 1.0000, 0.1095,-0.0000, 1.0000, -0.0000, -0.0000,-1.0000, 0.0000, 0.0000, 0.1425,0.0000, 0.0000, 0.0000, 1.0000///L_Foot
ATH_L_Foot_Btm///1.0000, 0.0000, -0.0000, 0.1095,-0.0000, 1.0000, -0.0000, -0.0000,0.0000, 0.0000, 1.0000, 0.0110,0.0000, 0.0000, 0.0000, 1.0000///L_Foot
L_Calf_Slide__offset///1.0000, -0.0000, -0.0000, 0.1095,-0.0000, -0.0001, -1.0000, -0.0000,0.0000, 1.0000, -0.0001, 0.3723,0.0000, 0.0000, 0.0000, 1.0000///L_Leg
L_Leg__offset///0.0000, 0.0000, 1.0000, 0.1095,0.0001, 1.0000, -0.0000, -0.0000,-1.0000, 0.0001, 0.0000, 0.6021,0.0000, 0.0000, 0.0000, 1.0000///L_Leg
HLP_L_Knee__offset///0.0000, 0.0000, 1.0000, 0.1095,0.0000, 1.0000, -0.0000, -0.0220,-1.0000, 0.0000, 0.0000, 0.6023,0.0000, 0.0000, 0.0000, 1.0000///L_UpLeg
HLP_L_UpLeg_Top__offset///-0.0000, -0.0000, 1.0000, 0.1095,-0.0000, 1.0000, 0.0000, -0.0000,-1.0000, 0.0000, -0.0000, 1.0842,0.0000, 0.0000, 0.0000, 1.0000///L_UpLeg
HLP_L_UpLeg_Mid__offset///0.0000, 0.0000, 1.0000, 0.1095,-0.0000, 1.0000, -0.0000, -0.0000,-1.0000, -0.0000, 0.0000, 0.8651,0.0000, 0.0000, 0.0000, 1.0000///L_UpLeg
L_Thigh_Slide__offset///1.0000, -0.0000, -0.0000, 0.1095,-0.0000, 0.0001, -1.0000, -0.0011,0.0000, 1.0000, 0.0001, 0.8432,0.0000, 0.0000, 0.0000, 1.0000///L_UpLeg
L_UpLeg__offset///0.0000, 0.0000, 1.0000, 0.1095,-0.0001, 1.0000, -0.0000, -0.0000,-1.0000, -0.0001, 0.0000, 1.0839,0.0000, 0.0000, 0.0000, 1.0000///L_UpLeg
R_UpLeg///0.0000, 0.0000, 1.0000, -0.1095,-0.0001, 1.0000, -0.0000, -0.0000,-1.0000, -0.0001, 0.0000, 1.0841,0.0000, 0.0000, 0.0000, 1.0000///Hip
R_Leg///0.0000, 0.0000, 1.0000, -0.1095,0.0001, 1.0000, -0.0000, -0.0000,-1.0000, 0.0001, 0.0000, 0.6023,0.0000, 0.0000, 0.0000, 1.0000///R_UpLeg
R_Foot///0.0013, 0.0000, 1.0000, -0.1095,0.0000, 1.0000, -0.0000, -0.0000,-1.0000, 0.0000, 0.0013, 0.1424,0.0000, 0.0000, 0.0000, 1.0000///R_Leg
R_Toe///-0.0000, 0.0013, 1.0000, -0.1094,-1.0000, 0.0000, -0.0000, -0.1676,-0.0000, -1.0000, 0.0013, 0.0331,0.0000, 0.0000, 0.0000, 1.0000///R_Foot
R_Toe1__null///-0.0000, 0.0013, 1.0000, -0.1094,-1.0000, 0.0000, -0.0000, -0.3099,-0.0000, -1.0000, 0.0013, 0.0331,0.0000, 0.0000, 0.0000, 1.0000///R_Toe
R_Toe__offset///0.0000, 0.0013, 1.0000, -0.1094,-1.0000, 0.0000, 0.0000, -0.1677,-0.0000, -1.0000, 0.0013, 0.0331,0.0000, 0.0000, 0.0000, 1.0000///R_Toe
ATH_R_Toe_Btm///1.0000, -0.0000, -0.0013, -0.1093,0.0000, 1.0000, -0.0000, -0.1752,0.0013, 0.0000, 1.0000, 0.0002,0.0000, 0.0000, 0.0000, 1.0000///R_Toe
R_Foot__offset///0.0013, 0.0000, 1.0000, -0.1095,0.0000, 1.0000, -0.0000, -0.0000,-1.0000, 0.0000, 0.0013, 0.1422,0.0000, 0.0000, 0.0000, 1.0000///R_Foot
R_Ankle__offset///-0.0013, 0.0000, 1.0000, -0.1095,-0.0000, -1.0000, 0.0000, -0.0000,1.0000, -0.0000, 0.0013, 0.1425,0.0000, 0.0000, 0.0000, 1.0000///R_Foot
ATH_R_Foot_Btm///1.0000, -0.0000, -0.0013, -0.1093,0.0000, 1.0000, -0.0000, -0.0000,0.0013, 0.0000, 1.0000, 0.0110,0.0000, 0.0000, 0.0000, 1.0000///R_Foot
R_Calf_Slide__offset///1.0000, -0.0000, 0.0000, -0.1095,0.0000, -0.0001, -1.0000, -0.0000,0.0000, 1.0000, -0.0001, 0.3723,0.0000, 0.0000, 0.0000, 1.0000///R_Leg
R_Leg__offset///0.0000, 0.0000, 1.0000, -0.1095,0.0001, 1.0000, -0.0000, -0.0000,-1.0000, 0.0001, 0.0000, 0.6021,0.0000, 0.0000, 0.0000, 1.0000///R_Leg
HLP_R_Knee__offset///0.0000, 0.0000, 1.0000, -0.1095,0.0000, 1.0000, -0.0000, -0.0220,-1.0000, 0.0000, 0.0000, 0.6023,0.0000, 0.0000, 0.0000, 1.0000///R_UpLeg
HLP_R_UpLeg_Top__offset///-0.0000, -0.0000, 1.0000, -0.1095,-0.0000, 1.0000, 0.0000, -0.0000,-1.0000, 0.0000, -0.0000, 1.0842,0.0000, 0.0000, 0.0000, 1.0000///R_UpLeg
HLP_R_UpLeg_Mid__offset///0.0000, 0.0000, 1.0000, -0.1095,-0.0000, 1.0000, 0.0000, -0.0000,-1.0000, -0.0000, 0.0000, 0.8651,0.0000, 0.0000, 0.0000, 1.0000///R_UpLeg
R_Thigh_Slide__offset///1.0000, -0.0000, 0.0000, -0.1095,0.0000, 0.0001, -1.0000, -0.0011,0.0000, 1.0000, 0.0001, 0.8432,0.0000, 0.0000, 0.0000, 1.0000///R_UpLeg
R_UpLeg__offset///0.0000, 0.0000, 1.0000, -0.1095,-0.0001, 1.0000, -0.0000, -0.0000,-1.0000, -0.0001, 0.0000, 1.0839,0.0000, 0.0000, 0.0000, 1.0000///R_UpLeg
HLP_L_Butt__offset///-0.0000, -0.0000, 1.0000, 0.1096,-0.0000, 1.0000, 0.0000, 0.0001,-1.0000, 0.0000, -0.0000, 1.0839,0.0000, 0.0000, 0.0000, 1.0000///Hip
HLP_R_Butt__offset///-0.0000, -0.0000, 1.0000, -0.1096,-0.0000, 1.0000, 0.0000, 0.0001,-1.0000, 0.0000, -0.0000, 1.0839,0.0000, 0.0000, 0.0000, 1.0000///Hip
HLP_L_Inguinal__offset///-0.1165, -0.0101, -0.9932, 0.1829,0.0867, -0.9962, -0.0000, -0.0546,-0.9894, -0.0861, 0.1169, 1.2253,0.0000, 0.0000, 0.0000, 1.0000///Hip
L_Inguinal1__null///-0.1165, -0.0101, -0.9932, 0.1446,0.0867, -0.9962, -0.0000, -0.0262,-0.9894, -0.0861, 0.1169, 0.9003,0.0000, 0.0000, 0.0000, 1.0000///HLP_L_Inguinal__offset
HLP_R_Inguinal__offset///0.1165, 0.0101, -0.9931, -0.1829,0.0867, -0.9962, 0.0000, -0.0546,-0.9894, -0.0861, -0.1169, 1.2253,0.0000, 0.0000, 0.0000, 1.0000///Hip
R_Inguinal__null///0.1165, 0.0101, -0.9931, -0.1446,0.0867, -0.9962, 0.0000, -0.0262,-0.9894, -0.0861, -0.1169, 0.9003,0.0000, 0.0000, 0.0000, 1.0000///HLP_R_Inguinal__offset
Hip__offset///-0.0000, -0.0000, 1.0000, 0.0000,-0.0000, 1.0000, 0.0000, 0.0000,-1.0000, 0.0000, -0.0000, 1.2594,0.0000, 0.0000, 0.0000, 1.0000///Hip
Hip_front__offset///-0.0000, -0.0000, 1.0000, -0.0000,-0.0000, 1.0000, 0.0000, 0.0000,-1.0000, 0.0000, -0.0000, 1.2591,0.0000, 0.0000, 0.0000, 1.0000///Hip
EDIT__null///1.0000, 0.0000, 0.0000, 0.0014,0.0000, 1.0000, 0.0000, 0.0000,0.0000, 0.0000, 1.0000, -0.0000,0.0000, 0.0000, 0.0000, 1.0000///MODEL_00
Deform__null///1.0000, 0.0000, 0.0000, 0.0083,0.0000, 1.0000, 0.0000, 0.0015,0.0000, 0.0000, 1.0000, -0.0002,0.0000, 0.0000, 0.0000, 1.0000///EDIT__null
