MODEL_00///1.0000, 0.0000, 0.0000, 0.0000,0.0000, 1.0000, -0.0000, -0.0000,0.0000, 0.0000, 1.0000, 0.0000,0.0000, 0.0000, 0.0000, 1.0000///
BODY_SCALE__group///1.0000, 0.0000, 0.0000, 0.0000,0.0000, 0.0000, -1.0000, 0.0000,0.0000, 1.0000, 0.0000, 0.0000,0.0000, 0.0000, 0.0000, 1.0000///MODEL_00
BASE///1.0000, 0.0000, 0.0000, 0.0000,0.0000, -0.0000, -1.0000, 0.0000,0.0000, 1.0000, -0.0000, 1.3168,0.0000, 0.0000, 0.0000, 1.0000///BODY_SCALE__group
Spine1///0.0000, -0.0000, 1.0000, 0.0000,-0.0000, -1.0000, -0.0000, 0.0000,1.0000, -0.0000, -0.0000, 1.3168,0.0000, 0.0000, 0.0000, 1.0000///BASE
Spine2///0.0000, -0.0000, 1.0000, 0.0000,-0.0000, -1.0000, -0.0000, 0.0000,1.0000, -0.0000, -0.0000, 1.4716,0.0000, 0.0000, 0.0000, 1.0000///Spine1
Neck///0.0000, -0.0000, 1.0000, 0.0000,-0.0000, -1.0000, -0.0000, 0.0000,1.0000, -0.0000, -0.0000, 1.8050,0.0000, 0.0000, 0.0000, 1.0000///Spine2
Head///-0.0000, 1.0000, -0.0000, 0.0000,-1.0000, -0.0000, 0.0000, 0.0000,0.0000, 0.0000, 1.0000, 1.9538,0.0000, 0.0000, 0.0000, 1.0000///Neck
Head__offset///-0.0000, 1.0000, -0.0000, 0.0000,-1.0000, -0.0000, 0.0003, 0.0000,0.0003, 0.0000, 1.0000, 1.9539,0.0000, 0.0000, 0.0000, 1.0000///Head
ATH_Head_Top///1.0000, 0.0000, -0.0000, -0.0000,-0.0000, 1.0000, 0.0000, 0.0000,0.0000, 0.0000, 1.0000, 2.1289,0.0000, 0.0000, 0.0000, 1.0000///Head
L_Mayu2_Joint///1.0000, -0.0000, 0.0000, 0.0384,0.0000, -0.0000, -1.0000, -0.1165,0.0000, 1.0000, -0.0000, 2.0344,0.0000, 0.0000, 0.0000, 1.0000///Head
L_Mayu3_Joint///1.0000, 0.0000, -0.0000, 0.0553,-0.0000, -0.0000, -1.0000, -0.1003,-0.0000, 1.0000, -0.0000, 2.0346,0.0000, 0.0000, 0.0000, 1.0000///Head
L_Mayu1_Joint///1.0000, -0.0000, 0.0000, 0.0132,0.0000, -0.0000, -1.0000, -0.1211,0.0000, 1.0000, -0.0000, 2.0110,0.0000, 0.0000, 0.0000, 1.0000///Head
R_Mayu3_Joint///1.0000, -0.0000, 0.0000, -0.0551,0.0000, -0.0000, -1.0000, -0.1003,0.0000, 1.0000, -0.0000, 2.0346,0.0000, 0.0000, 0.0000, 1.0000///Head
R_Mayu2_Joint///1.0000, -0.0000, 0.0000, -0.0387,0.0000, -0.0000, -1.0000, -0.1166,0.0000, 1.0000, -0.0000, 2.0336,0.0000, 0.0000, 0.0000, 1.0000///Head
R_Mayu1_Joint///1.0000, -0.0000, 0.0000, -0.0140,0.0000, -0.0000, -1.0000, -0.1211,0.0000, 1.0000, -0.0000, 2.0110,0.0000, 0.0000, 0.0000, 1.0000///Head
R_Eyecorner///1.0000, -0.0000, 0.0000, -0.0473,0.0000, -0.0000, -1.0000, -0.1002,0.0000, 1.0000, -0.0000, 2.0010,0.0000, 0.0000, 0.0000, 1.0000///Head
R_UwaMabuta_Joint///1.0000, -0.0000, 0.0000, -0.0314,0.0000, -0.0000, -1.0000, -0.0847,0.0000, 1.0000, -0.0000, 2.0169,0.0000, 0.0000, 0.0000, 1.0000///Head
R_UpEyelid1///1.0000, -0.0000, 0.0000, -0.0229,0.0000, -0.0000, -1.0000, -0.1041,0.0000, 1.0000, -0.0000, 2.0169,0.0000, 0.0000, 0.0000, 1.0000///R_UwaMabuta_Joint
R_UpEyelid2///1.0000, -0.0000, 0.0000, -0.0430,0.0000, -0.0000, -1.0000, -0.0986,0.0000, 1.0000, -0.0000, 2.0225,0.0000, 0.0000, 0.0000, 1.0000///R_UwaMabuta_Joint
L_UwaMabuta_Joint///1.0000, -0.0000, 0.0000, 0.0309,0.0000, -0.0000, -1.0000, -0.0847,0.0000, 1.0000, -0.0000, 2.0169,0.0000, 0.0000, 0.0000, 1.0000///Head
L_UpEyelid2///1.0000, -0.0000, 0.0000, 0.0431,0.0000, -0.0000, -1.0000, -0.0986,0.0000, 1.0000, -0.0000, 2.0225,0.0000, 0.0000, 0.0000, 1.0000///L_UwaMabuta_Joint
L_UpEyelid1///1.0000, -0.0000, 0.0000, 0.0229,0.0000, -0.0000, -1.0000, -0.1041,0.0000, 1.0000, -0.0000, 2.0169,0.0000, 0.0000, 0.0000, 1.0000///L_UwaMabuta_Joint
L_Eyecorner///1.0000, -0.0000, 0.0000, 0.0471,0.0000, -0.0000, -1.0000, -0.1007,0.0000, 1.0000, -0.0000, 2.0005,0.0000, 0.0000, 0.0000, 1.0000///Head
L_Eye_Joint///1.0000, -0.0000, 0.0000, 0.0317,0.0000, -0.0000, -1.0000, -0.0910,0.0000, 1.0000, -0.0000, 2.0192,0.0000, 0.0000, 0.0000, 1.0000///Head
R_Eye_Joint///1.0000, -0.0000, 0.0000, -0.0319,0.0000, -0.0000, -1.0000, -0.0910,0.0000, 1.0000, -0.0000, 2.0192,0.0000, 0.0000, 0.0000, 1.0000///Head
R_SitaMabuta_Joint///1.0000, -0.0000, 0.0000, -0.0316,0.0000, -0.0000, -1.0000, -0.0847,0.0000, 1.0000, -0.0000, 2.0163,0.0000, 0.0000, 0.0000, 1.0000///Head
R_LowEyelid1///1.0000, -0.0000, 0.0000, -0.0260,0.0000, -0.0000, -1.0000, -0.1036,0.0000, 1.0000, -0.0000, 2.0072,0.0000, 0.0000, 0.0000, 1.0000///R_SitaMabuta_Joint
R_LowEyelid2///1.0000, -0.0000, 0.0000, -0.0412,0.0000, -0.0000, -1.0000, -0.0981,0.0000, 1.0000, -0.0000, 2.0086,0.0000, 0.0000, 0.0000, 1.0000///R_SitaMabuta_Joint
L_SitaMabuta_Joint///1.0000, -0.0000, 0.0000, 0.0309,0.0000, -0.0000, -1.0000, -0.0847,0.0000, 1.0000, -0.0000, 2.0163,0.0000, 0.0000, 0.0000, 1.0000///Head
L_LowEyelid2///1.0000, -0.0000, 0.0000, 0.0409,0.0000, -0.0000, -1.0000, -0.0981,0.0000, 1.0000, -0.0000, 2.0086,0.0000, 0.0000, 0.0000, 1.0000///L_SitaMabuta_Joint
L_LowEyelid1///1.0000, -0.0000, 0.0000, 0.0263,0.0000, -0.0000, -1.0000, -0.1036,0.0000, 1.0000, -0.0000, 2.0072,0.0000, 0.0000, 0.0000, 1.0000///L_SitaMabuta_Joint
L_Hoho_Joint///1.0000, -0.0000, 0.0000, 0.0467,0.0000, -0.0000, -1.0000, -0.1110,0.0000, 1.0000, -0.0000, 1.9890,0.0000, 0.0000, 0.0000, 1.0000///Head
L_Hana_Joint///1.0000, -0.0000, 0.0000, 0.0140,0.0000, -0.0000, -1.0000, -0.1198,0.0000, 1.0000, -0.0000, 1.9868,0.0000, 0.0000, 0.0000, 1.0000///Head
R_Hana_Joint///1.0000, -0.0000, 0.0000, -0.0145,0.0000, -0.0000, -1.0000, -0.1198,0.0000, 1.0000, -0.0000, 1.9868,0.0000, 0.0000, 0.0000, 1.0000///Head
R_Hoho_Joint///1.0000, -0.0000, 0.0000, -0.0472,0.0000, -0.0000, -1.0000, -0.1110,0.0000, 1.0000, -0.0000, 1.9890,0.0000, 0.0000, 0.0000, 1.0000///Head
L_Kobana_Joint///1.0000, -0.0000, 0.0000, 0.0177,0.0000, -0.0000, -1.0000, -0.1164,0.0000, 1.0000, -0.0000, 1.9715,0.0000, 0.0000, 0.0000, 1.0000///Head
R_Kobana_Joint///1.0000, -0.0000, 0.0000, -0.0182,0.0000, -0.0000, -1.0000, -0.1164,0.0000, 1.0000, -0.0000, 1.9715,0.0000, 0.0000, 0.0000, 1.0000///Head
L_Chobo_Joint///1.0000, -0.0000, 0.0000, 0.0509,0.0000, -0.0000, -1.0000, -0.0716,0.0000, 1.0000, -0.0000, 1.9535,0.0000, 0.0000, 0.0000, 1.0000///Head
R_Chobo_Joint///1.0000, -0.0000, 0.0000, -0.0515,0.0000, -0.0000, -1.0000, -0.0716,0.0000, 1.0000, -0.0000, 1.9535,0.0000, 0.0000, 0.0000, 1.0000///Head
L_LipU_Joint///1.0000, -0.0000, 0.0000, 0.0158,0.0000, -0.0000, -1.0000, -0.1175,0.0000, 1.0000, -0.0000, 1.9501,0.0000, 0.0000, 0.0000, 1.0000///Head
R_LipU_Joint///1.0000, -0.0000, 0.0000, -0.0164,0.0000, -0.0000, -1.0000, -0.1175,0.0000, 1.0000, -0.0000, 1.9501,0.0000, 0.0000, 0.0000, 1.0000///Head
M_LipU_Joint///1.0000, -0.0000, 0.0000, -0.0000,0.0000, -0.0000, -1.0000, -0.1207,0.0000, 1.0000, -0.0000, 1.9517,0.0000, 0.0000, 0.0000, 1.0000///Head
Jaw_Joint///1.0000, -0.0000, 0.0000, -0.0000,0.0000, -0.0000, -1.0000, -0.0377,0.0000, 1.0000, -0.0000, 1.9621,0.0000, 0.0000, 0.0000, 1.0000///Head
L_LipD_Joint///1.0000, -0.0000, 0.0000, 0.0115,0.0000, -0.0000, -1.0000, -0.1145,0.0000, 1.0000, -0.0000, 1.9350,0.0000, 0.0000, 0.0000, 1.0000///Jaw_Joint
R_LipD_Joint///1.0000, -0.0000, 0.0000, -0.0122,0.0000, -0.0000, -1.0000, -0.1145,0.0000, 1.0000, -0.0000, 1.9350,0.0000, 0.0000, 0.0000, 1.0000///Jaw_Joint
M_LipD_Joint///1.0000, -0.0000, 0.0000, -0.0004,0.0000, -0.0000, -1.0000, -0.1149,0.0000, 1.0000, -0.0000, 1.9360,0.0000, 0.0000, 0.0000, 1.0000///Jaw_Joint
L_LipE_Joint///1.0000, -0.0000, 0.0000, 0.0302,0.0000, -0.0000, -1.0000, -0.1046,0.0000, 1.0000, -0.0000, 1.9394,0.0000, 0.0000, 0.0000, 1.0000///Jaw_Joint
R_LipE_Joint///1.0000, -0.0000, -0.0000, -0.0303,-0.0000, -0.0000, -1.0000, -0.1046,0.0000, 1.0000, -0.0000, 1.9394,0.0000, 0.0000, 0.0000, 1.0000///Jaw_Joint
Bero1_Joint///-0.0002, 0.0008, -1.0000, -0.0000,-0.9772, -0.2124, -0.0000, -0.0702,-0.2124, 0.9772, 0.0008, 1.9402,0.0000, 0.0000, 0.0000, 1.0000///Jaw_Joint
Bero1_Joint_pos///-0.0000, 0.0000, -1.0000, -0.0000,-0.9588, -0.2841, -0.0000, -0.0890,-0.2841, 0.9588, 0.0000, 1.9432,0.0000, 0.0000, 0.0000, 1.0000///Bero1_Joint
Bero2_Joint///-0.0000, 0.0000, -1.0000, -0.0000,-0.9588, -0.2841, -0.0000, -0.0890,-0.2841, 0.9588, 0.0000, 1.9432,0.0000, 0.0000, 0.0000, 1.0000///Bero1_Joint_pos
Bero3_Joint///-0.0000, 0.0000, -1.0000, -0.0001,-0.9588, -0.2841, -0.0000, -0.1059,-0.2841, 0.9588, 0.0000, 1.9378,0.0000, 0.0000, 0.0000, 1.0000///Bero2_Joint
Neck__offset///0.0000, -0.0000, 1.0000, 0.0000,-0.0000, -1.0000, -0.0000, 0.0000,1.0000, -0.0000, -0.0000, 1.8049,0.0000, 0.0000, 0.0000, 1.0000///Neck
Neck_back__offset///0.0000, -0.0000, 1.0000, 0.0000,-0.0000, -1.0000, -0.0000, 0.0000,1.0000, -0.0000, -0.0000, 1.8051,0.0000, 0.0000, 0.0000, 1.0000///Neck
L_Shoulder///1.0000, -0.0000, -0.0000, 0.1191,-0.0000, -0.0000, -1.0000, 0.0000,0.0000, 1.0000, -0.0000, 1.7335,0.0000, 0.0000, 0.0000, 1.0000///Spine2
L_Arm///1.0000, -0.0000, -0.0000, 0.2858,0.0000, 1.0000, 0.0000, 0.0000,0.0000, -0.0000, 1.0000, 1.7335,0.0000, 0.0000, 0.0000, 1.0000///L_Shoulder
L_ForeArm///1.0000, 0.0000, -0.0000, 0.6048,-0.0000, 1.0000, 0.0000, 0.0000,0.0000, -0.0000, 1.0000, 1.7335,0.0000, 0.0000, 0.0000, 1.0000///L_Arm
L_Hand///1.0000, -0.0000, -0.0000, 0.8790,-0.0000, 0.0000, -1.0000, -0.0000,0.0000, 1.0000, 0.0000, 1.7335,0.0000, 0.0000, 0.0000, 1.0000///L_ForeArm
L_FingerBase///1.0000, -0.0000, -0.0000, 0.8853,-0.0000, 0.0000, -1.0000, -0.0250,0.0000, 1.0000, 0.0000, 1.7335,0.0000, 0.0000, 0.0000, 1.0000///L_Hand
L_Middle///1.0000, -0.0000, -0.0000, 0.8853,-0.0000, 0.0000, -1.0000, -0.0125,0.0000, 1.0000, 0.0000, 1.7335,0.0000, 0.0000, 0.0000, 1.0000///L_FingerBase
L_Ring///1.0000, -0.0000, -0.0000, 0.8853,-0.0000, 0.0000, -1.0000, 0.0000,0.0000, 1.0000, 0.0000, 1.7335,0.0000, 0.0000, 0.0000, 1.0000///L_Middle
L_Pinky///1.0000, -0.0000, -0.0000, 0.8853,-0.0000, 0.0000, -1.0000, 0.0125,0.0000, 1.0000, 0.0000, 1.7335,0.0000, 0.0000, 0.0000, 1.0000///L_Ring
L_Pinky1///1.0000, -0.0000, -0.0000, 1.0140,-0.0000, 0.0000, -1.0000, 0.0481,0.0000, 1.0000, 0.0000, 1.7355,0.0000, 0.0000, 0.0000, 1.0000///L_Pinky
L_Pinky2///1.0000, -0.0000, -0.0000, 1.0740,-0.0000, 0.0000, -1.0000, 0.0481,0.0000, 1.0000, 0.0000, 1.7355,0.0000, 0.0000, 0.0000, 1.0000///L_Pinky1
L_Pinky3///1.0000, -0.0000, -0.0000, 1.1012,-0.0000, 0.0000, -1.0000, 0.0481,0.0000, 1.0000, 0.0000, 1.7355,0.0000, 0.0000, 0.0000, 1.0000///L_Pinky2
L_Pinky4__null///1.0000, -0.0000, -0.0000, 1.1387,-0.0000, 0.0000, -1.0000, 0.0481,0.0000, 1.0000, 0.0000, 1.7355,0.0000, 0.0000, 0.0000, 1.0000///L_Pinky3
L_Ring1///1.0000, -0.0000, -0.0000, 1.0306,-0.0000, 0.0000, -1.0000, 0.0179,0.0000, 1.0000, 0.0000, 1.7378,0.0000, 0.0000, 0.0000, 1.0000///L_Ring
L_Ring2///1.0000, -0.0000, -0.0000, 1.0971,-0.0000, 0.0000, -1.0000, 0.0179,0.0000, 1.0000, 0.0000, 1.7378,0.0000, 0.0000, 0.0000, 1.0000///L_Ring1
L_Ring3///1.0000, -0.0000, -0.0000, 1.1362,-0.0000, 0.0000, -1.0000, 0.0179,0.0000, 1.0000, 0.0000, 1.7378,0.0000, 0.0000, 0.0000, 1.0000///L_Ring2
L_Ring4__null///1.0000, -0.0000, -0.0000, 1.1737,-0.0000, 0.0000, -1.0000, 0.0179,0.0000, 1.0000, 0.0000, 1.7378,0.0000, 0.0000, 0.0000, 1.0000///L_Ring3
L_Middle1///1.0000, -0.0000, -0.0000, 1.0350,-0.0000, 0.0000, -1.0000, -0.0160,0.0000, 1.0000, 0.0000, 1.7402,0.0000, 0.0000, 0.0000, 1.0000///L_Middle
L_Middle2///1.0000, -0.0000, -0.0000, 1.1081,-0.0000, 0.0000, -1.0000, -0.0160,0.0000, 1.0000, 0.0000, 1.7402,0.0000, 0.0000, 0.0000, 1.0000///L_Middle1
L_Middle3///1.0000, -0.0000, -0.0000, 1.1507,-0.0000, 0.0000, -1.0000, -0.0160,0.0000, 1.0000, 0.0000, 1.7402,0.0000, 0.0000, 0.0000, 1.0000///L_Middle2
L_Middle4__null///1.0000, -0.0000, -0.0000, 1.1882,-0.0000, 0.0000, -1.0000, -0.0160,0.0000, 1.0000, 0.0000, 1.7402,0.0000, 0.0000, 0.0000, 1.0000///L_Middle3
L_Index1///1.0000, -0.0000, -0.0000, 1.0350,-0.0000, 0.0000, -1.0000, -0.0515,0.0000, 1.0000, 0.0000, 1.7402,0.0000, 0.0000, 0.0000, 1.0000///L_FingerBase
L_Index2///1.0000, -0.0000, -0.0000, 1.1043,-0.0000, 0.0000, -1.0000, -0.0515,0.0000, 1.0000, 0.0000, 1.7402,0.0000, 0.0000, 0.0000, 1.0000///L_Index1
L_Index3///1.0000, -0.0000, -0.0000, 1.1443,-0.0000, 0.0000, -1.0000, -0.0515,0.0000, 1.0000, 0.0000, 1.7402,0.0000, 0.0000, 0.0000, 1.0000///L_Index2
L_Index4__null///1.0000, -0.0000, -0.0000, 1.1818,-0.0000, 0.0000, -1.0000, -0.0515,0.0000, 1.0000, 0.0000, 1.7402,0.0000, 0.0000, 0.0000, 1.0000///L_Index3
L_Thumb1///0.8053, -0.2750, -0.5252, 0.9095,-0.5122, -0.7689, -0.3827, -0.0558,-0.2986, 0.5772, -0.7601, 1.7152,0.0000, 0.0000, 0.0000, 1.0000///L_FingerBase
L_Thumb2///0.8053, -0.2750, -0.5252, 0.9748,-0.5122, -0.7689, -0.3827, -0.0974,-0.2986, 0.5772, -0.7601, 1.6910,0.0000, 0.0000, 0.0000, 1.0000///L_Thumb1
L_Thumb3///0.8053, -0.2750, -0.5252, 1.0142,-0.5122, -0.7689, -0.3827, -0.1224,-0.2986, 0.5772, -0.7601, 1.6764,0.0000, 0.0000, 0.0000, 1.0000///L_Thumb2
L_Thumb4__null///0.8053, -0.2750, -0.5252, 1.0444,-0.5122, -0.7689, -0.3827, -0.1416,-0.2986, 0.5772, -0.7601, 1.6652,0.0000, 0.0000, 0.0000, 1.0000///L_Thumb3
HLP_L_ForeArm_Mid__offset///1.0000, -0.0000, -0.0000, 0.7598,-0.0000, 0.0000, -1.0000, 0.0000,0.0000, 1.0000, 0.0000, 1.7335,0.0000, 0.0000, 0.0000, 1.0000///L_ForeArm
HLP_L_ForeArm_Btm__offset///1.0000, -0.0000, -0.0000, 0.8552,-0.0000, 0.0000, -1.0000, 0.0000,0.0000, 1.0000, 0.0000, 1.7335,0.0000, 0.0000, 0.0000, 1.0000///L_ForeArm
HLP_L_Elbow__offset///1.0000, 0.0000, -0.0000, 0.6048,-0.0000, 1.0000, 0.0000, 0.0336,0.0000, -0.0000, 1.0000, 1.7335,0.0000, 0.0000, 0.0000, 1.0000///L_ForeArm
L_ForeArm_Slide__offset///1.0000, -0.0000, -0.0000, 0.7332,0.0000, 1.0000, 0.0000, 0.0000,0.0000, -0.0000, 1.0000, 1.7335,0.0000, 0.0000, 0.0000, 1.0000///L_ForeArm
L_ForeArm__offset///1.0000, 0.0000, -0.0000, 0.6049,-0.0000, 1.0000, 0.0000, 0.0000,0.0000, -0.0000, 1.0000, 1.7335,0.0000, 0.0000, 0.0000, 1.0000///L_ForeArm
HLP_L_Arm_Top__offset///1.0000, 0.0000, -0.0000, 0.2859,0.0000, 1.0000, 0.0000, 0.0000,0.0000, 0.0000, 1.0000, 1.7335,0.0000, 0.0000, 0.0000, 1.0000///L_Arm
HLP_L_Arm_Mid__offset///1.0000, -0.0000, -0.0000, 0.4346,0.0000, 1.0000, 0.0000, 0.0000,0.0000, -0.0000, 1.0000, 1.7335,0.0000, 0.0000, 0.0000, 1.0000///L_Arm
L_Bicep_Slide__offset///1.0000, -0.0000, -0.0000, 0.4554,0.0000, 1.0000, 0.0000, -0.0017,0.0000, -0.0000, 1.0000, 1.7336,0.0000, 0.0000, 0.0000, 1.0000///L_Arm
L_Tricep_Slide__offset///1.0000, -0.0000, -0.0000, 0.4554,0.0000, 1.0000, 0.0000, 0.0005,0.0000, -0.0000, 1.0000, 1.7336,0.0000, 0.0000, 0.0000, 1.0000///L_Arm
L_Arm_Btm__offset///1.0000, -0.0000, -0.0000, 0.6047,0.0000, 1.0000, 0.0000, 0.0000,0.0000, -0.0000, 1.0000, 1.7335,0.0000, 0.0000, 0.0000, 1.0000///L_Arm
HLP_L_ShldrBlade__offset///1.0000, -0.0000, -0.0000, 0.1758,0.0000, 1.0000, 0.0000, -0.0011,0.0000, -0.0000, 1.0000, 1.7109,0.0000, 0.0000, 0.0000, 1.0000///L_Shoulder
HLP_L_Shldr_B__offset///1.0000, -0.0000, -0.0000, 0.2857,0.0000, 1.0000, 0.0000, 0.0000,0.0000, -0.0000, 1.0000, 1.7335,0.0000, 0.0000, 0.0000, 1.0000///L_Shoulder
R_Shoulder///-1.0000, -0.0000, -0.0000, -0.1191,0.0000, 0.0000, -1.0000, 0.0000,0.0000, -1.0000, -0.0000, 1.7335,0.0000, 0.0000, 0.0000, 1.0000///Spine2
R_Arm///-1.0000, 0.0000, 0.0000, -0.2858,0.0000, 1.0000, -0.0000, 0.0000,-0.0000, -0.0000, -1.0000, 1.7335,0.0000, 0.0000, 0.0000, 1.0000///R_Shoulder
R_ForeArm///-1.0000, -0.0000, 0.0000, -0.6048,-0.0000, 1.0000, -0.0000, 0.0000,-0.0000, -0.0000, -1.0000, 1.7335,0.0000, 0.0000, 0.0000, 1.0000///R_Arm
R_Hand///-1.0000, 0.0000, 0.0000, -0.8790,-0.0000, -0.0000, -1.0000, 0.0000,0.0000, -1.0000, 0.0000, 1.7335,0.0000, 0.0000, 0.0000, 1.0000///R_ForeArm
R_FingerBase///-1.0000, -0.0000, 0.0000, -0.8853,-0.0000, -0.0000, -1.0000, -0.0250,0.0000, -1.0000, 0.0000, 1.7335,0.0000, 0.0000, 0.0000, 1.0000///R_Hand
R_Middle///-1.0000, -0.0000, 0.0000, -0.8853,-0.0000, -0.0000, -1.0000, -0.0125,0.0000, -1.0000, 0.0000, 1.7335,0.0000, 0.0000, 0.0000, 1.0000///R_FingerBase
R_Ring///-1.0000, -0.0000, 0.0000, -0.8853,-0.0000, -0.0000, -1.0000, 0.0000,0.0000, -1.0000, 0.0000, 1.7335,0.0000, 0.0000, 0.0000, 1.0000///R_Middle
R_Pinky///-1.0000, -0.0000, 0.0000, -0.8853,-0.0000, -0.0000, -1.0000, 0.0125,0.0000, -1.0000, 0.0000, 1.7335,0.0000, 0.0000, 0.0000, 1.0000///R_Ring
R_Pinky1///-1.0000, 0.0000, 0.0000, -1.0140,-0.0000, -0.0000, -1.0000, 0.0481,0.0000, -1.0000, 0.0000, 1.7355,0.0000, 0.0000, 0.0000, 1.0000///R_Pinky
R_Pinky2///-1.0000, 0.0000, 0.0000, -1.0740,-0.0000, -0.0000, -1.0000, 0.0481,0.0000, -1.0000, 0.0000, 1.7355,0.0000, 0.0000, 0.0000, 1.0000///R_Pinky1
R_Pinky3///-1.0000, 0.0000, 0.0000, -1.1012,-0.0000, -0.0000, -1.0000, 0.0481,0.0000, -1.0000, 0.0000, 1.7355,0.0000, 0.0000, 0.0000, 1.0000///R_Pinky2
R_Pinky4__null///-1.0000, 0.0000, 0.0000, -1.1387,-0.0000, -0.0000, -1.0000, 0.0481,0.0000, -1.0000, 0.0000, 1.7355,0.0000, 0.0000, 0.0000, 1.0000///R_Pinky3
R_Ring1///-1.0000, 0.0000, 0.0000, -1.0306,-0.0000, -0.0000, -1.0000, 0.0179,0.0000, -1.0000, 0.0000, 1.7378,0.0000, 0.0000, 0.0000, 1.0000///R_Ring
R_Ring2///-1.0000, 0.0000, 0.0000, -1.0971,-0.0000, -0.0000, -1.0000, 0.0179,0.0000, -1.0000, 0.0000, 1.7378,0.0000, 0.0000, 0.0000, 1.0000///R_Ring1
R_Ring3///-1.0000, 0.0000, 0.0000, -1.1362,-0.0000, -0.0000, -1.0000, 0.0179,0.0000, -1.0000, 0.0000, 1.7378,0.0000, 0.0000, 0.0000, 1.0000///R_Ring2
R_Ring4__null///-1.0000, 0.0000, 0.0000, -1.1737,-0.0000, -0.0000, -1.0000, 0.0179,0.0000, -1.0000, 0.0000, 1.7378,0.0000, 0.0000, 0.0000, 1.0000///R_Ring3
R_Middle1///-1.0000, 0.0000, 0.0000, -1.0350,-0.0000, -0.0000, -1.0000, -0.0160,0.0000, -1.0000, 0.0000, 1.7402,0.0000, 0.0000, 0.0000, 1.0000///R_Middle
R_Middle2///-1.0000, 0.0000, 0.0000, -1.1081,-0.0000, -0.0000, -1.0000, -0.0160,0.0000, -1.0000, 0.0000, 1.7402,0.0000, 0.0000, 0.0000, 1.0000///R_Middle1
R_Middle3///-1.0000, 0.0000, 0.0000, -1.1507,-0.0000, -0.0000, -1.0000, -0.0160,0.0000, -1.0000, 0.0000, 1.7402,0.0000, 0.0000, 0.0000, 1.0000///R_Middle2
R_Middle4__null///-1.0000, 0.0000, 0.0000, -1.1882,-0.0000, -0.0000, -1.0000, -0.0160,0.0000, -1.0000, 0.0000, 1.7402,0.0000, 0.0000, 0.0000, 1.0000///R_Middle3
R_Index1///-1.0000, 0.0000, 0.0000, -1.0350,-0.0000, -0.0000, -1.0000, -0.0515,0.0000, -1.0000, 0.0000, 1.7402,0.0000, 0.0000, 0.0000, 1.0000///R_FingerBase
R_Index2///-1.0000, 0.0000, 0.0000, -1.1043,-0.0000, -0.0000, -1.0000, -0.0515,0.0000, -1.0000, 0.0000, 1.7402,0.0000, 0.0000, 0.0000, 1.0000///R_Index1
R_Index3///-1.0000, 0.0000, 0.0000, -1.1443,-0.0000, -0.0000, -1.0000, -0.0515,0.0000, -1.0000, 0.0000, 1.7402,0.0000, 0.0000, 0.0000, 1.0000///R_Index2
R_Index4__null///-1.0000, 0.0000, 0.0000, -1.1818,-0.0000, -0.0000, -1.0000, -0.0515,0.0000, -1.0000, 0.0000, 1.7402,0.0000, 0.0000, 0.0000, 1.0000///R_Index3
R_Thumb1///-0.8053, -0.2750, 0.5252, -0.9095,-0.5122, 0.7689, -0.3827, -0.0558,-0.2986, -0.5772, -0.7600, 1.7152,0.0000, 0.0000, 0.0000, 1.0000///R_FingerBase
R_Thumb2///-0.8053, -0.2750, 0.5252, -0.9748,-0.5122, 0.7689, -0.3827, -0.0974,-0.2986, -0.5772, -0.7600, 1.6910,0.0000, 0.0000, 0.0000, 1.0000///R_Thumb1
R_Thumb3///-0.8053, -0.2750, 0.5252, -1.0142,-0.5122, 0.7689, -0.3827, -0.1224,-0.2986, -0.5772, -0.7600, 1.6764,0.0000, 0.0000, 0.0000, 1.0000///R_Thumb2
R_Thumb4__null///-0.8053, -0.2750, 0.5252, -1.0444,-0.5122, 0.7689, -0.3827, -0.1416,-0.2986, -0.5772, -0.7600, 1.6652,0.0000, 0.0000, 0.0000, 1.0000///R_Thumb3
HLP_R_ForeArm_Mid__offset///-1.0000, 0.0000, 0.0000, -0.7598,-0.0000, -0.0000, -1.0000, 0.0000,-0.0000, -1.0000, 0.0000, 1.7335,0.0000, 0.0000, 0.0000, 1.0000///R_ForeArm
HLP_R_ForeArm_Btm__offset///-1.0000, 0.0000, 0.0000, -0.8552,-0.0000, -0.0000, -1.0000, 0.0000,0.0000, -1.0000, 0.0000, 1.7335,0.0000, 0.0000, 0.0000, 1.0000///R_ForeArm
HLP_R_Elbow__offset///-1.0000, -0.0000, 0.0000, -0.6048,-0.0000, 1.0000, -0.0000, 0.0336,-0.0000, -0.0000, -1.0000, 1.7335,0.0000, 0.0000, 0.0000, 1.0000///R_ForeArm
R_ForeArm_Slide__offset///-1.0000, 0.0000, 0.0000, -0.7332,-0.0000, -0.0000, -1.0000, 0.0000,-0.0000, -1.0000, 0.0000, 1.7335,0.0000, 0.0000, 0.0000, 1.0000///R_ForeArm
R_ForeArm__offset///-1.0000, -0.0000, 0.0000, -0.6049,-0.0000, 1.0000, -0.0000, 0.0000,-0.0000, -0.0000, -1.0000, 1.7335,0.0000, 0.0000, 0.0000, 1.0000///R_ForeArm
HLP_R_Arm_Top__offset///-1.0000, 0.0000, -0.0000, -0.2859,0.0000, 1.0000, 0.0000, 0.0000,0.0000, 0.0000, -1.0000, 1.7335,0.0000, 0.0000, 0.0000, 1.0000///R_Arm
HLP_R_Arm_Mid__offset///-1.0000, 0.0000, 0.0000, -0.4346,0.0000, 1.0000, -0.0000, 0.0000,-0.0000, -0.0000, -1.0000, 1.7335,0.0000, 0.0000, 0.0000, 1.0000///R_Arm
R_Bicep_Slide__offset///-1.0000, 0.0000, 0.0000, -0.4554,0.0000, 1.0000, -0.0000, -0.0017,-0.0000, -0.0000, -1.0000, 1.7336,0.0000, 0.0000, 0.0000, 1.0000///R_Arm
R_Tricep_Slide__offset///-1.0000, 0.0000, 0.0000, -0.4554,0.0000, 1.0000, -0.0000, 0.0005,-0.0000, -0.0000, -1.0000, 1.7336,0.0000, 0.0000, 0.0000, 1.0000///R_Arm
R_Arm_Btm__offset///-1.0000, 0.0000, 0.0000, -0.6047,0.0000, 1.0000, -0.0000, 0.0000,-0.0000, -0.0000, -1.0000, 1.7335,0.0000, 0.0000, 0.0000, 1.0000///R_Arm
HLP_R_ShldrBlade__offset///-1.0000, 0.0000, 0.0000, -0.1758,0.0000, 1.0000, -0.0000, -0.0011,-0.0000, -0.0000, -1.0000, 1.7109,0.0000, 0.0000, 0.0000, 1.0000///R_Shoulder
HLP_R_Shldr_B__offset///-1.0000, 0.0000, 0.0000, -0.2857,0.0000, 1.0000, -0.0000, 0.0000,-0.0000, -0.0000, -1.0000, 1.7335,0.0000, 0.0000, 0.0000, 1.0000///R_Shoulder
HLP_L_CollarBone__offset///0.9772, -0.0001, 0.2124, 0.0119,0.2124, -0.0000, -0.9772, -0.0595,0.0001, 1.0000, -0.0000, 1.7335,0.0000, 0.0000, 0.0000, 1.0000///Spine2
HLP_L_Shldr_F__offset///0.9752, 0.1486, 0.1639, 0.1609,0.1627, 0.0204, -0.9865, -0.0670,-0.1500, 0.9887, -0.0043, 1.8165,0.0000, 0.0000, 0.0000, 1.0000///HLP_L_CollarBone__offset
L_Shldr_F1__null///0.9752, 0.1486, 0.1639, 0.2770,0.1627, 0.0204, -0.9865, -0.0476,-0.1500, 0.9887, -0.0043, 1.7987,0.0000, 0.0000, 0.0000, 1.0000///HLP_L_Shldr_F__offset
HLP_L_CollarBone_up__offset///0.9772, -0.0001, 0.2124, 0.0119,0.2124, -0.0000, -0.9772, -0.0594,0.0001, 1.0000, -0.0000, 1.7335,0.0000, 0.0000, 0.0000, 1.0000///HLP_L_CollarBone__offset
L_CollarBone1__null///0.9772, -0.0001, 0.2124, 0.2330,0.2124, -0.0000, -0.9772, -0.0115,0.0001, 1.0000, -0.0000, 1.7335,0.0000, 0.0000, 0.0000, 1.0000///HLP_L_CollarBone__offset
HLP_R_CollarBone__offset///-0.9772, -0.0001, -0.2124, -0.0119,0.2124, 0.0000, -0.9772, -0.0595,0.0002, -1.0000, 0.0000, 1.7335,0.0000, 0.0000, 0.0000, 1.0000///Spine2
HLP_R_Shldr_F__offset///-0.9752, -0.1486, 0.1639, -0.1609,0.1627, 0.0204, 0.9865, -0.0670,-0.1500, 0.9887, 0.0043, 1.8165,0.0000, 0.0000, 0.0000, 1.0000///HLP_R_CollarBone__offset
R_Shldr_F1__null///-0.9752, -0.1486, 0.1639, -0.2770,0.1627, 0.0204, 0.9865, -0.0476,-0.1500, 0.9887, 0.0043, 1.7987,0.0000, 0.0000, 0.0000, 1.0000///HLP_R_Shldr_F__offset
HLP_R_CollarBone_up__offset///-0.9772, -0.0001, -0.2124, -0.0119,0.2124, 0.0000, -0.9772, -0.0594,0.0002, -1.0000, 0.0000, 1.7335,0.0000, 0.0000, 0.0000, 1.0000///HLP_R_CollarBone__offset
R_CollarBone1__null///-0.9772, -0.0001, -0.2124, -0.2330,0.2124, 0.0000, -0.9772, -0.0115,0.0002, -1.0000, 0.0000, 1.7335,0.0000, 0.0000, 0.0000, 1.0000///HLP_R_CollarBone__offset
HLP_L_Pectoral__offset///0.9759, -0.2118, 0.0520, 0.0001,0.0508, -0.0110, -0.9986, -0.0226,0.2121, 0.9772, 0.0000, 1.6391,0.0000, 0.0000, 0.0000, 1.0000///Spine2
L_Pectoral__null///0.9759, -0.2118, 0.0520, 0.2325,0.0508, -0.0110, -0.9986, -0.0105,0.2121, 0.9772, -0.0000, 1.6896,0.0000, 0.0000, 0.0000, 1.0000///HLP_L_Pectoral__offset
HLP_L_Pectoral_side__offset///0.9759, -0.2118, 0.0520, 0.0001,0.0508, -0.0110, -0.9986, -0.0226,0.2121, 0.9772, -0.0000, 1.6392,0.0000, 0.0000, 0.0000, 1.0000///HLP_L_Pectoral__offset
HLP_R_Pectoral__offset///-0.9759, 0.2118, 0.0520, -0.0001,0.0508, -0.0110, 0.9986, -0.0226,0.2121, 0.9772, 0.0000, 1.6391,0.0000, 0.0000, 0.0000, 1.0000///Spine2
R_Pectoral__null///-0.9759, 0.2118, 0.0520, -0.2325,0.0508, -0.0110, 0.9986, -0.0105,0.2121, 0.9772, 0.0000, 1.6896,0.0000, 0.0000, 0.0000, 1.0000///HLP_R_Pectoral__offset
HLP_R_Pectoral_side__offset///-0.9759, 0.2118, 0.0520, -0.0001,0.0508, -0.0110, 0.9986, -0.0226,0.2121, 0.9772, 0.0000, 1.6392,0.0000, 0.0000, 0.0000, 1.0000///HLP_R_Pectoral__offset
Spine2__offset///0.0000, -0.0000, 1.0000, 0.0000,-0.0000, -1.0000, -0.0000, 0.0000,1.0000, -0.0000, -0.0000, 1.4714,0.0000, 0.0000, 0.0000, 1.0000///Spine2
Spine2_breast__offset///0.0000, -0.0000, 1.0000, 0.0000,-0.0000, -1.0000, -0.0000, 0.0001,1.0000, -0.0000, -0.0000, 1.4905,0.0000, 0.0000, 0.0000, 1.0000///Spine2__offset
Spine2up__offset///0.0000, -0.0000, 1.0000, 0.0000,-0.0000, -1.0000, -0.0000, 0.0000,1.0000, -0.0000, -0.0000, 1.4716,0.0000, 0.0000, 0.0000, 1.0000///Spine2__offset
Spine2side__offset///0.0000, -0.0000, 1.0000, 0.0000,-0.0000, -1.0000, -0.0000, 0.0000,1.0000, -0.0000, -0.0000, 1.4713,0.0000, 0.0000, 0.0000, 1.0000///Spine2
OPT0_bustL///0.3127, -0.0846, -0.9461, 0.0262,-0.9461, 0.0601, -0.3181, 0.0930,0.0838, 0.9946, -0.0612, 1.5524,0.0000, 0.0000, 0.0000, 1.0000///Spine2
OPT1_bustL///-0.3127, -0.0846, 0.9461, 0.1245,0.9461, 0.0601, 0.3181, -0.2044,-0.0838, 0.9946, 0.0612, 1.5788,0.0000, 0.0000, 0.0000, 1.0000///OPT0_bustL
OPT1_bustL_end///0.9983, -0.0464, 0.0341, 0.0964,0.0316, -0.0539, -0.9980, -0.1195,0.0482, 0.9975, -0.0523, 1.5712,0.0000, 0.0000, 0.0000, 1.0000///OPT1_bustL
OPT2_bustR///0.3127, -0.0845, -0.9461, -0.0260,0.9461, -0.0601, 0.3181, 0.0930,-0.0838, -0.9946, 0.0612, 1.5525,0.0000, 0.0000, 0.0000, 1.0000///Spine2
OPT3_bustR///-0.3127, -0.0845, 0.9461, -0.1243,-0.9461, -0.0601, -0.3181, -0.2044,0.0838, -0.9946, -0.0612, 1.5788,0.0000, 0.0000, 0.0000, 1.0000///OPT2_bustR
OPT1_bustR_end///0.9983, -0.0464, 0.0341, -0.0962,-0.0316, 0.0539, 0.9980, -0.1195,-0.0481, -0.9975, 0.0523, 1.5713,0.0000, 0.0000, 0.0000, 1.0000///OPT3_bustR
Spine1__offset///0.0000, -0.0000, 1.0000, 0.0000,-0.0000, -1.0000, -0.0000, 0.0000,1.0000, -0.0000, -0.0000, 1.3166,0.0000, 0.0000, 0.0000, 1.0000///Spine1
Spine1_front__offset///0.0000, -0.0000, 1.0000, 0.0000,-0.0000, -1.0000, -0.0000, 0.0000,1.0000, -0.0000, -0.0000, 1.3169,0.0000, 0.0000, 0.0000, 1.0000///Spine1
Hip///-0.0000, -0.0000, 1.0000, 0.0000,-0.0000, 1.0000, 0.0000, 0.0000,-1.0000, 0.0000, -0.0000, 1.3168,0.0000, 0.0000, 0.0000, 1.0000///BASE
L_UpLeg///0.0000, 0.0000, 1.0000, 0.1145,-0.0001, 1.0000, -0.0000, -0.0000,-1.0000, -0.0001, 0.0000, 1.1336,0.0000, 0.0000, 0.0000, 1.0000///Hip
L_Leg///0.0000, 0.0000, 1.0000, 0.1145,0.0001, 1.0000, -0.0000, -0.0000,-1.0000, 0.0001, 0.0000, 0.6298,0.0000, 0.0000, 0.0000, 1.0000///L_UpLeg
L_Foot///-0.0000, 0.0000, 1.0000, 0.1145,0.0000, 1.0000, -0.0000, -0.0000,-1.0000, 0.0000, -0.0000, 0.1489,0.0000, 0.0000, 0.0000, 1.0000///L_Leg
L_Toe///-0.0000, -0.0000, 1.0000, 0.1145,-1.0000, 0.0000, -0.0000, -0.1752,0.0000, -1.0000, -0.0000, 0.0346,0.0000, 0.0000, 0.0000, 1.0000///L_Foot
L_Toe1__null///-0.0000, 0.0000, 1.0000, 0.1145,-1.0000, 0.0000, -0.0000, -0.3241,0.0000, -1.0000, 0.0000, 0.0346,0.0000, 0.0000, 0.0000, 1.0000///L_Toe
L_Toe__offset///-0.0000, -0.0000, 1.0000, 0.1145,-1.0000, 0.0000, -0.0000, -0.1753,0.0000, -1.0000, -0.0000, 0.0346,0.0000, 0.0000, 0.0000, 1.0000///L_Toe
ATH_L_Toe_Btm///1.0000, 0.0000, 0.0000, 0.1145,-0.0000, 1.0000, -0.0000, -0.1832,-0.0000, 0.0000, 1.0000, -0.0055,0.0000, 0.0000, 0.0000, 1.0000///L_Toe
L_Foot__offset///-0.0000, 0.0000, 1.0000, 0.1145,0.0000, 1.0000, -0.0000, -0.0000,-1.0000, 0.0000, -0.0000, 0.1487,0.0000, 0.0000, 0.0000, 1.0000///L_Foot
L_Ankle__offset///0.0000, -0.0000, 1.0000, 0.1145,-0.0000, -1.0000, -0.0000, -0.0000,1.0000, -0.0000, -0.0000, 0.1490,0.0000, 0.0000, 0.0000, 1.0000///L_Foot
ATH_L_Foot_Btm///1.0000, 0.0000, 0.0000, 0.1145,-0.0000, 1.0000, -0.0000, -0.0000,-0.0000, 0.0000, 1.0000, -0.0057,0.0000, 0.0000, 0.0000, 1.0000///L_Foot
L_Calf_Slide__offset///1.0000, -0.0000, -0.0000, 0.1145,-0.0000, -0.0001, -1.0000, -0.0000,0.0000, 1.0000, -0.0001, 0.3893,0.0000, 0.0000, 0.0000, 1.0000///L_Leg
L_Leg__offset///0.0000, 0.0000, 1.0000, 0.1145,0.0001, 1.0000, -0.0000, -0.0000,-1.0000, 0.0001, 0.0000, 0.6296,0.0000, 0.0000, 0.0000, 1.0000///L_Leg
HLP_L_Knee__offset///0.0000, 0.0000, 1.0000, 0.1145,0.0000, 1.0000, -0.0000, -0.0230,-1.0000, 0.0000, 0.0000, 0.6298,0.0000, 0.0000, 0.0000, 1.0000///L_UpLeg
HLP_L_UpLeg_Top__offset///0.0000, -0.0000, 1.0000, 0.1145,0.0000, 1.0000, 0.0000, -0.0000,-1.0000, 0.0000, 0.0000, 1.1337,0.0000, 0.0000, 0.0000, 1.0000///L_UpLeg
HLP_L_UpLeg_Mid__offset///0.0000, 0.0000, 1.0000, 0.1145,-0.0000, 1.0000, -0.0000, -0.0000,-1.0000, -0.0000, 0.0000, 0.9046,0.0000, 0.0000, 0.0000, 1.0000///L_UpLeg
L_Thigh_Slide__offset///1.0000, -0.0000, -0.0000, 0.1145,-0.0000, 0.0001, -1.0000, -0.0012,0.0000, 1.0000, 0.0001, 0.8817,0.0000, 0.0000, 0.0000, 1.0000///L_UpLeg
L_UpLeg__offset///0.0000, 0.0000, 1.0000, 0.1145,-0.0001, 1.0000, -0.0000, -0.0000,-1.0000, -0.0001, 0.0000, 1.1334,0.0000, 0.0000, 0.0000, 1.0000///L_UpLeg
R_UpLeg///0.0000, 0.0000, 1.0000, -0.1145,-0.0001, 1.0000, 0.0000, -0.0000,-1.0000, -0.0001, 0.0000, 1.1336,0.0000, 0.0000, 0.0000, 1.0000///Hip
R_Leg///0.0000, 0.0000, 1.0000, -0.1145,0.0001, 1.0000, -0.0000, -0.0000,-1.0000, 0.0001, 0.0000, 0.6298,0.0000, 0.0000, 0.0000, 1.0000///R_UpLeg
R_Foot///0.0013, 0.0000, 1.0000, -0.1145,0.0000, 1.0000, -0.0000, -0.0000,-1.0000, 0.0000, 0.0013, 0.1489,0.0000, 0.0000, 0.0000, 1.0000///R_Leg
R_Toe///-0.0000, 0.0013, 1.0000, -0.1143,-1.0000, 0.0000, -0.0000, -0.1752,-0.0000, -1.0000, 0.0013, 0.0346,0.0000, 0.0000, 0.0000, 1.0000///R_Foot
R_Toe1__null///-0.0000, 0.0013, 1.0000, -0.1143,-1.0000, 0.0000, -0.0000, -0.3241,-0.0000, -1.0000, 0.0013, 0.0346,0.0000, 0.0000, 0.0000, 1.0000///R_Toe
R_Toe__offset///-0.0000, 0.0013, 1.0000, -0.1143,-1.0000, 0.0000, -0.0000, -0.1753,-0.0000, -1.0000, 0.0013, 0.0346,0.0000, 0.0000, 0.0000, 1.0000///R_Toe
ATH_R_Toe_Btm///1.0000, 0.0000, 0.0000, -0.1143,-0.0000, 1.0000, 0.0000, -0.1832,-0.0000, -0.0000, 1.0000, -0.0055,0.0000, 0.0000, 0.0000, 1.0000///R_Toe
R_Foot__offset///0.0013, 0.0000, 1.0000, -0.1145,0.0000, 1.0000, -0.0000, -0.0000,-1.0000, 0.0000, 0.0013, 0.1487,0.0000, 0.0000, 0.0000, 1.0000///R_Foot
R_Ankle__offset///0.0013, 0.0000, 1.0000, -0.1145,0.0000, 1.0000, -0.0000, -0.0000,-1.0000, 0.0000, 0.0013, 0.1490,0.0000, 0.0000, 0.0000, 1.0000///R_Foot
ATH_R_Foot_Btm///1.0000, 0.0000, 0.0000, -0.1143,-0.0000, 1.0000, -0.0000, -0.0000,-0.0000, 0.0000, 1.0000, -0.0057,0.0000, 0.0000, 0.0000, 1.0000///R_Foot
R_Calf_Slide__offset///1.0000, -0.0000, -0.0000, -0.1145,-0.0000, -0.0001, -1.0000, -0.0000,0.0000, 1.0000, -0.0001, 0.3893,0.0000, 0.0000, 0.0000, 1.0000///R_Leg
R_Leg__offset///0.0000, 0.0000, 1.0000, -0.1145,0.0001, 1.0000, -0.0000, -0.0000,-1.0000, 0.0001, 0.0000, 0.6296,0.0000, 0.0000, 0.0000, 1.0000///R_Leg
HLP_R_Knee__offset///0.0000, 0.0000, 1.0000, -0.1145,0.0000, 1.0000, -0.0000, -0.0230,-1.0000, 0.0000, 0.0000, 0.6298,0.0000, 0.0000, 0.0000, 1.0000///R_UpLeg
HLP_R_UpLeg_Top__offset///0.0000, -0.0000, 1.0000, -0.1145,0.0000, 1.0000, 0.0000, -0.0000,-1.0000, 0.0000, 0.0000, 1.1337,0.0000, 0.0000, 0.0000, 1.0000///R_UpLeg
HLP_R_UpLeg_Mid__offset///0.0000, -0.0000, 1.0000, -0.1145,-0.0000, 1.0000, 0.0000, -0.0000,-1.0000, -0.0000, 0.0000, 0.9046,0.0000, 0.0000, 0.0000, 1.0000///R_UpLeg
R_Thigh_Slide__offset///1.0000, -0.0000, -0.0000, -0.1145,-0.0000, 0.0001, -1.0000, -0.0012,0.0000, 1.0000, 0.0001, 0.8817,0.0000, 0.0000, 0.0000, 1.0000///R_UpLeg
R_UpLeg__offset///0.0000, 0.0000, 1.0000, -0.1145,-0.0001, 1.0000, 0.0000, -0.0000,-1.0000, -0.0001, 0.0000, 1.1334,0.0000, 0.0000, 0.0000, 1.0000///R_UpLeg
HLP_L_Butt__offset///0.0000, -0.0000, 1.0000, 0.1146,0.0000, 1.0000, 0.0000, 0.0001,-1.0000, 0.0000, 0.0000, 1.1334,0.0000, 0.0000, 0.0000, 1.0000///Hip
HLP_R_Butt__offset///0.0000, -0.0000, 1.0000, -0.1146,0.0000, 1.0000, 0.0000, 0.0001,-1.0000, 0.0000, 0.0000, 1.1334,0.0000, 0.0000, 0.0000, 1.0000///Hip
HLP_L_Inguinal__offset///-0.1165, -0.0101, -0.9931, 0.1912,0.0867, -0.9962, 0.0000, -0.0571,-0.9894, -0.0861, 0.1169, 1.2813,0.0000, 0.0000, 0.0000, 1.0000///Hip
L_Inguinal1__null///-0.1165, -0.0101, -0.9931, 0.1512,0.0867, -0.9962, -0.0000, -0.0273,-0.9894, -0.0861, 0.1169, 0.9414,0.0000, 0.0000, 0.0000, 1.0000///HLP_L_Inguinal__offset
HLP_R_Inguinal__offset///0.1165, 0.0101, -0.9931, -0.1912,0.0867, -0.9962, 0.0000, -0.0571,-0.9894, -0.0861, -0.1169, 1.2813,0.0000, 0.0000, 0.0000, 1.0000///Hip
R_Inguinal__null///0.1165, 0.0101, -0.9931, -0.1512,0.0867, -0.9962, 0.0000, -0.0273,-0.9894, -0.0861, -0.1169, 0.9414,0.0000, 0.0000, 0.0000, 1.0000///HLP_R_Inguinal__offset
Hip__offset///-0.0000, -0.0000, 1.0000, 0.0000,-0.0000, 1.0000, 0.0000, 0.0000,-1.0000, 0.0000, -0.0000, 1.3169,0.0000, 0.0000, 0.0000, 1.0000///Hip
Hip_front__offset///-0.0000, -0.0000, 1.0000, -0.0000,-0.0000, 1.0000, 0.0000, 0.0000,-1.0000, 0.0000, -0.0000, 1.3166,0.0000, 0.0000, 0.0000, 1.0000///Hip
ATH_cane///-0.0000, 0.0000, 1.0000, -0.2563,0.0000, 1.0000, 0.0000, -0.0000,-1.0000, 0.0000, -0.0000, 1.2471,0.0000, 0.0000, 0.0000, 1.0000///Hip
EDIT__null///1.0000, 0.0000, 0.0000, 0.0014,0.0000, 1.0000, 0.0000, 0.0000,0.0000, 0.0000, 1.0000, -0.0000,0.0000, 0.0000, 0.0000, 1.0000///MODEL_00
Deform__null///1.0000, 0.0000, 0.0000, 0.0083,0.0000, 1.0000, 0.0000, 0.0015,0.0000, 0.0000, 1.0000, -0.0002,0.0000, 0.0000, 0.0000, 1.0000///EDIT__null
