MODEL_00///1.0000, 0.0000, 0.0000, 0.0000,0.0000, 1.0000, 0.0000, -0.0000,0.0000, 0.0000, 1.0000, 0.0000,0.0000, 0.0000, 0.0000, 1.0000///
BODY_SCALE__group///1.0000, 0.0000, 0.0000, 0.0000,0.0000, 0.0000, -1.0000, 0.0000,0.0000, 1.0000, 0.0000, 0.0000,0.0000, 0.0000, 0.0000, 1.0000///MODEL_00
BASE///1.0000, 0.0000, 0.0000, 0.0000,0.0000, -0.0000, -1.0000, 0.0000,0.0000, 1.0000, -0.0000, 1.0925,0.0000, 0.0000, 0.0000, 1.0000///BODY_SCALE__group
Spine1///0.0000, -0.0000, 1.0000, 0.0000,-0.0000, -1.0000, -0.0000, 0.0000,1.0000, -0.0000, -0.0000, 1.0925,0.0000, 0.0000, 0.0000, 1.0000///BASE
Spine2///0.0000, -0.0000, 1.0000, 0.0000,-0.0000, -1.0000, -0.0000, 0.0000,1.0000, -0.0000, -0.0000, 1.2061,0.0000, 0.0000, 0.0000, 1.0000///Spine1
Neck///0.0000, -0.0000, 1.0000, 0.0000,-0.0000, -1.0000, -0.0000, 0.0000,1.0000, -0.0000, -0.0000, 1.4334,0.0000, 0.0000, 0.0000, 1.0000///Spine2
Head///-0.0000, 1.0000, -0.0000, 0.0000,-1.0000, -0.0000, -0.0000, 0.0000,-0.0000, 0.0000, 1.0000, 1.5470,0.0000, 0.0000, 0.0000, 1.0000///Neck
Head__offset///-0.0000, 1.0000, -0.0000, 0.0000,-1.0000, -0.0000, 0.0003, 0.0000,0.0003, 0.0000, 1.0000, 1.5471,0.0000, 0.0000, 0.0000, 1.0000///Head
ATH_Head_Top///1.0000, 0.0000, -0.0000, -0.0000,-0.0000, 1.0000, 0.0000, 0.0000,0.0000, 0.0000, 1.0000, 1.7259,0.0000, 0.0000, 0.0000, 1.0000///Head
L_Mayu2_Joint///1.0000, -0.0000, -0.0000, 0.0362,-0.0000, -0.0000, -1.0000, -0.1137,0.0000, 1.0000, -0.0000, 1.5990,0.0000, 0.0000, 0.0000, 1.0000///Head
L_Mayu3_Joint///1.0000, 0.0000, -0.0000, 0.0560,-0.0000, -0.0000, -1.0000, -0.0949,-0.0000, 1.0000, -0.0000, 1.5987,0.0000, 0.0000, 0.0000, 1.0000///Head
L_Mayu1_Joint///1.0000, -0.0000, -0.0000, 0.0142,-0.0000, -0.0000, -1.0000, -0.1188,0.0000, 1.0000, -0.0000, 1.5939,0.0000, 0.0000, 0.0000, 1.0000///Head
R_Mayu3_Joint///1.0000, -0.0000, -0.0000, -0.0560,-0.0000, -0.0000, -1.0000, -0.0949,0.0000, 1.0000, -0.0000, 1.5987,0.0000, 0.0000, 0.0000, 1.0000///Head
R_Mayu2_Joint///1.0000, -0.0000, -0.0000, -0.0362,-0.0000, -0.0000, -1.0000, -0.1137,0.0000, 1.0000, -0.0000, 1.5990,0.0000, 0.0000, 0.0000, 1.0000///Head
R_Mayu1_Joint///1.0000, -0.0000, -0.0000, -0.0142,-0.0000, -0.0000, -1.0000, -0.1188,0.0000, 1.0000, -0.0000, 1.5939,0.0000, 0.0000, 0.0000, 1.0000///Head
R_Eyecorner///1.0000, -0.0000, -0.0000, -0.0439,-0.0000, -0.0000, -1.0000, -0.0978,0.0000, 1.0000, -0.0000, 1.5861,0.0000, 0.0000, 0.0000, 1.0000///Head
R_UwaMabuta_Joint///1.0000, -0.0000, -0.0000, -0.0290,-0.0000, -0.0000, -1.0000, -0.0884,0.0000, 1.0000, -0.0000, 1.5830,0.0000, 0.0000, 0.0000, 1.0000///Head
R_UpEyelid1///1.0000, -0.0000, -0.0000, -0.0229,-0.0000, -0.0000, -1.0000, -0.1080,0.0000, 1.0000, -0.0000, 1.5862,0.0000, 0.0000, 0.0000, 1.0000///R_UwaMabuta_Joint
R_UpEyelid2///1.0000, -0.0000, -0.0000, -0.0391,-0.0000, -0.0000, -1.0000, -0.1043,0.0000, 1.0000, -0.0000, 1.5883,0.0000, 0.0000, 0.0000, 1.0000///R_UwaMabuta_Joint
L_UwaMabuta_Joint///1.0000, -0.0000, 0.0000, 0.0290,0.0000, -0.0000, -1.0000, -0.0884,0.0000, 1.0000, -0.0000, 1.5830,0.0000, 0.0000, 0.0000, 1.0000///Head
L_UpEyelid2///1.0000, -0.0000, 0.0000, 0.0391,0.0000, -0.0000, -1.0000, -0.1043,0.0000, 1.0000, -0.0000, 1.5883,0.0000, 0.0000, 0.0000, 1.0000///L_UwaMabuta_Joint
L_UpEyelid1///1.0000, -0.0000, 0.0000, 0.0229,0.0000, -0.0000, -1.0000, -0.1080,0.0000, 1.0000, -0.0000, 1.5862,0.0000, 0.0000, 0.0000, 1.0000///L_UwaMabuta_Joint
L_Eyecorner///1.0000, -0.0000, -0.0000, 0.0439,-0.0000, -0.0000, -1.0000, -0.0978,0.0000, 1.0000, -0.0000, 1.5861,0.0000, 0.0000, 0.0000, 1.0000///Head
L_Eye_Joint///1.0000, -0.0000, 0.0000, 0.0290,0.0000, -0.0000, -1.0000, -0.0884,0.0000, 1.0000, -0.0000, 1.5830,0.0000, 0.0000, 0.0000, 1.0000///Head
R_Eye_Joint///1.0000, -0.0000, -0.0000, -0.0290,-0.0000, -0.0000, -1.0000, -0.0884,0.0000, 1.0000, -0.0000, 1.5830,0.0000, 0.0000, 0.0000, 1.0000///Head
R_SitaMabuta_Joint///1.0000, -0.0000, -0.0000, -0.0290,-0.0000, -0.0000, -1.0000, -0.0884,0.0000, 1.0000, -0.0000, 1.5826,0.0000, 0.0000, 0.0000, 1.0000///Head
R_LowEyelid1///1.0000, -0.0000, -0.0000, -0.0271,-0.0000, -0.0000, -1.0000, -0.1050,0.0000, 1.0000, -0.0000, 1.5751,0.0000, 0.0000, 0.0000, 1.0000///R_SitaMabuta_Joint
R_LowEyelid2///1.0000, -0.0000, -0.0000, -0.0393,-0.0000, -0.0000, -1.0000, -0.1025,0.0000, 1.0000, -0.0000, 1.5776,0.0000, 0.0000, 0.0000, 1.0000///R_SitaMabuta_Joint
L_SitaMabuta_Joint///1.0000, -0.0000, -0.0000, 0.0290,-0.0000, -0.0000, -1.0000, -0.0884,0.0000, 1.0000, -0.0000, 1.5826,0.0000, 0.0000, 0.0000, 1.0000///Head
L_LowEyelid2///1.0000, -0.0000, -0.0000, 0.0393,-0.0000, -0.0000, -1.0000, -0.1025,0.0000, 1.0000, -0.0000, 1.5776,0.0000, 0.0000, 0.0000, 1.0000///L_SitaMabuta_Joint
L_LowEyelid1///1.0000, -0.0000, -0.0000, 0.0271,-0.0000, -0.0000, -1.0000, -0.1050,0.0000, 1.0000, -0.0000, 1.5751,0.0000, 0.0000, 0.0000, 1.0000///L_SitaMabuta_Joint
L_Hoho_Joint///1.0000, -0.0000, -0.0000, 0.0512,-0.0000, -0.0000, -1.0000, -0.0951,0.0000, 1.0000, -0.0000, 1.5640,0.0000, 0.0000, 0.0000, 1.0000///Head
L_Hana_Joint///1.0000, -0.0000, -0.0000, 0.0150,-0.0000, -0.0000, -1.0000, -0.1120,0.0000, 1.0000, -0.0000, 1.5650,0.0000, 0.0000, 0.0000, 1.0000///Head
R_Hana_Joint///1.0000, -0.0000, -0.0000, -0.0150,-0.0000, -0.0000, -1.0000, -0.1120,0.0000, 1.0000, -0.0000, 1.5650,0.0000, 0.0000, 0.0000, 1.0000///Head
R_Hoho_Joint///1.0000, -0.0000, -0.0000, -0.0512,-0.0000, -0.0000, -1.0000, -0.0951,0.0000, 1.0000, -0.0000, 1.5640,0.0000, 0.0000, 0.0000, 1.0000///Head
L_Kobana_Joint///1.0000, -0.0000, -0.0000, 0.0095,-0.0000, -0.0000, -1.0000, -0.1164,0.0000, 1.0000, -0.0000, 1.5465,0.0000, 0.0000, 0.0000, 1.0000///Head
R_Kobana_Joint///1.0000, -0.0000, -0.0000, -0.0095,-0.0000, -0.0000, -1.0000, -0.1164,0.0000, 1.0000, -0.0000, 1.5465,0.0000, 0.0000, 0.0000, 1.0000///Head
L_Chobo_Joint///1.0000, -0.0000, -0.0000, 0.0554,-0.0000, -0.0000, -1.0000, -0.0703,0.0000, 1.0000, -0.0000, 1.5340,0.0000, 0.0000, 0.0000, 1.0000///Head
R_Chobo_Joint///1.0000, -0.0000, -0.0000, -0.0554,-0.0000, -0.0000, -1.0000, -0.0703,0.0000, 1.0000, -0.0000, 1.5340,0.0000, 0.0000, 0.0000, 1.0000///Head
L_LipU_Joint///1.0000, -0.0000, -0.0000, 0.0131,-0.0000, -0.0000, -1.0000, -0.1095,0.0000, 1.0000, -0.0000, 1.5320,0.0000, 0.0000, 0.0000, 1.0000///Head
R_LipU_Joint///1.0000, -0.0000, -0.0000, -0.0131,-0.0000, -0.0000, -1.0000, -0.1094,0.0000, 1.0000, -0.0000, 1.5320,0.0000, 0.0000, 0.0000, 1.0000///Head
M_LipU_Joint///1.0000, -0.0000, -0.0000, 0.0000,-0.0000, -0.0000, -1.0000, -0.1143,0.0000, 1.0000, -0.0000, 1.5311,0.0000, 0.0000, 0.0000, 1.0000///Head
Jaw_Joint///1.0000, -0.0000, -0.0000, 0.0000,-0.0000, -0.0000, -1.0000, -0.0375,0.0000, 1.0000, -0.0000, 1.5524,0.0000, 0.0000, 0.0000, 1.0000///Head
L_LipD_Joint///1.0000, -0.0000, -0.0000, 0.0123,-0.0000, -0.0000, -1.0000, -0.1063,0.0000, 1.0000, -0.0000, 1.5178,0.0000, 0.0000, 0.0000, 1.0000///Jaw_Joint
R_LipD_Joint///1.0000, -0.0000, -0.0000, -0.0123,-0.0000, -0.0000, -1.0000, -0.1063,0.0000, 1.0000, -0.0000, 1.5178,0.0000, 0.0000, 0.0000, 1.0000///Jaw_Joint
M_LipD_Joint///1.0000, -0.0000, -0.0000, 0.0000,-0.0000, -0.0000, -1.0000, -0.1112,0.0000, 1.0000, -0.0000, 1.5164,0.0000, 0.0000, 0.0000, 1.0000///Jaw_Joint
L_LipE_Joint///1.0000, -0.0000, -0.0000, 0.0205,-0.0000, -0.0000, -1.0000, -0.0998,0.0000, 1.0000, -0.0000, 1.5227,0.0000, 0.0000, 0.0000, 1.0000///Jaw_Joint
R_LipE_Joint///1.0000, -0.0000, -0.0000, -0.0205,-0.0000, -0.0000, -1.0000, -0.0998,0.0000, 1.0000, -0.0000, 1.5227,0.0000, 0.0000, 0.0000, 1.0000///Jaw_Joint
Bero1_Joint///-0.0002, 0.0008, -1.0000, -0.0000,-0.9772, -0.2124, 0.0000, -0.0619,-0.2124, 0.9772, 0.0008, 1.5265,0.0000, 0.0000, 0.0000, 1.0000///Jaw_Joint
Bero1_Joint_pos///-0.0000, 0.0000, -1.0000, -0.0000,-0.9588, -0.2841, -0.0000, -0.0794,-0.2841, 0.9588, 0.0000, 1.5214,0.0000, 0.0000, 0.0000, 1.0000///Bero1_Joint
Bero2_Joint///-0.0000, 0.0000, -1.0000, -0.0000,-0.9588, -0.2841, -0.0000, -0.0794,-0.2841, 0.9588, 0.0000, 1.5214,0.0000, 0.0000, 0.0000, 1.0000///Bero1_Joint_pos
Bero3_Joint///-0.0000, 0.0000, -1.0000, -0.0000,-0.9588, -0.2841, -0.0000, -0.0984,-0.2841, 0.9588, 0.0000, 1.5158,0.0000, 0.0000, 0.0000, 1.0000///Bero2_Joint
Neck__offset///0.0000, -0.0000, 1.0000, 0.0000,-0.0000, -1.0000, -0.0000, 0.0000,1.0000, -0.0000, -0.0000, 1.4333,0.0000, 0.0000, 0.0000, 1.0000///Neck
Neck_back__offset///0.0000, -0.0001, 1.0000, 0.0000,0.0001, -1.0000, -0.0001, 0.0000,1.0000, 0.0001, -0.0000, 1.4334,0.0000, 0.0000, 0.0000, 1.0000///Neck
L_Shoulder///1.0000, -0.0000, -0.0000, 0.0874,-0.0000, -0.0000, -1.0000, 0.0000,0.0000, 1.0000, -0.0000, 1.3984,0.0000, 0.0000, 0.0000, 1.0000///Spine2
L_Arm///1.0000, -0.0000, -0.0000, 0.1363,0.0000, 1.0000, 0.0000, 0.0000,0.0000, -0.0000, 1.0000, 1.3984,0.0000, 0.0000, 0.0000, 1.0000///L_Shoulder
L_ForeArm///1.0000, 0.0000, -0.0000, 0.4090,-0.0000, 1.0000, 0.0000, 0.0000,0.0000, -0.0000, 1.0000, 1.3984,0.0000, 0.0000, 0.0000, 1.0000///L_Arm
L_Hand///1.0000, -0.0000, -0.0000, 0.6371,-0.0000, 0.0000, -1.0000, -0.0000,0.0000, 1.0000, 0.0000, 1.3984,0.0000, 0.0000, 0.0000, 1.0000///L_ForeArm
L_FingerBase///1.0000, -0.0000, -0.0000, 0.6410,-0.0000, 0.0000, -1.0000, -0.0157,0.0000, 1.0000, 0.0000, 1.3984,0.0000, 0.0000, 0.0000, 1.0000///L_Hand
L_Middle///1.0000, -0.0000, -0.0000, 0.6410,-0.0000, 0.0000, -1.0000, -0.0079,0.0000, 1.0000, 0.0000, 1.3984,0.0000, 0.0000, 0.0000, 1.0000///L_FingerBase
L_Ring///1.0000, -0.0000, -0.0000, 0.6410,-0.0000, 0.0000, -1.0000, 0.0000,0.0000, 1.0000, 0.0000, 1.3984,0.0000, 0.0000, 0.0000, 1.0000///L_Middle
L_Pinky///1.0000, -0.0000, -0.0000, 0.6410,-0.0000, 0.0000, -1.0000, 0.0079,0.0000, 1.0000, 0.0000, 1.3984,0.0000, 0.0000, 0.0000, 1.0000///L_Ring
L_Pinky1///1.0000, -0.0000, -0.0000, 0.7220,-0.0000, 0.0000, -1.0000, 0.0303,0.0000, 1.0000, 0.0000, 1.3997,0.0000, 0.0000, 0.0000, 1.0000///L_Pinky
L_Pinky2///1.0000, -0.0000, -0.0000, 0.7597,-0.0000, 0.0000, -1.0000, 0.0303,0.0000, 1.0000, 0.0000, 1.3997,0.0000, 0.0000, 0.0000, 1.0000///L_Pinky1
L_Pinky3///1.0000, -0.0000, -0.0000, 0.7768,-0.0000, 0.0000, -1.0000, 0.0303,0.0000, 1.0000, 0.0000, 1.3997,0.0000, 0.0000, 0.0000, 1.0000///L_Pinky2
L_Pinky4__null///1.0000, -0.0000, -0.0000, 0.8004,-0.0000, 0.0000, -1.0000, 0.0303,0.0000, 1.0000, 0.0000, 1.3997,0.0000, 0.0000, 0.0000, 1.0000///L_Pinky3
L_Ring1///1.0000, -0.0000, -0.0000, 0.7324,-0.0000, 0.0000, -1.0000, 0.0113,0.0000, 1.0000, 0.0000, 1.4011,0.0000, 0.0000, 0.0000, 1.0000///L_Ring
L_Ring2///1.0000, -0.0000, -0.0000, 0.7742,-0.0000, 0.0000, -1.0000, 0.0113,0.0000, 1.0000, 0.0000, 1.4011,0.0000, 0.0000, 0.0000, 1.0000///L_Ring1
L_Ring3///1.0000, -0.0000, -0.0000, 0.7989,-0.0000, 0.0000, -1.0000, 0.0113,0.0000, 1.0000, 0.0000, 1.4011,0.0000, 0.0000, 0.0000, 1.0000///L_Ring2
L_Ring4__null///1.0000, -0.0000, -0.0000, 0.8225,-0.0000, 0.0000, -1.0000, 0.0113,0.0000, 1.0000, 0.0000, 1.4011,0.0000, 0.0000, 0.0000, 1.0000///L_Ring3
L_Middle1///1.0000, -0.0000, -0.0000, 0.7352,-0.0000, 0.0000, -1.0000, -0.0101,0.0000, 1.0000, 0.0000, 1.4026,0.0000, 0.0000, 0.0000, 1.0000///L_Middle
L_Middle2///1.0000, -0.0000, -0.0000, 0.7812,-0.0000, 0.0000, -1.0000, -0.0101,0.0000, 1.0000, 0.0000, 1.4026,0.0000, 0.0000, 0.0000, 1.0000///L_Middle1
L_Middle3///1.0000, -0.0000, -0.0000, 0.8080,-0.0000, 0.0000, -1.0000, -0.0101,0.0000, 1.0000, 0.0000, 1.4026,0.0000, 0.0000, 0.0000, 1.0000///L_Middle2
L_Middle4__null///1.0000, -0.0000, -0.0000, 0.8316,-0.0000, 0.0000, -1.0000, -0.0101,0.0000, 1.0000, 0.0000, 1.4026,0.0000, 0.0000, 0.0000, 1.0000///L_Middle3
L_Index1///1.0000, -0.0000, -0.0000, 0.7352,-0.0000, 0.0000, -1.0000, -0.0324,0.0000, 1.0000, 0.0000, 1.4026,0.0000, 0.0000, 0.0000, 1.0000///L_FingerBase
L_Index2///1.0000, -0.0000, -0.0000, 0.7788,-0.0000, 0.0000, -1.0000, -0.0324,0.0000, 1.0000, 0.0000, 1.4026,0.0000, 0.0000, 0.0000, 1.0000///L_Index1
L_Index3///1.0000, -0.0000, -0.0000, 0.8040,-0.0000, 0.0000, -1.0000, -0.0324,0.0000, 1.0000, 0.0000, 1.4026,0.0000, 0.0000, 0.0000, 1.0000///L_Index2
L_Index4__null///1.0000, -0.0000, -0.0000, 0.8276,-0.0000, 0.0000, -1.0000, -0.0324,0.0000, 1.0000, 0.0000, 1.4026,0.0000, 0.0000, 0.0000, 1.0000///L_Index3
L_Thumb1///0.8053, -0.2750, -0.5252, 0.6562,-0.5122, -0.7689, -0.3827, -0.0351,-0.2986, 0.5772, -0.7600, 1.3869,0.0000, 0.0000, 0.0000, 1.0000///L_FingerBase
L_Thumb2///0.8053, -0.2750, -0.5252, 0.6973,-0.5122, -0.7689, -0.3827, -0.0612,-0.2986, 0.5772, -0.7601, 1.3717,0.0000, 0.0000, 0.0000, 1.0000///L_Thumb1
L_Thumb3///0.8053, -0.2750, -0.5252, 0.7221,-0.5122, -0.7689, -0.3827, -0.0770,-0.2986, 0.5772, -0.7600, 1.3625,0.0000, 0.0000, 0.0000, 1.0000///L_Thumb2
L_Thumb4__null///0.8053, -0.2750, -0.5252, 0.7411,-0.5122, -0.7689, -0.3827, -0.0891,-0.2986, 0.5772, -0.7601, 1.3554,0.0000, 0.0000, 0.0000, 1.0000///L_Thumb3
HLP_L_ForeArm_Mid__offset///1.0000, -0.0000, -0.0000, 0.5379,-0.0000, 0.0000, -1.0000, 0.0000,0.0000, 1.0000, 0.0000, 1.3984,0.0000, 0.0000, 0.0000, 1.0000///L_ForeArm
HLP_L_ForeArm_Btm__offset///1.0000, -0.0000, -0.0000, 0.6173,-0.0000, 0.0000, -1.0000, 0.0000,0.0000, 1.0000, 0.0000, 1.3984,0.0000, 0.0000, 0.0000, 1.0000///L_ForeArm
HLP_L_Elbow__offset///1.0000, 0.0000, -0.0000, 0.4090,-0.0000, 1.0000, 0.0000, 0.0246,0.0000, -0.0000, 1.0000, 1.3984,0.0000, 0.0000, 0.0000, 1.0000///L_ForeArm
L_ForeArm_Slide__offset///1.0000, -0.0000, -0.0000, 0.5158,0.0000, 1.0000, 0.0000, 0.0000,0.0000, -0.0000, 1.0000, 1.3984,0.0000, 0.0000, 0.0000, 1.0000///L_ForeArm
L_ForeArm__offset///1.0000, 0.0000, -0.0000, 0.4091,-0.0000, 1.0000, 0.0000, 0.0000,0.0000, -0.0000, 1.0000, 1.3984,0.0000, 0.0000, 0.0000, 1.0000///L_ForeArm
HLP_L_Arm_Top__offset///1.0000, 0.0000, -0.0000, 0.1364,0.0000, 1.0000, 0.0000, 0.0000,0.0000, 0.0000, 1.0000, 1.3984,0.0000, 0.0000, 0.0000, 1.0000///L_Arm
HLP_L_Arm_Mid__offset///1.0000, -0.0000, -0.0000, 0.2635,0.0000, 1.0000, 0.0000, 0.0000,0.0000, -0.0000, 1.0000, 1.3984,0.0000, 0.0000, 0.0000, 1.0000///L_Arm
L_Bicep_Slide__offset///1.0000, -0.0000, -0.0000, 0.2813,0.0000, 1.0000, 0.0000, -0.0013,0.0000, -0.0000, 1.0000, 1.3984,0.0000, 0.0000, 0.0000, 1.0000///L_Arm
L_Tricep_Slide__offset///1.0000, -0.0000, -0.0000, 0.2813,0.0000, 1.0000, 0.0000, 0.0004,0.0000, -0.0000, 1.0000, 1.3984,0.0000, 0.0000, 0.0000, 1.0000///L_Arm
L_Arm_Btm__offset///1.0000, -0.0000, -0.0000, 0.4089,0.0000, 1.0000, 0.0000, 0.0000,0.0000, -0.0000, 1.0000, 1.3984,0.0000, 0.0000, 0.0000, 1.0000///L_Arm
HLP_L_ShldrBlade__offset///1.0000, -0.0000, -0.0000, 0.1290,0.0000, 1.0000, 0.0000, -0.0008,0.0000, -0.0000, 1.0000, 1.3818,0.0000, 0.0000, 0.0000, 1.0000///L_Shoulder
HLP_L_Shldr_B__offset///1.0000, -0.0000, -0.0000, 0.1363,0.0000, 1.0000, 0.0000, 0.0000,0.0000, -0.0000, 1.0000, 1.3984,0.0000, 0.0000, 0.0000, 1.0000///L_Shoulder
R_Shoulder///-1.0000, -0.0000, -0.0000, -0.0874,0.0000, 0.0000, -1.0000, 0.0000,0.0000, -1.0000, -0.0000, 1.3984,0.0000, 0.0000, 0.0000, 1.0000///Spine2
R_Arm///-1.0000, 0.0000, 0.0000, -0.1363,0.0000, 1.0000, -0.0000, 0.0000,-0.0000, -0.0000, -1.0000, 1.3984,0.0000, 0.0000, 0.0000, 1.0000///R_Shoulder
R_ForeArm///-1.0000, -0.0000, 0.0000, -0.4090,-0.0000, 1.0000, -0.0000, 0.0000,-0.0000, -0.0000, -1.0000, 1.3984,0.0000, 0.0000, 0.0000, 1.0000///R_Arm
R_Hand///-1.0000, 0.0000, 0.0000, -0.6371,-0.0000, -0.0000, -1.0000, 0.0000,0.0000, -1.0000, 0.0000, 1.3984,0.0000, 0.0000, 0.0000, 1.0000///R_ForeArm
R_FingerBase///-1.0000, -0.0000, 0.0000, -0.6410,-0.0000, -0.0000, -1.0000, -0.0157,0.0000, -1.0000, 0.0000, 1.3984,0.0000, 0.0000, 0.0000, 1.0000///R_Hand
R_Middle///-1.0000, -0.0000, 0.0000, -0.6410,-0.0000, -0.0000, -1.0000, -0.0079,0.0000, -1.0000, 0.0000, 1.3984,0.0000, 0.0000, 0.0000, 1.0000///R_FingerBase
R_Ring///-1.0000, -0.0000, 0.0000, -0.6410,-0.0000, -0.0000, -1.0000, 0.0000,0.0000, -1.0000, 0.0000, 1.3984,0.0000, 0.0000, 0.0000, 1.0000///R_Middle
R_Pinky///-1.0000, -0.0000, 0.0000, -0.6410,-0.0000, -0.0000, -1.0000, 0.0079,0.0000, -1.0000, 0.0000, 1.3984,0.0000, 0.0000, 0.0000, 1.0000///R_Ring
R_Pinky1///-1.0000, 0.0000, 0.0000, -0.7220,-0.0000, -0.0000, -1.0000, 0.0303,0.0000, -1.0000, 0.0000, 1.3996,0.0000, 0.0000, 0.0000, 1.0000///R_Pinky
R_Pinky2///-1.0000, 0.0000, 0.0000, -0.7597,-0.0000, -0.0000, -1.0000, 0.0303,0.0000, -1.0000, 0.0000, 1.3996,0.0000, 0.0000, 0.0000, 1.0000///R_Pinky1
R_Pinky3///-1.0000, 0.0000, 0.0000, -0.7768,-0.0000, -0.0000, -1.0000, 0.0303,0.0000, -1.0000, 0.0000, 1.3996,0.0000, 0.0000, 0.0000, 1.0000///R_Pinky2
R_Pinky4__null///-1.0000, 0.0000, 0.0000, -0.8004,-0.0000, -0.0000, -1.0000, 0.0303,0.0000, -1.0000, 0.0000, 1.3996,0.0000, 0.0000, 0.0000, 1.0000///R_Pinky3
R_Ring1///-1.0000, 0.0000, 0.0000, -0.7324,-0.0000, -0.0000, -1.0000, 0.0113,0.0000, -1.0000, 0.0000, 1.4011,0.0000, 0.0000, 0.0000, 1.0000///R_Ring
R_Ring2///-1.0000, 0.0000, 0.0000, -0.7742,-0.0000, -0.0000, -1.0000, 0.0113,0.0000, -1.0000, 0.0000, 1.4011,0.0000, 0.0000, 0.0000, 1.0000///R_Ring1
R_Ring3///-1.0000, 0.0000, 0.0000, -0.7989,-0.0000, -0.0000, -1.0000, 0.0113,0.0000, -1.0000, 0.0000, 1.4011,0.0000, 0.0000, 0.0000, 1.0000///R_Ring2
R_Ring4__null///-1.0000, 0.0000, 0.0000, -0.8225,-0.0000, -0.0000, -1.0000, 0.0113,0.0000, -1.0000, 0.0000, 1.4011,0.0000, 0.0000, 0.0000, 1.0000///R_Ring3
R_Middle1///-1.0000, 0.0000, 0.0000, -0.7352,-0.0000, -0.0000, -1.0000, -0.0101,0.0000, -1.0000, 0.0000, 1.4026,0.0000, 0.0000, 0.0000, 1.0000///R_Middle
R_Middle2///-1.0000, 0.0000, 0.0000, -0.7812,-0.0000, -0.0000, -1.0000, -0.0101,0.0000, -1.0000, 0.0000, 1.4026,0.0000, 0.0000, 0.0000, 1.0000///R_Middle1
R_Middle3///-1.0000, 0.0000, 0.0000, -0.8080,-0.0000, -0.0000, -1.0000, -0.0101,0.0000, -1.0000, 0.0000, 1.4026,0.0000, 0.0000, 0.0000, 1.0000///R_Middle2
R_Middle4__null///-1.0000, 0.0000, 0.0000, -0.8316,-0.0000, -0.0000, -1.0000, -0.0101,0.0000, -1.0000, 0.0000, 1.4026,0.0000, 0.0000, 0.0000, 1.0000///R_Middle3
R_Index1///-1.0000, 0.0000, 0.0000, -0.7352,-0.0000, -0.0000, -1.0000, -0.0324,0.0000, -1.0000, 0.0000, 1.4026,0.0000, 0.0000, 0.0000, 1.0000///R_FingerBase
R_Index2///-1.0000, 0.0000, 0.0000, -0.7788,-0.0000, -0.0000, -1.0000, -0.0324,0.0000, -1.0000, 0.0000, 1.4026,0.0000, 0.0000, 0.0000, 1.0000///R_Index1
R_Index3///-1.0000, 0.0000, 0.0000, -0.8040,-0.0000, -0.0000, -1.0000, -0.0324,0.0000, -1.0000, 0.0000, 1.4026,0.0000, 0.0000, 0.0000, 1.0000///R_Index2
R_Index4__null///-1.0000, 0.0000, 0.0000, -0.8276,-0.0000, -0.0000, -1.0000, -0.0324,0.0000, -1.0000, 0.0000, 1.4026,0.0000, 0.0000, 0.0000, 1.0000///R_Index3
R_Thumb1///-0.8053, -0.2750, 0.5252, -0.6562,-0.5122, 0.7689, -0.3827, -0.0351,-0.2986, -0.5772, -0.7601, 1.3869,0.0000, 0.0000, 0.0000, 1.0000///R_FingerBase
R_Thumb2///-0.8053, -0.2750, 0.5252, -0.6973,-0.5122, 0.7689, -0.3827, -0.0612,-0.2986, -0.5772, -0.7601, 1.3717,0.0000, 0.0000, 0.0000, 1.0000///R_Thumb1
R_Thumb3///-0.8053, -0.2750, 0.5252, -0.7221,-0.5122, 0.7689, -0.3827, -0.0770,-0.2986, -0.5772, -0.7601, 1.3625,0.0000, 0.0000, 0.0000, 1.0000///R_Thumb2
R_Thumb4__null///-0.8053, -0.2750, 0.5252, -0.7411,-0.5122, 0.7689, -0.3827, -0.0891,-0.2986, -0.5772, -0.7601, 1.3554,0.0000, 0.0000, 0.0000, 1.0000///R_Thumb3
HLP_R_ForeArm_Mid__offset///-1.0000, 0.0000, 0.0000, -0.5379,-0.0000, -0.0000, -1.0000, 0.0000,-0.0000, -1.0000, 0.0000, 1.3984,0.0000, 0.0000, 0.0000, 1.0000///R_ForeArm
HLP_R_ForeArm_Btm__offset///-1.0000, 0.0000, 0.0000, -0.6173,-0.0000, -0.0000, -1.0000, 0.0000,0.0000, -1.0000, 0.0000, 1.3984,0.0000, 0.0000, 0.0000, 1.0000///R_ForeArm
HLP_R_Elbow__offset///-1.0000, -0.0000, 0.0000, -0.4090,-0.0000, 1.0000, -0.0000, 0.0246,-0.0000, -0.0000, -1.0000, 1.3984,0.0000, 0.0000, 0.0000, 1.0000///R_ForeArm
R_ForeArm_Slide__offset///-1.0000, 0.0000, 0.0000, -0.5158,-0.0000, -0.0000, -1.0000, 0.0000,-0.0000, -1.0000, 0.0000, 1.3984,0.0000, 0.0000, 0.0000, 1.0000///R_ForeArm
R_ForeArm__offset///-1.0000, -0.0000, 0.0000, -0.4091,-0.0000, 1.0000, -0.0000, 0.0000,-0.0000, -0.0000, -1.0000, 1.3984,0.0000, 0.0000, 0.0000, 1.0000///R_ForeArm
HLP_R_Arm_Top__offset///-1.0000, 0.0000, -0.0000, -0.1364,0.0000, 1.0000, 0.0000, 0.0000,0.0000, 0.0000, -1.0000, 1.3984,0.0000, 0.0000, 0.0000, 1.0000///R_Arm
HLP_R_Arm_Mid__offset///-1.0000, 0.0000, 0.0000, -0.2635,0.0000, 1.0000, -0.0000, 0.0000,-0.0000, -0.0000, -1.0000, 1.3984,0.0000, 0.0000, 0.0000, 1.0000///R_Arm
R_Bicep_Slide__offset///-1.0000, 0.0000, 0.0000, -0.2813,0.0000, 1.0000, -0.0000, -0.0013,-0.0000, -0.0000, -1.0000, 1.3984,0.0000, 0.0000, 0.0000, 1.0000///R_Arm
R_Tricep_Slide__offset///-1.0000, 0.0000, 0.0000, -0.2813,0.0000, 1.0000, -0.0000, 0.0004,-0.0000, -0.0000, -1.0000, 1.3984,0.0000, 0.0000, 0.0000, 1.0000///R_Arm
R_Arm_Btm__offset///-1.0000, 0.0000, 0.0000, -0.4089,0.0000, 1.0000, -0.0000, 0.0000,-0.0000, -0.0000, -1.0000, 1.3984,0.0000, 0.0000, 0.0000, 1.0000///R_Arm
HLP_R_ShldrBlade__offset///-1.0000, 0.0000, 0.0000, -0.1290,0.0000, 1.0000, -0.0000, -0.0008,-0.0000, -0.0000, -1.0000, 1.3818,0.0000, 0.0000, 0.0000, 1.0000///R_Shoulder
HLP_R_Shldr_B__offset///-1.0000, 0.0000, 0.0000, -0.1363,0.0000, 1.0000, -0.0000, 0.0000,-0.0000, -0.0000, -1.0000, 1.3984,0.0000, 0.0000, 0.0000, 1.0000///R_Shoulder
HLP_L_CollarBone__offset///0.9461, -0.0002, 0.3239, 0.0087,0.3239, -0.0001, -0.9461, -0.0437,0.0002, 1.0000, -0.0000, 1.3984,0.0000, 0.0000, 0.0000, 1.0000///Spine2
HLP_L_Shldr_F__offset///0.9723, 0.1690, 0.1614, 0.1176,0.1614, 0.0143, -0.9868, -0.0354,-0.1691, 0.9855, -0.0134, 1.4575,0.0000, 0.0000, 0.0000, 1.0000///HLP_L_CollarBone__offset
L_Shldr_F1__null///0.9723, 0.1690, 0.1614, 0.2026,0.1614, 0.0143, -0.9868, -0.0213,-0.1691, 0.9855, -0.0134, 1.4427,0.0000, 0.0000, 0.0000, 1.0000///HLP_L_Shldr_F__offset
HLP_L_CollarBone_up__offset///0.9461, -0.0002, 0.3239, 0.0087,0.3239, -0.0001, -0.9461, -0.0436,0.0002, 1.0000, -0.0000, 1.3984,0.0000, 0.0000, 0.0000, 1.0000///HLP_L_CollarBone__offset
L_CollarBone1__null///0.9461, -0.0002, 0.3239, 0.1658,0.3239, -0.0001, -0.9461, 0.0101,0.0002, 1.0000, -0.0000, 1.3984,0.0000, 0.0000, 0.0000, 1.0000///HLP_L_CollarBone__offset
HLP_R_CollarBone__offset///-0.9461, -0.0002, -0.3239, -0.0087,0.3239, 0.0001, -0.9461, -0.0437,0.0002, -1.0000, -0.0000, 1.3984,0.0000, 0.0000, 0.0000, 1.0000///Spine2
HLP_R_Shldr_F__offset///-0.9723, -0.1690, 0.1614, -0.1176,0.1614, 0.0143, 0.9868, -0.0355,-0.1691, 0.9855, 0.0134, 1.4575,0.0000, 0.0000, 0.0000, 1.0000///HLP_R_CollarBone__offset
R_Shldr_F1__null///-0.9723, -0.1690, 0.1614, -0.2026,0.1614, 0.0143, 0.9868, -0.0213,-0.1691, 0.9855, 0.0134, 1.4427,0.0000, 0.0000, 0.0000, 1.0000///HLP_R_Shldr_F__offset
HLP_R_CollarBone_up__offset///-0.9461, -0.0002, -0.3239, -0.0087,0.3239, 0.0001, -0.9461, -0.0436,0.0002, -1.0000, -0.0000, 1.3984,0.0000, 0.0000, 0.0000, 1.0000///HLP_R_CollarBone__offset
R_CollarBone1__null///-0.9461, -0.0002, -0.3239, -0.1659,0.3239, 0.0001, -0.9461, 0.0101,0.0002, -1.0000, -0.0000, 1.3984,0.0000, 0.0000, 0.0000, 1.0000///HLP_R_CollarBone__offset
HLP_L_Pectoral__offset///0.9653, -0.2535, 0.0629, 0.0001,0.0609, -0.0160, -0.9980, -0.0166,0.2540, 0.9672, 0.0000, 1.3291,0.0000, 0.0000, 0.0000, 1.0000///Spine2
L_Pectoral__null///0.9653, -0.2535, 0.0629, 0.1688,0.0609, -0.0160, -0.9980, -0.0060,0.2540, 0.9672, -0.0000, 1.3735,0.0000, 0.0000, 0.0000, 1.0000///HLP_L_Pectoral__offset
HLP_L_Pectoral_side__offset///0.9653, -0.2535, 0.0629, 0.0001,0.0609, -0.0160, -0.9980, -0.0166,0.2540, 0.9672, -0.0000, 1.3292,0.0000, 0.0000, 0.0000, 1.0000///HLP_L_Pectoral__offset
HLP_R_Pectoral__offset///-0.9653, 0.2535, 0.0629, -0.0001,0.0609, -0.0160, 0.9980, -0.0166,0.2540, 0.9672, 0.0000, 1.3291,0.0000, 0.0000, 0.0000, 1.0000///Spine2
R_Pectoral__null///-0.9653, 0.2535, 0.0629, -0.1688,0.0609, -0.0160, 0.9980, -0.0060,0.2540, 0.9672, 0.0000, 1.3735,0.0000, 0.0000, 0.0000, 1.0000///HLP_R_Pectoral__offset
HLP_R_Pectoral_side__offset///-0.9653, 0.2535, 0.0629, -0.0001,0.0609, -0.0160, 0.9980, -0.0166,0.2540, 0.9672, 0.0000, 1.3292,0.0000, 0.0000, 0.0000, 1.0000///HLP_R_Pectoral__offset
Spine2__offset///0.0000, -0.0000, 1.0000, 0.0000,-0.0000, -1.0000, -0.0000, 0.0000,1.0000, -0.0000, -0.0000, 1.2060,0.0000, 0.0000, 0.0000, 1.0000///Spine2
Spine2_breast__offset///0.0000, -0.0000, 1.0000, 0.0000,-0.0000, -1.0000, -0.0000, 0.0001,1.0000, -0.0000, -0.0000, 1.2402,0.0000, 0.0000, 0.0000, 1.0000///Spine2__offset
Spine2up__offset///0.0000, -0.0000, 1.0000, 0.0000,-0.0000, -1.0000, -0.0000, 0.0000,1.0000, -0.0000, -0.0000, 1.2061,0.0000, 0.0000, 0.0000, 1.0000///Spine2__offset
Spine2side__offset///0.0000, -0.0000, 1.0000, 0.0000,-0.0000, -1.0000, -0.0000, 0.0000,1.0000, -0.0000, -0.0000, 1.2059,0.0000, 0.0000, 0.0000, 1.0000///Spine2
OPT0_bustL///0.3127, -0.0846, -0.9461, 0.0192,-0.9461, 0.0601, -0.3181, 0.0682,0.0838, 0.9946, -0.0612, 1.2655,0.0000, 0.0000, 0.0000, 1.0000///Spine2
OPT1_bustL///-0.3127, -0.0846, 0.9461, 0.0895,0.9461, 0.0601, 0.3181, -0.1444,-0.0838, 0.9946, 0.0612, 1.2843,0.0000, 0.0000, 0.0000, 1.0000///OPT0_bustL
OPT1_bustL_end///0.9983, -0.0464, 0.0341, 0.0739,0.0316, -0.0539, -0.9980, -0.0973,0.0482, 0.9975, -0.0523, 1.2801,0.0000, 0.0000, 0.0000, 1.0000///OPT1_bustL
OPT2_bustR///0.3127, -0.0845, -0.9461, -0.0191,0.9461, -0.0601, 0.3181, 0.0682,-0.0838, -0.9946, 0.0612, 1.2655,0.0000, 0.0000, 0.0000, 1.0000///Spine2
OPT3_bustR///-0.3127, -0.0845, 0.9461, -0.0893,-0.9461, -0.0601, -0.3181, -0.1444,0.0838, -0.9946, -0.0612, 1.2843,0.0000, 0.0000, 0.0000, 1.0000///OPT2_bustR
OPT1_bustR_end///0.9983, -0.0464, 0.0341, -0.0738,-0.0316, 0.0539, 0.9980, -0.0973,-0.0481, -0.9975, 0.0523, 1.2802,0.0000, 0.0000, 0.0000, 1.0000///OPT3_bustR
SWG_OPT0_bustL__swing///0.3127, -0.9139, 0.2588, 0.0192,-0.9461, -0.3238, 0.0000, 0.0682,0.0838, -0.2448, -0.9659, 1.2655,0.0000, 0.0000, 0.0000, 1.0000///Spine2
SWG_OPT1_bustL__swing///-0.3127, 0.2406, 0.9189, 0.0895,0.9461, 0.1642, 0.2790, -0.1444,-0.0838, 0.9566, -0.2790, 1.2843,0.0000, 0.0000, 0.0000, 1.0000///SWG_OPT0_bustL__swing
SWG_OPT_bustL__null///0.3127, -0.2827, 0.9068, 0.0739,-0.9461, -0.1769, 0.2712, -0.0973,0.0838, -0.9427, -0.3228, 1.2801,0.0000, 0.0000, 0.0000, 1.0000///SWG_OPT1_bustL__swing
SWG_OPT2_bustR__swing///-0.3127, -0.9139, -0.2588, -0.0191,-0.9461, 0.3238, -0.0000, 0.0682,0.0838, 0.2448, -0.9659, 1.2655,0.0000, 0.0000, 0.0000, 1.0000///Spine2
SWG_OPT3_bustR__swing///0.3127, -0.2406, 0.9189, -0.0893,0.9461, 0.1642, -0.2790, -0.1444,-0.0838, 0.9566, 0.2790, 1.2843,0.0000, 0.0000, 0.0000, 1.0000///SWG_OPT2_bustR__swing
SWG_OPT_bustR__null///-0.3127, 0.2827, 0.9068, -0.0738,-0.9461, -0.1769, -0.2712, -0.0973,0.0838, -0.9427, 0.3228, 1.2802,0.0000, 0.0000, 0.0000, 1.0000///SWG_OPT3_bustR__swing
Spine1__offset///0.0000, -0.0000, 1.0000, 0.0000,-0.0000, -1.0000, -0.0000, 0.0000,1.0000, -0.0000, -0.0000, 1.0924,0.0000, 0.0000, 0.0000, 1.0000///Spine1
Spine1_front__offset///0.0000, -0.0000, 1.0000, 0.0000,-0.0000, -1.0000, -0.0000, 0.0000,1.0000, -0.0000, -0.0000, 1.0926,0.0000, 0.0000, 0.0000, 1.0000///Spine1
Hip///-0.0000, -0.0000, 1.0000, 0.0000,-0.0000, 1.0000, 0.0000, 0.0000,-1.0000, 0.0000, -0.0000, 1.0925,0.0000, 0.0000, 0.0000, 1.0000///BASE
L_UpLeg///0.0000, 0.0000, 1.0000, 0.0950,-0.0001, 1.0000, -0.0000, -0.0000,-1.0000, -0.0001, 0.0000, 0.9405,0.0000, 0.0000, 0.0000, 1.0000///Hip
L_Leg///0.0000, 0.0000, 1.0000, 0.0950,0.0001, 1.0000, -0.0000, -0.0000,-1.0000, 0.0001, 0.0000, 0.5225,0.0000, 0.0000, 0.0000, 1.0000///L_UpLeg
L_Foot///-0.0000, 0.0000, 1.0000, 0.0950,0.0000, 1.0000, -0.0000, -0.0000,-1.0000, 0.0000, -0.0000, 0.1235,0.0000, 0.0000, 0.0000, 1.0000///L_Leg
L_Toe///-0.0000, 0.0000, 1.0000, 0.0950,-1.0000, 0.0000, -0.0000, -0.1454,0.0000, -1.0000, 0.0000, 0.0287,0.0000, 0.0000, 0.0000, 1.0000///L_Foot
L_Toe1__null///-0.0000, 0.0000, 1.0000, 0.0950,-1.0000, 0.0000, -0.0000, -0.2689,-0.0000, -1.0000, 0.0000, 0.0287,0.0000, 0.0000, 0.0000, 1.0000///L_Toe
L_Toe__offset///-0.0000, 0.0000, 1.0000, 0.0950,-1.0000, 0.0000, -0.0000, -0.1455,0.0000, -1.0000, 0.0000, 0.0287,0.0000, 0.0000, 0.0000, 1.0000///L_Toe
ATH_L_Toe_Btm///1.0000, 0.0000, -0.0000, 0.0950,-0.0000, 1.0000, -0.0000, -0.1520,0.0000, 0.0000, 1.0000, -0.0046,0.0000, 0.0000, 0.0000, 1.0000///L_Toe
L_Foot__offset///-0.0000, 0.0000, 1.0000, 0.0950,0.0000, 1.0000, -0.0000, -0.0000,-1.0000, 0.0000, -0.0000, 0.1234,0.0000, 0.0000, 0.0000, 1.0000///L_Foot
L_Ankle__offset///-0.0000, 0.0000, 1.0000, 0.0950,0.0000, 1.0000, -0.0000, -0.0000,-1.0000, 0.0000, -0.0000, 0.1236,0.0000, 0.0000, 0.0000, 1.0000///L_Foot
ATH_L_Foot_Btm///1.0000, 0.0000, 0.0000, 0.0950,-0.0000, 1.0000, -0.0000, -0.0000,-0.0000, 0.0000, 1.0000, -0.0048,0.0000, 0.0000, 0.0000, 1.0000///L_Foot
L_Calf_Slide__offset///1.0000, -0.0000, -0.0000, 0.0950,-0.0000, -0.0001, -1.0000, -0.0000,0.0000, 1.0000, -0.0001, 0.3230,0.0000, 0.0000, 0.0000, 1.0000///L_Leg
L_Leg__offset///0.0000, 0.0000, 1.0000, 0.0950,0.0001, 1.0000, -0.0000, -0.0000,-1.0000, 0.0001, 0.0000, 0.5224,0.0000, 0.0000, 0.0000, 1.0000///L_Leg
HLP_L_Knee__offset///0.0000, 0.0000, 1.0000, 0.0950,0.0000, 1.0000, -0.0000, -0.0191,-1.0000, 0.0000, 0.0000, 0.5225,0.0000, 0.0000, 0.0000, 1.0000///L_UpLeg
HLP_L_UpLeg_Top__offset///0.0000, -0.0000, 1.0000, 0.0950,0.0000, 1.0000, 0.0000, -0.0000,-1.0000, 0.0000, 0.0000, 0.9406,0.0000, 0.0000, 0.0000, 1.0000///L_UpLeg
HLP_L_UpLeg_Mid__offset///0.0000, 0.0000, 1.0000, 0.0950,-0.0000, 1.0000, -0.0000, -0.0000,-1.0000, -0.0000, 0.0000, 0.7505,0.0000, 0.0000, 0.0000, 1.0000///L_UpLeg
L_Thigh_Slide__offset///1.0000, -0.0000, -0.0000, 0.0950,-0.0000, 0.0001, -1.0000, -0.0010,0.0000, 1.0000, 0.0001, 0.7315,0.0000, 0.0000, 0.0000, 1.0000///L_UpLeg
L_UpLeg__offset///0.0000, 0.0000, 1.0000, 0.0950,-0.0001, 1.0000, -0.0000, -0.0000,-1.0000, -0.0001, 0.0000, 0.9404,0.0000, 0.0000, 0.0000, 1.0000///L_UpLeg
R_UpLeg///0.0000, 0.0000, 1.0000, -0.0950,-0.0001, 1.0000, 0.0000, -0.0000,-1.0000, -0.0001, 0.0000, 0.9405,0.0000, 0.0000, 0.0000, 1.0000///Hip
R_Leg///0.0000, 0.0000, 1.0000, -0.0950,0.0001, 1.0000, -0.0000, -0.0000,-1.0000, 0.0001, 0.0000, 0.5225,0.0000, 0.0000, 0.0000, 1.0000///R_UpLeg
R_Foot///0.0013, 0.0000, 1.0000, -0.0950,0.0000, 1.0000, -0.0000, -0.0000,-1.0000, 0.0000, 0.0013, 0.1235,0.0000, 0.0000, 0.0000, 1.0000///R_Leg
R_Toe///-0.0000, 0.0013, 1.0000, -0.0949,-1.0000, 0.0000, -0.0000, -0.1454,-0.0000, -1.0000, 0.0013, 0.0287,0.0000, 0.0000, 0.0000, 1.0000///R_Foot
R_Toe1__null///-0.0000, 0.0013, 1.0000, -0.0949,-1.0000, 0.0000, -0.0000, -0.2689,0.0000, -1.0000, 0.0013, 0.0287,0.0000, 0.0000, 0.0000, 1.0000///R_Toe
R_Toe__offset///-0.0000, 0.0013, 1.0000, -0.0949,-1.0000, 0.0000, -0.0000, -0.1455,-0.0000, -1.0000, 0.0013, 0.0287,0.0000, 0.0000, 0.0000, 1.0000///R_Toe
ATH_R_Toe_Btm///1.0000, 0.0000, 0.0000, -0.0948,-0.0000, 1.0000, 0.0000, -0.1520,-0.0000, -0.0000, 1.0000, -0.0046,0.0000, 0.0000, 0.0000, 1.0000///R_Toe
R_Foot__offset///0.0013, 0.0000, 1.0000, -0.0950,0.0000, 1.0000, -0.0000, -0.0000,-1.0000, 0.0000, 0.0013, 0.1234,0.0000, 0.0000, 0.0000, 1.0000///R_Foot
R_Ankle__offset///-0.0013, -0.0000, 1.0000, -0.0950,-0.0000, -1.0000, -0.0000, -0.0000,1.0000, -0.0000, 0.0013, 0.1236,0.0000, 0.0000, 0.0000, 1.0000///R_Foot
ATH_R_Foot_Btm///1.0000, 0.0000, 0.0000, -0.0948,-0.0000, 1.0000, -0.0000, -0.0000,-0.0000, 0.0000, 1.0000, -0.0047,0.0000, 0.0000, 0.0000, 1.0000///R_Foot
R_Calf_Slide__offset///1.0000, -0.0000, 0.0000, -0.0950,0.0000, -0.0001, -1.0000, -0.0000,0.0000, 1.0000, -0.0001, 0.3230,0.0000, 0.0000, 0.0000, 1.0000///R_Leg
R_Leg__offset///0.0000, 0.0000, 1.0000, -0.0950,0.0001, 1.0000, -0.0000, -0.0000,-1.0000, 0.0001, 0.0000, 0.5224,0.0000, 0.0000, 0.0000, 1.0000///R_Leg
HLP_R_Knee__offset///0.0000, 0.0000, 1.0000, -0.0950,0.0000, 1.0000, -0.0000, -0.0191,-1.0000, 0.0000, 0.0000, 0.5225,0.0000, 0.0000, 0.0000, 1.0000///R_UpLeg
HLP_R_UpLeg_Top__offset///0.0000, -0.0000, 1.0000, -0.0950,0.0000, 1.0000, 0.0000, -0.0000,-1.0000, 0.0000, 0.0000, 0.9406,0.0000, 0.0000, 0.0000, 1.0000///R_UpLeg
HLP_R_UpLeg_Mid__offset///0.0000, -0.0000, 1.0000, -0.0950,-0.0000, 1.0000, 0.0000, -0.0000,-1.0000, -0.0000, 0.0000, 0.7505,0.0000, 0.0000, 0.0000, 1.0000///R_UpLeg
R_Thigh_Slide__offset///1.0000, -0.0000, 0.0000, -0.0950,0.0000, 0.0001, -1.0000, -0.0010,0.0000, 1.0000, 0.0001, 0.7315,0.0000, 0.0000, 0.0000, 1.0000///R_UpLeg
R_UpLeg__offset///0.0000, 0.0000, 1.0000, -0.0950,-0.0001, 1.0000, 0.0000, -0.0000,-1.0000, -0.0001, 0.0000, 0.9404,0.0000, 0.0000, 0.0000, 1.0000///R_UpLeg
HLP_L_Butt__offset///0.0000, -0.0000, 1.0000, 0.0951,0.0000, 1.0000, 0.0000, 0.0001,-1.0000, 0.0000, 0.0000, 0.9404,0.0000, 0.0000, 0.0000, 1.0000///Hip
HLP_R_Butt__offset///0.0000, -0.0000, 1.0000, -0.0951,0.0000, 1.0000, 0.0000, 0.0001,-1.0000, 0.0000, 0.0000, 0.9404,0.0000, 0.0000, 0.0000, 1.0000///Hip
HLP_L_Inguinal__offset///-0.1165, -0.0101, -0.9932, 0.1586,0.0867, -0.9962, -0.0000, -0.0474,-0.9894, -0.0861, 0.1169, 1.0630,0.0000, 0.0000, 0.0000, 1.0000///Hip
L_Inguinal1__null///-0.1165, -0.0101, -0.9932, 0.1254,0.0867, -0.9962, -0.0000, -0.0227,-0.9894, -0.0861, 0.1169, 0.7811,0.0000, 0.0000, 0.0000, 1.0000///HLP_L_Inguinal__offset
HLP_R_Inguinal__offset///0.1165, 0.0101, -0.9932, -0.1586,0.0867, -0.9962, -0.0000, -0.0474,-0.9894, -0.0861, -0.1169, 1.0631,0.0000, 0.0000, 0.0000, 1.0000///Hip
R_Inguinal__null///0.1165, 0.0101, -0.9932, -0.1254,0.0867, -0.9962, -0.0000, -0.0227,-0.9894, -0.0861, -0.1169, 0.7811,0.0000, 0.0000, 0.0000, 1.0000///HLP_R_Inguinal__offset
Hip__offset///-0.0000, -0.0000, 1.0000, 0.0000,-0.0000, 1.0000, 0.0000, 0.0000,-1.0000, 0.0000, -0.0000, 1.0926,0.0000, 0.0000, 0.0000, 1.0000///Hip
Hip_front__offset///-0.0000, -0.0000, 1.0000, -0.0000,-0.0000, 1.0000, 0.0000, 0.0000,-1.0000, 0.0000, -0.0000, 1.0924,0.0000, 0.0000, 0.0000, 1.0000///Hip
EDIT__null///1.0000, 0.0000, 0.0000, 0.0014,0.0000, 1.0000, 0.0000, 0.0000,0.0000, 0.0000, 1.0000, -0.0000,0.0000, 0.0000, 0.0000, 1.0000///MODEL_00
Deform__null///1.0000, 0.0000, 0.0000, 0.0083,0.0000, 1.0000, 0.0000, 0.0015,0.0000, 0.0000, 1.0000, -0.0002,0.0000, 0.0000, 0.0000, 1.0000///EDIT__null
