MODEL_00///1.0000, 0.0000, 0.0000, 0.0000,0.0000, 1.0000, 0.0000, -0.0000,0.0000, 0.0000, 1.0000, 0.0000,0.0000, 0.0000, 0.0000, 1.0000///
BODY_SCALE__group///1.0000, 0.0000, 0.0000, 0.0000,0.0000, 0.0000, -1.0000, 0.0000,0.0000, 1.0000, 0.0000, 0.0000,0.0000, 0.0000, 0.0000, 1.0000///MODEL_00
BASE///1.0000, 0.0000, 0.0000, 0.0000,0.0000, -0.0000, -1.0000, 0.0000,0.0000, 1.0000, -0.0000, 1.0867,0.0000, 0.0000, 0.0000, 1.0000///BODY_SCALE__group
Spine1///0.0000, -0.0000, 1.0000, 0.0000,-0.0000, -1.0000, -0.0000, 0.0000,1.0000, -0.0000, -0.0000, 1.0867,0.0000, 0.0000, 0.0000, 1.0000///BASE
Spine2///0.0000, -0.0000, 1.0000, 0.0000,-0.0000, -1.0000, -0.0000, 0.0000,1.0000, -0.0000, -0.0000, 1.1985,0.0000, 0.0000, 0.0000, 1.0000///Spine1
Neck///0.0000, -0.0000, 1.0000, 0.0000,-0.0000, -1.0000, -0.0000, 0.0000,1.0000, -0.0000, -0.0000, 1.4393,0.0000, 0.0000, 0.0000, 1.0000///Spine2
Head///-0.0000, 1.0000, -0.0000, 0.0000,-1.0000, -0.0000, -0.0000, 0.0000,-0.0000, 0.0000, 1.0000, 1.5382,0.0000, 0.0000, 0.0000, 1.0000///Neck
Head__offset///-0.0000, 1.0000, -0.0000, 0.0000,-1.0000, -0.0000, 0.0003, 0.0000,0.0003, 0.0000, 1.0000, 1.5383,0.0000, 0.0000, 0.0000, 1.0000///Head
ATH_Head_Top///1.0000, -0.0000, 0.0000, -0.0000,0.0000, 1.0000, 0.0000, 0.0000,-0.0000, 0.0000, 1.0000, 1.7030,0.0000, 0.0000, 0.0000, 1.0000///Head
L_Mayu2_Joint///1.0000, 0.0000, -0.0000, 0.0368,-0.0000, -0.0000, -1.0000, -0.1184,-0.0000, 1.0000, -0.0000, 1.5964,0.0000, 0.0000, 0.0000, 1.0000///Head
L_Mayu3_Joint///1.0000, 0.0000, -0.0000, 0.0538,-0.0000, -0.0000, -1.0000, -0.1024,-0.0000, 1.0000, -0.0000, 1.5948,0.0000, 0.0000, 0.0000, 1.0000///Head
L_Mayu1_Joint///1.0000, 0.0000, -0.0000, 0.0162,-0.0000, -0.0000, -1.0000, -0.1219,-0.0000, 1.0000, -0.0000, 1.5922,0.0000, 0.0000, 0.0000, 1.0000///Head
R_Mayu3_Joint///1.0000, 0.0000, -0.0000, -0.0538,-0.0000, -0.0000, -1.0000, -0.1024,-0.0000, 1.0000, -0.0000, 1.5948,0.0000, 0.0000, 0.0000, 1.0000///Head
R_Mayu2_Joint///1.0000, 0.0000, -0.0000, -0.0368,-0.0000, -0.0000, -1.0000, -0.1184,-0.0000, 1.0000, -0.0000, 1.5964,0.0000, 0.0000, 0.0000, 1.0000///Head
R_Mayu1_Joint///1.0000, 0.0000, -0.0000, -0.0162,-0.0000, -0.0000, -1.0000, -0.1219,-0.0000, 1.0000, -0.0000, 1.5922,0.0000, 0.0000, 0.0000, 1.0000///Head
R_Eyecorner///1.0000, 0.0000, -0.0000, -0.0475,-0.0000, -0.0000, -1.0000, -0.1019,-0.0000, 1.0000, -0.0000, 1.5775,0.0000, 0.0000, 0.0000, 1.0000///Head
R_UwaMabuta_Joint///1.0000, 0.0000, -0.0000, -0.0306,-0.0000, -0.0000, -1.0000, -0.0936,-0.0000, 1.0000, -0.0000, 1.5800,0.0000, 0.0000, 0.0000, 1.0000///Head
R_UpEyelid1///1.0000, 0.0000, -0.0000, -0.0261,-0.0000, -0.0000, -1.0000, -0.1126,-0.0000, 1.0000, -0.0000, 1.5835,0.0000, 0.0000, 0.0000, 1.0000///R_UwaMabuta_Joint
R_UpEyelid2///1.0000, 0.0000, -0.0000, -0.0410,-0.0000, -0.0000, -1.0000, -0.1093,-0.0000, 1.0000, -0.0000, 1.5834,0.0000, 0.0000, 0.0000, 1.0000///R_UwaMabuta_Joint
L_UwaMabuta_Joint///1.0000, 0.0000, 0.0000, 0.0306,0.0000, -0.0000, -1.0000, -0.0936,-0.0000, 1.0000, -0.0000, 1.5800,0.0000, 0.0000, 0.0000, 1.0000///Head
L_UpEyelid2///1.0000, 0.0000, 0.0000, 0.0410,0.0000, -0.0000, -1.0000, -0.1093,0.0000, 1.0000, -0.0000, 1.5834,0.0000, 0.0000, 0.0000, 1.0000///L_UwaMabuta_Joint
L_UpEyelid1///1.0000, 0.0000, 0.0000, 0.0261,0.0000, -0.0000, -1.0000, -0.1126,-0.0000, 1.0000, -0.0000, 1.5835,0.0000, 0.0000, 0.0000, 1.0000///L_UwaMabuta_Joint
L_Eyecorner///1.0000, 0.0000, -0.0000, 0.0475,-0.0000, -0.0000, -1.0000, -0.1019,-0.0000, 1.0000, -0.0000, 1.5775,0.0000, 0.0000, 0.0000, 1.0000///Head
L_Eye_Joint///1.0000, 0.0000, 0.0000, 0.0306,0.0000, -0.0000, -1.0000, -0.0936,-0.0000, 1.0000, -0.0000, 1.5800,0.0000, 0.0000, 0.0000, 1.0000///Head
R_Eye_Joint///1.0000, 0.0000, -0.0000, -0.0306,-0.0000, -0.0000, -1.0000, -0.0936,-0.0000, 1.0000, -0.0000, 1.5800,0.0000, 0.0000, 0.0000, 1.0000///Head
R_SitaMabuta_Joint///1.0000, 0.0000, -0.0000, -0.0306,-0.0000, -0.0000, -1.0000, -0.0936,-0.0000, 1.0000, -0.0000, 1.5750,0.0000, 0.0000, 0.0000, 1.0000///Head
R_LowEyelid1///1.0000, 0.0000, -0.0000, -0.0282,-0.0000, -0.0000, -1.0000, -0.1096,-0.0000, 1.0000, -0.0000, 1.5721,0.0000, 0.0000, 0.0000, 1.0000///R_SitaMabuta_Joint
R_LowEyelid2///1.0000, 0.0000, -0.0000, -0.0424,-0.0000, -0.0000, -1.0000, -0.1058,-0.0000, 1.0000, -0.0000, 1.5733,0.0000, 0.0000, 0.0000, 1.0000///R_SitaMabuta_Joint
L_SitaMabuta_Joint///1.0000, 0.0000, -0.0000, 0.0306,-0.0000, -0.0000, -1.0000, -0.0936,-0.0000, 1.0000, -0.0000, 1.5750,0.0000, 0.0000, 0.0000, 1.0000///Head
L_LowEyelid2///1.0000, 0.0000, -0.0000, 0.0424,-0.0000, -0.0000, -1.0000, -0.1058,-0.0000, 1.0000, -0.0000, 1.5733,0.0000, 0.0000, 0.0000, 1.0000///L_SitaMabuta_Joint
L_LowEyelid1///1.0000, 0.0000, -0.0000, 0.0282,-0.0000, -0.0000, -1.0000, -0.1096,-0.0000, 1.0000, -0.0000, 1.5721,0.0000, 0.0000, 0.0000, 1.0000///L_SitaMabuta_Joint
L_Hoho_Joint///1.0000, 0.0000, -0.0000, 0.0493,-0.0000, -0.0000, -1.0000, -0.1011,-0.0000, 1.0000, -0.0000, 1.5634,0.0000, 0.0000, 0.0000, 1.0000///Head
L_Hana_Joint///1.0000, 0.0000, -0.0000, 0.0164,-0.0000, -0.0000, -1.0000, -0.1135,-0.0000, 1.0000, -0.0000, 1.5626,0.0000, 0.0000, 0.0000, 1.0000///Head
R_Hana_Joint///1.0000, 0.0000, -0.0000, -0.0164,-0.0000, -0.0000, -1.0000, -0.1135,-0.0000, 1.0000, -0.0000, 1.5626,0.0000, 0.0000, 0.0000, 1.0000///Head
R_Hoho_Joint///1.0000, 0.0000, -0.0000, -0.0493,-0.0000, -0.0000, -1.0000, -0.1011,-0.0000, 1.0000, -0.0000, 1.5634,0.0000, 0.0000, 0.0000, 1.0000///Head
L_Kobana_Joint///1.0000, 0.0000, -0.0000, 0.0122,-0.0000, -0.0000, -1.0000, -0.1205,-0.0000, 1.0000, -0.0000, 1.5484,0.0000, 0.0000, 0.0000, 1.0000///Head
R_Kobana_Joint///1.0000, 0.0000, -0.0000, -0.0122,-0.0000, -0.0000, -1.0000, -0.1205,-0.0000, 1.0000, -0.0000, 1.5484,0.0000, 0.0000, 0.0000, 1.0000///Head
L_Chobo_Joint///1.0000, 0.0000, -0.0000, 0.0525,-0.0000, -0.0000, -1.0000, -0.0847,-0.0000, 1.0000, -0.0000, 1.5331,0.0000, 0.0000, 0.0000, 1.0000///Head
R_Chobo_Joint///1.0000, 0.0000, -0.0000, -0.0525,-0.0000, -0.0000, -1.0000, -0.0847,-0.0000, 1.0000, -0.0000, 1.5331,0.0000, 0.0000, 0.0000, 1.0000///Head
L_LipU_Joint///1.0000, 0.0000, -0.0000, 0.0105,-0.0000, -0.0000, -1.0000, -0.1185,-0.0000, 1.0000, -0.0000, 1.5194,0.0000, 0.0000, 0.0000, 1.0000///Head
R_LipU_Joint///1.0000, 0.0000, -0.0000, -0.0105,-0.0000, -0.0000, -1.0000, -0.1185,-0.0000, 1.0000, -0.0000, 1.5194,0.0000, 0.0000, 0.0000, 1.0000///Head
M_LipU_Joint///1.0000, 0.0000, -0.0000, -0.0000,-0.0000, -0.0000, -1.0000, -0.1248,-0.0000, 1.0000, -0.0000, 1.5212,0.0000, 0.0000, 0.0000, 1.0000///Head
Jaw_Joint///1.0000, 0.0000, -0.0000, -0.0000,-0.0000, -0.0000, -1.0000, -0.0393,-0.0000, 1.0000, -0.0000, 1.5298,0.0000, 0.0000, 0.0000, 1.0000///Head
L_LipD_Joint///1.0000, 0.0000, -0.0000, 0.0119,-0.0000, -0.0000, -1.0000, -0.1164,-0.0000, 1.0000, -0.0000, 1.5123,0.0000, 0.0000, 0.0000, 1.0000///Jaw_Joint
R_LipD_Joint///1.0000, 0.0000, -0.0000, -0.0120,-0.0000, -0.0000, -1.0000, -0.1164,-0.0000, 1.0000, -0.0000, 1.5123,0.0000, 0.0000, 0.0000, 1.0000///Jaw_Joint
M_LipD_Joint///1.0000, 0.0000, -0.0000, -0.0000,-0.0000, -0.0000, -1.0000, -0.1180,-0.0000, 1.0000, -0.0000, 1.5101,0.0000, 0.0000, 0.0000, 1.0000///Jaw_Joint
L_LipE_Joint///1.0000, 0.0000, -0.0000, 0.0213,-0.0000, -0.0000, -1.0000, -0.1078,-0.0000, 1.0000, -0.0000, 1.5180,0.0000, 0.0000, 0.0000, 1.0000///Jaw_Joint
R_LipE_Joint///1.0000, -0.0000, -0.0000, -0.0213,-0.0000, -0.0000, -1.0000, -0.1078,0.0000, 1.0000, -0.0000, 1.5180,0.0000, 0.0000, 0.0000, 1.0000///Jaw_Joint
Bero1_Joint///0.0001, -0.0000, -1.0000, -0.0000,-0.9872, 0.1593, -0.0001, -0.0602,0.1593, 0.9872, 0.0000, 1.5214,0.0000, 0.0000, 0.0000, 1.0000///Jaw_Joint
Bero1_Joint_pos///1.0000, -0.0000, 0.0001, -0.0000,0.0001, 0.1593, -0.9872, -0.0797,-0.0000, 0.9872, 0.1593, 1.5204,0.0000, 0.0000, 0.0000, 1.0000///Bero1_Joint
Bero2_Joint///0.0001, 0.0001, -1.0000, -0.0000,-0.9681, -0.2505, -0.0001, -0.0797,-0.2505, 0.9681, 0.0001, 1.5204,0.0000, 0.0000, 0.0000, 1.0000///Bero1_Joint_pos
Bero3_Joint///1.0000, 0.0001, 0.0001, -0.0000,0.0001, 0.1593, -0.9872, -0.0996,-0.0001, 0.9872, 0.1593, 1.5178,0.0000, 0.0000, 0.0000, 1.0000///Bero2_Joint
Neck__offset///0.0000, -0.0000, 1.0000, 0.0000,-0.0000, -1.0000, -0.0000, 0.0000,1.0000, -0.0000, -0.0000, 1.4392,0.0000, 0.0000, 0.0000, 1.0000///Neck
Neck_back__offset///0.0000, -0.0001, 1.0000, 0.0000,0.0001, -1.0000, -0.0001, 0.0000,1.0000, 0.0001, -0.0000, 1.4394,0.0000, 0.0000, 0.0000, 1.0000///Neck
L_Shoulder///1.0000, -0.0000, -0.0000, 0.0860,-0.0000, -0.0000, -1.0000, 0.0000,0.0000, 1.0000, -0.0000, 1.3877,0.0000, 0.0000, 0.0000, 1.0000///Spine2
L_Arm///1.0000, -0.0000, -0.0000, 0.1643,0.0000, 1.0000, 0.0000, 0.0000,0.0000, -0.0000, 1.0000, 1.3877,0.0000, 0.0000, 0.0000, 1.0000///L_Shoulder
L_ForeArm///1.0000, 0.0000, -0.0000, 0.4424,-0.0000, 1.0000, 0.0000, 0.0000,0.0000, -0.0000, 1.0000, 1.3877,0.0000, 0.0000, 0.0000, 1.0000///L_Arm
L_Hand///1.0000, -0.0000, -0.0000, 0.6656,-0.0000, 0.0000, -1.0000, -0.0000,0.0000, 1.0000, 0.0000, 1.3877,0.0000, 0.0000, 0.0000, 1.0000///L_ForeArm
L_FingerBase///1.0000, -0.0000, -0.0000, 0.6691,-0.0000, 0.0000, -1.0000, -0.0141,0.0000, 1.0000, 0.0000, 1.3877,0.0000, 0.0000, 0.0000, 1.0000///L_Hand
L_Middle///1.0000, -0.0000, -0.0000, 0.6691,-0.0000, 0.0000, -1.0000, -0.0070,0.0000, 1.0000, 0.0000, 1.3877,0.0000, 0.0000, 0.0000, 1.0000///L_FingerBase
L_Ring///1.0000, -0.0000, -0.0000, 0.6691,-0.0000, 0.0000, -1.0000, 0.0000,0.0000, 1.0000, 0.0000, 1.3877,0.0000, 0.0000, 0.0000, 1.0000///L_Middle
L_Pinky///1.0000, -0.0000, -0.0000, 0.6691,-0.0000, 0.0000, -1.0000, 0.0071,0.0000, 1.0000, 0.0000, 1.3877,0.0000, 0.0000, 0.0000, 1.0000///L_Ring
L_Pinky1///1.0000, -0.0000, -0.0000, 0.7417,-0.0000, 0.0000, -1.0000, 0.0271,0.0000, 1.0000, 0.0000, 1.3889,0.0000, 0.0000, 0.0000, 1.0000///L_Pinky
L_Pinky2///1.0000, -0.0000, -0.0000, 0.7755,-0.0000, 0.0000, -1.0000, 0.0271,0.0000, 1.0000, 0.0000, 1.3889,0.0000, 0.0000, 0.0000, 1.0000///L_Pinky1
L_Pinky3///1.0000, -0.0000, -0.0000, 0.7909,-0.0000, 0.0000, -1.0000, 0.0271,0.0000, 1.0000, 0.0000, 1.3889,0.0000, 0.0000, 0.0000, 1.0000///L_Pinky2
L_Pinky4__null///1.0000, -0.0000, -0.0000, 0.8120,-0.0000, 0.0000, -1.0000, 0.0271,0.0000, 1.0000, 0.0000, 1.3889,0.0000, 0.0000, 0.0000, 1.0000///L_Pinky3
L_Ring1///1.0000, -0.0000, -0.0000, 0.7511,-0.0000, 0.0000, -1.0000, 0.0101,0.0000, 1.0000, 0.0000, 1.3902,0.0000, 0.0000, 0.0000, 1.0000///L_Ring
L_Ring2///1.0000, -0.0000, -0.0000, 0.7886,-0.0000, 0.0000, -1.0000, 0.0101,0.0000, 1.0000, 0.0000, 1.3902,0.0000, 0.0000, 0.0000, 1.0000///L_Ring1
L_Ring3///1.0000, -0.0000, -0.0000, 0.8106,-0.0000, 0.0000, -1.0000, 0.0101,0.0000, 1.0000, 0.0000, 1.3902,0.0000, 0.0000, 0.0000, 1.0000///L_Ring2
L_Ring4__null///1.0000, -0.0000, -0.0000, 0.8318,-0.0000, 0.0000, -1.0000, 0.0101,0.0000, 1.0000, 0.0000, 1.3902,0.0000, 0.0000, 0.0000, 1.0000///L_Ring3
L_Middle1///1.0000, -0.0000, -0.0000, 0.7536,-0.0000, 0.0000, -1.0000, -0.0090,0.0000, 1.0000, 0.0000, 1.3915,0.0000, 0.0000, 0.0000, 1.0000///L_Middle
L_Middle2///1.0000, -0.0000, -0.0000, 0.7948,-0.0000, 0.0000, -1.0000, -0.0090,0.0000, 1.0000, 0.0000, 1.3915,0.0000, 0.0000, 0.0000, 1.0000///L_Middle1
L_Middle3///1.0000, -0.0000, -0.0000, 0.8188,-0.0000, 0.0000, -1.0000, -0.0090,0.0000, 1.0000, 0.0000, 1.3915,0.0000, 0.0000, 0.0000, 1.0000///L_Middle2
L_Middle4__null///1.0000, -0.0000, -0.0000, 0.8400,-0.0000, 0.0000, -1.0000, -0.0090,0.0000, 1.0000, 0.0000, 1.3915,0.0000, 0.0000, 0.0000, 1.0000///L_Middle3
L_Index1///1.0000, -0.0000, -0.0000, 0.7536,-0.0000, 0.0000, -1.0000, -0.0290,0.0000, 1.0000, 0.0000, 1.3915,0.0000, 0.0000, 0.0000, 1.0000///L_FingerBase
L_Index2///1.0000, -0.0000, -0.0000, 0.7926,-0.0000, 0.0000, -1.0000, -0.0290,0.0000, 1.0000, 0.0000, 1.3915,0.0000, 0.0000, 0.0000, 1.0000///L_Index1
L_Index3///1.0000, -0.0000, -0.0000, 0.8152,-0.0000, 0.0000, -1.0000, -0.0290,0.0000, 1.0000, 0.0000, 1.3915,0.0000, 0.0000, 0.0000, 1.0000///L_Index2
L_Index4__null///1.0000, -0.0000, -0.0000, 0.8364,-0.0000, 0.0000, -1.0000, -0.0290,0.0000, 1.0000, 0.0000, 1.3915,0.0000, 0.0000, 0.0000, 1.0000///L_Index3
L_Thumb1///0.8053, -0.2750, -0.5252, 0.6828,-0.5122, -0.7689, -0.3827, -0.0315,-0.2986, 0.5772, -0.7600, 1.3774,0.0000, 0.0000, 0.0000, 1.0000///L_FingerBase
L_Thumb2///0.8053, -0.2750, -0.5252, 0.7196,-0.5122, -0.7689, -0.3827, -0.0549,-0.2986, 0.5772, -0.7600, 1.3638,0.0000, 0.0000, 0.0000, 1.0000///L_Thumb1
L_Thumb3///0.8053, -0.2750, -0.5252, 0.7418,-0.5122, -0.7689, -0.3827, -0.0690,-0.2986, 0.5772, -0.7600, 1.3555,0.0000, 0.0000, 0.0000, 1.0000///L_Thumb2
L_Thumb4__null///0.8053, -0.2750, -0.5252, 0.7589,-0.5122, -0.7689, -0.3827, -0.0799,-0.2986, 0.5772, -0.7601, 1.3492,0.0000, 0.0000, 0.0000, 1.0000///L_Thumb3
HLP_L_ForeArm_Mid__offset///1.0000, -0.0000, -0.0000, 0.5685,-0.0000, 0.0000, -1.0000, 0.0000,0.0000, 1.0000, 0.0000, 1.3877,0.0000, 0.0000, 0.0000, 1.0000///L_ForeArm
HLP_L_ForeArm_Btm__offset///1.0000, -0.0000, -0.0000, 0.6462,-0.0000, 0.0000, -1.0000, 0.0000,0.0000, 1.0000, 0.0000, 1.3877,0.0000, 0.0000, 0.0000, 1.0000///L_ForeArm
HLP_L_Elbow__offset///1.0000, 0.0000, -0.0000, 0.4424,-0.0000, 1.0000, 0.0000, 0.0242,0.0000, -0.0000, 1.0000, 1.3877,0.0000, 0.0000, 0.0000, 1.0000///L_ForeArm
L_ForeArm_Slide__offset///1.0000, -0.0000, -0.0000, 0.5469,0.0000, 1.0000, 0.0000, 0.0000,0.0000, -0.0000, 1.0000, 1.3877,0.0000, 0.0000, 0.0000, 1.0000///L_ForeArm
L_ForeArm__offset///1.0000, 0.0000, -0.0000, 0.4424,-0.0000, 1.0000, 0.0000, 0.0000,0.0000, -0.0000, 1.0000, 1.3877,0.0000, 0.0000, 0.0000, 1.0000///L_ForeArm
HLP_L_Arm_Top__offset///1.0000, 0.0000, -0.0000, 0.1643,0.0000, 1.0000, 0.0000, 0.0000,0.0000, 0.0000, 1.0000, 1.3877,0.0000, 0.0000, 0.0000, 1.0000///L_Arm
HLP_L_Arm_Mid__offset///1.0000, -0.0000, -0.0000, 0.2939,0.0000, 1.0000, 0.0000, 0.0000,0.0000, -0.0000, 1.0000, 1.3877,0.0000, 0.0000, 0.0000, 1.0000///L_Arm
L_Bicep_Slide__offset///1.0000, -0.0000, -0.0000, 0.3121,0.0000, 1.0000, 0.0000, -0.0012,0.0000, -0.0000, 1.0000, 1.3878,0.0000, 0.0000, 0.0000, 1.0000///L_Arm
L_Tricep_Slide__offset///1.0000, -0.0000, -0.0000, 0.3121,0.0000, 1.0000, 0.0000, 0.0004,0.0000, -0.0000, 1.0000, 1.3878,0.0000, 0.0000, 0.0000, 1.0000///L_Arm
L_Arm_Btm__offset///1.0000, -0.0000, -0.0000, 0.4423,0.0000, 1.0000, 0.0000, 0.0000,0.0000, -0.0000, 1.0000, 1.3877,0.0000, 0.0000, 0.0000, 1.0000///L_Arm
HLP_L_ShldrBlade__offset///1.0000, -0.0000, -0.0000, 0.1269,0.0000, 1.0000, 0.0000, -0.0008,0.0000, -0.0000, 1.0000, 1.3714,0.0000, 0.0000, 0.0000, 1.0000///L_Shoulder
HLP_L_Shldr_B__offset///1.0000, -0.0000, -0.0000, 0.1642,0.0000, 1.0000, 0.0000, 0.0000,0.0000, -0.0000, 1.0000, 1.3877,0.0000, 0.0000, 0.0000, 1.0000///L_Shoulder
R_Shoulder///-1.0000, -0.0000, -0.0000, -0.0860,0.0000, 0.0000, -1.0000, 0.0000,0.0000, -1.0000, -0.0000, 1.3877,0.0000, 0.0000, 0.0000, 1.0000///Spine2
R_Arm///-1.0000, 0.0000, 0.0000, -0.1643,0.0000, 1.0000, -0.0000, 0.0000,-0.0000, -0.0000, -1.0000, 1.3877,0.0000, 0.0000, 0.0000, 1.0000///R_Shoulder
R_ForeArm///-1.0000, -0.0000, 0.0000, -0.4424,-0.0000, 1.0000, -0.0000, 0.0000,-0.0000, -0.0000, -1.0000, 1.3877,0.0000, 0.0000, 0.0000, 1.0000///R_Arm
R_Hand///-1.0000, 0.0000, 0.0000, -0.6656,-0.0000, -0.0000, -1.0000, 0.0000,0.0000, -1.0000, 0.0000, 1.3877,0.0000, 0.0000, 0.0000, 1.0000///R_ForeArm
R_FingerBase///-1.0000, -0.0000, 0.0000, -0.6691,-0.0000, -0.0000, -1.0000, -0.0141,0.0000, -1.0000, 0.0000, 1.3877,0.0000, 0.0000, 0.0000, 1.0000///R_Hand
R_Middle///-1.0000, -0.0000, 0.0000, -0.6691,-0.0000, -0.0000, -1.0000, -0.0070,0.0000, -1.0000, 0.0000, 1.3877,0.0000, 0.0000, 0.0000, 1.0000///R_FingerBase
R_Ring///-1.0000, -0.0000, 0.0000, -0.6691,-0.0000, -0.0000, -1.0000, 0.0000,0.0000, -1.0000, 0.0000, 1.3877,0.0000, 0.0000, 0.0000, 1.0000///R_Middle
R_Pinky///-1.0000, -0.0000, 0.0000, -0.6691,-0.0000, -0.0000, -1.0000, 0.0071,0.0000, -1.0000, 0.0000, 1.3877,0.0000, 0.0000, 0.0000, 1.0000///R_Ring
R_Pinky1///-1.0000, 0.0000, 0.0000, -0.7417,-0.0000, -0.0000, -1.0000, 0.0271,0.0000, -1.0000, 0.0000, 1.3888,0.0000, 0.0000, 0.0000, 1.0000///R_Pinky
R_Pinky2///-1.0000, 0.0000, 0.0000, -0.7755,-0.0000, -0.0000, -1.0000, 0.0271,0.0000, -1.0000, 0.0000, 1.3888,0.0000, 0.0000, 0.0000, 1.0000///R_Pinky1
R_Pinky3///-1.0000, 0.0000, 0.0000, -0.7909,-0.0000, -0.0000, -1.0000, 0.0271,0.0000, -1.0000, 0.0000, 1.3888,0.0000, 0.0000, 0.0000, 1.0000///R_Pinky2
R_Pinky4__null///-1.0000, 0.0000, 0.0000, -0.8120,-0.0000, -0.0000, -1.0000, 0.0271,0.0000, -1.0000, 0.0000, 1.3888,0.0000, 0.0000, 0.0000, 1.0000///R_Pinky3
R_Ring1///-1.0000, 0.0000, 0.0000, -0.7511,-0.0000, -0.0000, -1.0000, 0.0101,0.0000, -1.0000, 0.0000, 1.3902,0.0000, 0.0000, 0.0000, 1.0000///R_Ring
R_Ring2///-1.0000, 0.0000, 0.0000, -0.7886,-0.0000, -0.0000, -1.0000, 0.0101,0.0000, -1.0000, 0.0000, 1.3902,0.0000, 0.0000, 0.0000, 1.0000///R_Ring1
R_Ring3///-1.0000, 0.0000, 0.0000, -0.8106,-0.0000, -0.0000, -1.0000, 0.0101,0.0000, -1.0000, 0.0000, 1.3902,0.0000, 0.0000, 0.0000, 1.0000///R_Ring2
R_Ring4__null///-1.0000, 0.0000, 0.0000, -0.8318,-0.0000, -0.0000, -1.0000, 0.0101,0.0000, -1.0000, 0.0000, 1.3902,0.0000, 0.0000, 0.0000, 1.0000///R_Ring3
R_Middle1///-1.0000, 0.0000, 0.0000, -0.7536,-0.0000, -0.0000, -1.0000, -0.0090,0.0000, -1.0000, 0.0000, 1.3915,0.0000, 0.0000, 0.0000, 1.0000///R_Middle
R_Middle2///-1.0000, 0.0000, 0.0000, -0.7948,-0.0000, -0.0000, -1.0000, -0.0090,0.0000, -1.0000, 0.0000, 1.3915,0.0000, 0.0000, 0.0000, 1.0000///R_Middle1
R_Middle3///-1.0000, 0.0000, 0.0000, -0.8188,-0.0000, -0.0000, -1.0000, -0.0090,0.0000, -1.0000, 0.0000, 1.3915,0.0000, 0.0000, 0.0000, 1.0000///R_Middle2
R_Middle4__null///-1.0000, 0.0000, 0.0000, -0.8400,-0.0000, -0.0000, -1.0000, -0.0090,0.0000, -1.0000, 0.0000, 1.3915,0.0000, 0.0000, 0.0000, 1.0000///R_Middle3
R_Index1///-1.0000, 0.0000, 0.0000, -0.7536,-0.0000, -0.0000, -1.0000, -0.0290,0.0000, -1.0000, 0.0000, 1.3915,0.0000, 0.0000, 0.0000, 1.0000///R_FingerBase
R_Index2///-1.0000, 0.0000, 0.0000, -0.7926,-0.0000, -0.0000, -1.0000, -0.0290,0.0000, -1.0000, 0.0000, 1.3915,0.0000, 0.0000, 0.0000, 1.0000///R_Index1
R_Index3///-1.0000, 0.0000, 0.0000, -0.8152,-0.0000, -0.0000, -1.0000, -0.0290,0.0000, -1.0000, 0.0000, 1.3915,0.0000, 0.0000, 0.0000, 1.0000///R_Index2
R_Index4__null///-1.0000, 0.0000, 0.0000, -0.8364,-0.0000, -0.0000, -1.0000, -0.0290,0.0000, -1.0000, 0.0000, 1.3915,0.0000, 0.0000, 0.0000, 1.0000///R_Index3
R_Thumb1///-0.8053, -0.2750, 0.5252, -0.6828,-0.5122, 0.7689, -0.3827, -0.0315,-0.2986, -0.5772, -0.7601, 1.3774,0.0000, 0.0000, 0.0000, 1.0000///R_FingerBase
R_Thumb2///-0.8053, -0.2750, 0.5252, -0.7196,-0.5122, 0.7689, -0.3827, -0.0549,-0.2986, -0.5772, -0.7601, 1.3638,0.0000, 0.0000, 0.0000, 1.0000///R_Thumb1
R_Thumb3///-0.8053, -0.2750, 0.5252, -0.7418,-0.5122, 0.7689, -0.3827, -0.0690,-0.2986, -0.5772, -0.7601, 1.3555,0.0000, 0.0000, 0.0000, 1.0000///R_Thumb2
R_Thumb4__null///-0.8053, -0.2750, 0.5252, -0.7589,-0.5122, 0.7689, -0.3827, -0.0799,-0.2986, -0.5772, -0.7601, 1.3492,0.0000, 0.0000, 0.0000, 1.0000///R_Thumb3
HLP_R_ForeArm_Mid__offset///-1.0000, 0.0000, 0.0000, -0.5685,-0.0000, -0.0000, -1.0000, 0.0000,-0.0000, -1.0000, 0.0000, 1.3877,0.0000, 0.0000, 0.0000, 1.0000///R_ForeArm
HLP_R_ForeArm_Btm__offset///-1.0000, 0.0000, 0.0000, -0.6462,-0.0000, -0.0000, -1.0000, 0.0000,0.0000, -1.0000, 0.0000, 1.3877,0.0000, 0.0000, 0.0000, 1.0000///R_ForeArm
HLP_R_Elbow__offset///-1.0000, -0.0000, 0.0000, -0.4424,-0.0000, 1.0000, -0.0000, 0.0242,-0.0000, -0.0000, -1.0000, 1.3877,0.0000, 0.0000, 0.0000, 1.0000///R_ForeArm
R_ForeArm_Slide__offset///-1.0000, 0.0000, 0.0000, -0.5469,-0.0000, -0.0000, -1.0000, 0.0000,-0.0000, -1.0000, 0.0000, 1.3877,0.0000, 0.0000, 0.0000, 1.0000///R_ForeArm
R_ForeArm__offset///-1.0000, -0.0000, 0.0000, -0.4424,-0.0000, 1.0000, -0.0000, 0.0000,-0.0000, -0.0000, -1.0000, 1.3877,0.0000, 0.0000, 0.0000, 1.0000///R_ForeArm
HLP_R_Arm_Top__offset///-1.0000, 0.0000, -0.0000, -0.1643,0.0000, 1.0000, 0.0000, 0.0000,0.0000, 0.0000, -1.0000, 1.3877,0.0000, 0.0000, 0.0000, 1.0000///R_Arm
HLP_R_Arm_Mid__offset///-1.0000, 0.0000, 0.0000, -0.2939,0.0000, 1.0000, -0.0000, 0.0000,-0.0000, -0.0000, -1.0000, 1.3877,0.0000, 0.0000, 0.0000, 1.0000///R_Arm
R_Bicep_Slide__offset///-1.0000, 0.0000, 0.0000, -0.3121,0.0000, 1.0000, -0.0000, -0.0012,-0.0000, -0.0000, -1.0000, 1.3878,0.0000, 0.0000, 0.0000, 1.0000///R_Arm
R_Tricep_Slide__offset///-1.0000, 0.0000, 0.0000, -0.3121,0.0000, 1.0000, -0.0000, 0.0004,-0.0000, -0.0000, -1.0000, 1.3878,0.0000, 0.0000, 0.0000, 1.0000///R_Arm
R_Arm_Btm__offset///-1.0000, 0.0000, 0.0000, -0.4423,0.0000, 1.0000, -0.0000, 0.0000,-0.0000, -0.0000, -1.0000, 1.3877,0.0000, 0.0000, 0.0000, 1.0000///R_Arm
HLP_R_ShldrBlade__offset///-1.0000, 0.0000, 0.0000, -0.1269,0.0000, 1.0000, -0.0000, -0.0008,-0.0000, -0.0000, -1.0000, 1.3714,0.0000, 0.0000, 0.0000, 1.0000///R_Shoulder
HLP_R_Shldr_B__offset///-1.0000, 0.0000, 0.0000, -0.1642,0.0000, 1.0000, -0.0000, 0.0000,-0.0000, -0.0000, -1.0000, 1.3877,0.0000, 0.0000, 0.0000, 1.0000///R_Shoulder
HLP_L_CollarBone__offset///0.9639, -0.0002, 0.2662, 0.0086,0.2662, -0.0000, -0.9639, -0.0430,0.0002, 1.0000, -0.0000, 1.3877,0.0000, 0.0000, 0.0000, 1.0000///Spine2
HLP_L_Shldr_F__offset///0.9733, 0.1483, 0.1750, 0.1170,0.1748, 0.0147, -0.9845, -0.0450,-0.1486, 0.9888, -0.0116, 1.4517,0.0000, 0.0000, 0.0000, 1.0000///HLP_L_CollarBone__offset
L_Shldr_F1__null///0.9733, 0.1483, 0.1750, 0.2007,0.1748, 0.0147, -0.9845, -0.0299,-0.1486, 0.9888, -0.0116, 1.4389,0.0000, 0.0000, 0.0000, 1.0000///HLP_L_Shldr_F__offset
HLP_L_CollarBone_up__offset///0.9639, -0.0002, 0.2662, 0.0086,0.2662, -0.0000, -0.9639, -0.0429,0.0002, 1.0000, -0.0000, 1.3877,0.0000, 0.0000, 0.0000, 1.0000///HLP_L_CollarBone__offset
L_CollarBone1__null///0.9639, -0.0002, 0.2662, 0.1661,0.2662, -0.0000, -0.9639, 0.0005,0.0002, 1.0000, -0.0000, 1.3877,0.0000, 0.0000, 0.0000, 1.0000///HLP_L_CollarBone__offset
HLP_R_CollarBone__offset///-0.9639, -0.0002, -0.2662, -0.0086,0.2662, 0.0000, -0.9639, -0.0430,0.0002, -1.0000, 0.0000, 1.3877,0.0000, 0.0000, 0.0000, 1.0000///Spine2
HLP_R_Shldr_F__offset///-0.9733, -0.1483, 0.1750, -0.1170,0.1748, 0.0147, 0.9845, -0.0450,-0.1486, 0.9888, 0.0116, 1.4517,0.0000, 0.0000, 0.0000, 1.0000///HLP_R_CollarBone__offset
R_Shldr_F1__null///-0.9733, -0.1483, 0.1750, -0.2007,0.1748, 0.0147, 0.9845, -0.0299,-0.1486, 0.9888, 0.0116, 1.4389,0.0000, 0.0000, 0.0000, 1.0000///HLP_R_Shldr_F__offset
HLP_R_CollarBone_up__offset///-0.9639, -0.0002, -0.2662, -0.0086,0.2662, 0.0000, -0.9639, -0.0429,0.0002, -1.0000, 0.0000, 1.3877,0.0000, 0.0000, 0.0000, 1.0000///HLP_R_CollarBone__offset
R_CollarBone1__null///-0.9639, -0.0002, -0.2662, -0.1661,0.2662, 0.0000, -0.9639, 0.0005,0.0002, -1.0000, 0.0000, 1.3877,0.0000, 0.0000, 0.0000, 1.0000///HLP_R_CollarBone__offset
HLP_L_Pectoral__offset///0.9727, -0.2254, 0.0555, 0.0001,0.0541, -0.0125, -0.9985, -0.0163,0.2257, 0.9742, -0.0000, 1.3195,0.0000, 0.0000, 0.0000, 1.0000///Spine2
L_Pectoral__null///0.9727, -0.2254, 0.0555, 0.1674,0.0541, -0.0125, -0.9985, -0.0070,0.2257, 0.9742, -0.0000, 1.3584,0.0000, 0.0000, 0.0000, 1.0000///HLP_L_Pectoral__offset
HLP_L_Pectoral_side__offset///0.9727, -0.2254, 0.0555, 0.0001,0.0541, -0.0125, -0.9985, -0.0163,0.2257, 0.9742, -0.0000, 1.3197,0.0000, 0.0000, 0.0000, 1.0000///HLP_L_Pectoral__offset
HLP_R_Pectoral__offset///-0.9727, 0.2254, 0.0555, -0.0001,0.0541, -0.0125, 0.9985, -0.0163,0.2257, 0.9742, -0.0000, 1.3195,0.0000, 0.0000, 0.0000, 1.0000///Spine2
R_Pectoral__null///-0.9727, 0.2254, 0.0555, -0.1674,0.0541, -0.0125, 0.9985, -0.0070,0.2257, 0.9742, -0.0000, 1.3584,0.0000, 0.0000, 0.0000, 1.0000///HLP_R_Pectoral__offset
HLP_R_Pectoral_side__offset///-0.9727, 0.2254, 0.0555, -0.0001,0.0541, -0.0125, 0.9985, -0.0163,0.2257, 0.9742, -0.0000, 1.3197,0.0000, 0.0000, 0.0000, 1.0000///HLP_R_Pectoral__offset
Spine2__offset///0.0000, -0.0000, 1.0000, 0.0000,-0.0000, -1.0000, -0.0000, 0.0000,1.0000, -0.0000, -0.0000, 1.1985,0.0000, 0.0000, 0.0000, 1.0000///Spine2
Spine2_breast__offset///0.0000, -0.0000, 1.0000, 0.0000,-0.0000, -1.0000, -0.0000, 0.0001,1.0000, -0.0000, -0.0000, 1.2321,0.0000, 0.0000, 0.0000, 1.0000///Spine2__offset
Spine2up__offset///0.0000, -0.0000, 1.0000, 0.0000,-0.0000, -1.0000, -0.0000, 0.0000,1.0000, -0.0000, -0.0000, 1.1985,0.0000, 0.0000, 0.0000, 1.0000///Spine2__offset
Spine2side__offset///0.0000, -0.0000, 1.0000, 0.0000,-0.0000, -1.0000, -0.0000, 0.0000,1.0000, -0.0000, -0.0000, 1.1984,0.0000, 0.0000, 0.0000, 1.0000///Spine2
OPT0_bustL///0.3127, -0.0846, -0.9461, 0.0189,-0.9461, 0.0601, -0.3181, 0.0671,0.0838, 0.9946, -0.0612, 1.2570,0.0000, 0.0000, 0.0000, 1.0000///Spine2
OPT1_bustL///-0.3127, -0.0846, 0.9461, 0.0919,0.9461, 0.0601, 0.3181, -0.1536,-0.0838, 0.9946, 0.0612, 1.2765,0.0000, 0.0000, 0.0000, 1.0000///OPT0_bustL
OPT1_bustL_end///0.9983, -0.0464, 0.0341, 0.0689,0.0316, -0.0539, -0.9980, -0.0841,0.0482, 0.9975, -0.0523, 1.2703,0.0000, 0.0000, 0.0000, 1.0000///OPT1_bustL
OPT2_bustR///0.3127, -0.0845, -0.9461, -0.0188,0.9461, -0.0601, 0.3181, 0.0671,-0.0838, -0.9946, 0.0612, 1.2570,0.0000, 0.0000, 0.0000, 1.0000///Spine2
OPT3_bustR///-0.3127, -0.0845, 0.9461, -0.0917,-0.9461, -0.0601, -0.3181, -0.1536,0.0838, -0.9946, -0.0612, 1.2765,0.0000, 0.0000, 0.0000, 1.0000///OPT2_bustR
OPT1_bustR_end///0.9983, -0.0464, 0.0341, -0.0687,-0.0316, 0.0539, 0.9980, -0.0841,-0.0481, -0.9975, 0.0523, 1.2704,0.0000, 0.0000, 0.0000, 1.0000///OPT3_bustR
SWG_OPT0_bustL__swing///0.3127, -0.9139, 0.2588, 0.0189,-0.9461, -0.3238, 0.0000, 0.0671,0.0838, -0.2448, -0.9659, 1.2570,0.0000, 0.0000, 0.0000, 1.0000///Spine2
SWG_OPT1_bustL__swing///-0.3127, 0.2406, 0.9189, 0.0919,0.9461, 0.1642, 0.2790, -0.1536,-0.0838, 0.9566, -0.2790, 1.2765,0.0000, 0.0000, 0.0000, 1.0000///SWG_OPT0_bustL__swing
SWG_OPT_bustL__null///0.3127, -0.2406, 0.9189, 0.0689,-0.9461, -0.1642, 0.2790, -0.0841,0.0838, -0.9566, -0.2790, 1.2703,0.0000, 0.0000, 0.0000, 1.0000///SWG_OPT1_bustL__swing
SWG_OPT2_bustR__swing///-0.3127, -0.9139, -0.2588, -0.0188,-0.9461, 0.3238, 0.0000, 0.0671,0.0838, 0.2448, -0.9659, 1.2570,0.0000, 0.0000, 0.0000, 1.0000///Spine2
SWG_OPT3_bustR__swing///0.3127, -0.2406, 0.9189, -0.0917,0.9461, 0.1642, -0.2790, -0.1536,-0.0838, 0.9566, 0.2790, 1.2765,0.0000, 0.0000, 0.0000, 1.0000///SWG_OPT2_bustR__swing
SWG_OPT_bustR__null///-0.3127, 0.2406, 0.9189, -0.0687,-0.9461, -0.1642, -0.2790, -0.0841,0.0838, -0.9566, 0.2790, 1.2704,0.0000, 0.0000, 0.0000, 1.0000///SWG_OPT3_bustR__swing
Spine1__offset///0.0000, -0.0000, 1.0000, 0.0000,-0.0000, -1.0000, -0.0000, 0.0000,1.0000, -0.0000, -0.0000, 1.0867,0.0000, 0.0000, 0.0000, 1.0000///Spine1
Spine1_front__offset///0.0000, -0.0000, 1.0000, 0.0000,-0.0000, -1.0000, -0.0000, 0.0000,1.0000, -0.0000, -0.0000, 1.0868,0.0000, 0.0000, 0.0000, 1.0000///Spine1
Hip///-0.0000, -0.0000, 1.0000, 0.0000,-0.0000, 1.0000, 0.0000, 0.0000,-1.0000, 0.0000, -0.0000, 1.0867,0.0000, 0.0000, 0.0000, 1.0000///BASE
L_UpLeg///0.0000, 0.0000, 1.0000, 0.0945,-0.0001, 1.0000, -0.0000, -0.0000,-1.0000, -0.0001, 0.0000, 0.9355,0.0000, 0.0000, 0.0000, 1.0000///Hip
L_Leg///0.0000, 0.0000, 1.0000, 0.0945,0.0001, 1.0000, -0.0000, -0.0000,-1.0000, 0.0001, 0.0000, 0.5197,0.0000, 0.0000, 0.0000, 1.0000///L_UpLeg
L_Foot///-0.0000, 0.0000, 1.0000, 0.0945,0.0000, 1.0000, -0.0000, -0.0000,-1.0000, 0.0000, -0.0000, 0.1228,0.0000, 0.0000, 0.0000, 1.0000///L_Leg
L_Toe///-0.0000, 0.0000, 1.0000, 0.0945,-1.0000, 0.0000, -0.0000, -0.1446,0.0000, -1.0000, 0.0000, 0.0285,0.0000, 0.0000, 0.0000, 1.0000///L_Foot
L_Toe1__null///-0.0000, 0.0000, 1.0000, 0.0945,-1.0000, 0.0000, -0.0000, -0.2675,-0.0000, -1.0000, 0.0000, 0.0285,0.0000, 0.0000, 0.0000, 1.0000///L_Toe
L_Toe__offset///-0.0000, 0.0000, 1.0000, 0.0945,-1.0000, 0.0000, -0.0000, -0.1447,0.0000, -1.0000, 0.0000, 0.0285,0.0000, 0.0000, 0.0000, 1.0000///L_Toe
ATH_L_Toe_Btm///1.0000, 0.0000, -0.0000, 0.0945,-0.0000, 1.0000, -0.0000, -0.1512,0.0000, 0.0000, 1.0000, -0.0000,0.0000, 0.0000, 0.0000, 1.0000///L_Toe
L_Foot__offset///-0.0000, 0.0000, 1.0000, 0.0945,0.0000, 1.0000, -0.0000, -0.0000,-1.0000, 0.0000, -0.0000, 0.1228,0.0000, 0.0000, 0.0000, 1.0000///L_Foot
L_Ankle__offset///-0.0000, 0.0000, 1.0000, 0.0945,0.0000, 1.0000, -0.0000, -0.0000,-1.0000, 0.0000, -0.0000, 0.1229,0.0000, 0.0000, 0.0000, 1.0000///L_Foot
ATH_L_Foot_Btm///1.0000, 0.0000, 0.0000, 0.0945,-0.0000, 1.0000, 0.0000, -0.0000,-0.0000, -0.0000, 1.0000, -0.0000,0.0000, 0.0000, 0.0000, 1.0000///L_Foot
L_Calf_Slide__offset///1.0000, -0.0000, -0.0000, 0.0945,-0.0000, -0.0001, -1.0000, -0.0000,0.0000, 1.0000, -0.0001, 0.3213,0.0000, 0.0000, 0.0000, 1.0000///L_Leg
L_Leg__offset///0.0000, 0.0000, 1.0000, 0.0945,0.0001, 1.0000, -0.0000, -0.0000,-1.0000, 0.0001, 0.0000, 0.5197,0.0000, 0.0000, 0.0000, 1.0000///L_Leg
HLP_L_Knee__offset///0.0000, 0.0000, 1.0000, 0.0945,0.0000, 1.0000, -0.0000, -0.0190,-1.0000, 0.0000, 0.0000, 0.5198,0.0000, 0.0000, 0.0000, 1.0000///L_UpLeg
HLP_L_UpLeg_Top__offset///0.0000, -0.0000, 1.0000, 0.0945,0.0000, 1.0000, 0.0000, -0.0000,-1.0000, 0.0000, 0.0000, 0.9356,0.0000, 0.0000, 0.0000, 1.0000///L_UpLeg
HLP_L_UpLeg_Mid__offset///0.0000, 0.0000, 1.0000, 0.0945,-0.0000, 1.0000, -0.0000, -0.0000,-1.0000, -0.0000, 0.0000, 0.7465,0.0000, 0.0000, 0.0000, 1.0000///L_UpLeg
L_Thigh_Slide__offset///1.0000, -0.0000, -0.0000, 0.0945,-0.0000, 0.0001, -1.0000, -0.0010,0.0000, 1.0000, 0.0001, 0.7276,0.0000, 0.0000, 0.0000, 1.0000///L_UpLeg
L_UpLeg__offset///0.0000, 0.0000, 1.0000, 0.0945,-0.0001, 1.0000, -0.0000, -0.0000,-1.0000, -0.0001, 0.0000, 0.9355,0.0000, 0.0000, 0.0000, 1.0000///L_UpLeg
R_UpLeg///0.0000, 0.0000, 1.0000, -0.0945,-0.0001, 1.0000, 0.0000, -0.0000,-1.0000, -0.0001, 0.0000, 0.9355,0.0000, 0.0000, 0.0000, 1.0000///Hip
R_Leg///0.0000, 0.0000, 1.0000, -0.0945,0.0001, 1.0000, -0.0000, -0.0000,-1.0000, 0.0001, 0.0000, 0.5197,0.0000, 0.0000, 0.0000, 1.0000///R_UpLeg
R_Foot///0.0013, 0.0000, 1.0000, -0.0945,0.0000, 1.0000, -0.0000, -0.0000,-1.0000, 0.0000, 0.0013, 0.1229,0.0000, 0.0000, 0.0000, 1.0000///R_Leg
R_Toe///-0.0000, 0.0013, 1.0000, -0.0944,-1.0000, 0.0000, -0.0000, -0.1446,-0.0000, -1.0000, 0.0013, 0.0285,0.0000, 0.0000, 0.0000, 1.0000///R_Foot
R_Toe1__null///-0.0000, 0.0013, 1.0000, -0.0944,-1.0000, 0.0000, -0.0000, -0.2675,0.0000, -1.0000, 0.0013, 0.0285,0.0000, 0.0000, 0.0000, 1.0000///R_Toe
R_Toe__offset///-0.0000, 0.0013, 1.0000, -0.0944,-1.0000, 0.0000, -0.0000, -0.1447,-0.0000, -1.0000, 0.0013, 0.0285,0.0000, 0.0000, 0.0000, 1.0000///R_Toe
ATH_R_Toe_Btm///1.0000, 0.0000, 0.0000, -0.0943,-0.0000, 1.0000, 0.0000, -0.1512,-0.0000, -0.0000, 1.0000, -0.0000,0.0000, 0.0000, 0.0000, 1.0000///R_Toe
R_Foot__offset///0.0013, 0.0000, 1.0000, -0.0945,0.0000, 1.0000, -0.0000, -0.0000,-1.0000, 0.0000, 0.0013, 0.1228,0.0000, 0.0000, 0.0000, 1.0000///R_Foot
R_Ankle__offset///-0.0013, -0.0000, 1.0000, -0.0945,-0.0000, -1.0000, -0.0000, -0.0000,1.0000, -0.0000, 0.0013, 0.1229,0.0000, 0.0000, 0.0000, 1.0000///R_Foot
ATH_R_Foot_Btm///1.0000, 0.0000, 0.0000, -0.0943,-0.0000, 1.0000, 0.0000, -0.0000,-0.0000, -0.0000, 1.0000, 0.0000,0.0000, 0.0000, 0.0000, 1.0000///R_Foot
R_Calf_Slide__offset///1.0000, -0.0000, 0.0000, -0.0945,0.0000, -0.0001, -1.0000, -0.0000,0.0000, 1.0000, -0.0001, 0.3213,0.0000, 0.0000, 0.0000, 1.0000///R_Leg
R_Leg__offset///0.0000, 0.0000, 1.0000, -0.0945,0.0001, 1.0000, -0.0000, -0.0000,-1.0000, 0.0001, 0.0000, 0.5197,0.0000, 0.0000, 0.0000, 1.0000///R_Leg
HLP_R_Knee__offset///0.0000, 0.0000, 1.0000, -0.0945,0.0000, 1.0000, -0.0000, -0.0190,-1.0000, 0.0000, 0.0000, 0.5198,0.0000, 0.0000, 0.0000, 1.0000///R_UpLeg
HLP_R_UpLeg_Top__offset///0.0000, -0.0000, 1.0000, -0.0945,0.0000, 1.0000, 0.0000, -0.0000,-1.0000, 0.0000, 0.0000, 0.9356,0.0000, 0.0000, 0.0000, 1.0000///R_UpLeg
HLP_R_UpLeg_Mid__offset///0.0000, -0.0000, 1.0000, -0.0945,-0.0000, 1.0000, 0.0000, -0.0000,-1.0000, -0.0000, 0.0000, 0.7465,0.0000, 0.0000, 0.0000, 1.0000///R_UpLeg
R_Thigh_Slide__offset///1.0000, -0.0000, 0.0000, -0.0945,0.0000, 0.0001, -1.0000, -0.0010,0.0000, 1.0000, 0.0001, 0.7277,0.0000, 0.0000, 0.0000, 1.0000///R_UpLeg
R_UpLeg__offset///0.0000, 0.0000, 1.0000, -0.0945,-0.0001, 1.0000, 0.0000, -0.0000,-1.0000, -0.0001, 0.0000, 0.9355,0.0000, 0.0000, 0.0000, 1.0000///R_UpLeg
HLP_L_Butt__offset///0.0000, -0.0000, 1.0000, 0.0946,0.0000, 1.0000, 0.0000, 0.0001,-1.0000, 0.0000, 0.0000, 0.9355,0.0000, 0.0000, 0.0000, 1.0000///Hip
HLP_R_Butt__offset///0.0000, -0.0000, 1.0000, -0.0946,0.0000, 1.0000, 0.0000, 0.0001,-1.0000, 0.0000, 0.0000, 0.9355,0.0000, 0.0000, 0.0000, 1.0000///Hip
HLP_L_Inguinal__offset///-0.1165, -0.0101, -0.9932, 0.1578,0.0867, -0.9962, -0.0000, -0.0472,-0.9894, -0.0861, 0.1169, 1.0575,0.0000, 0.0000, 0.0000, 1.0000///Hip
L_Inguinal1__null///-0.1165, -0.0101, -0.9932, 0.1248,0.0867, -0.9962, -0.0000, -0.0226,-0.9894, -0.0861, 0.1169, 0.7770,0.0000, 0.0000, 0.0000, 1.0000///HLP_L_Inguinal__offset
HLP_R_Inguinal__offset///0.1165, 0.0101, -0.9931, -0.1578,0.0867, -0.9962, 0.0000, -0.0472,-0.9894, -0.0861, -0.1169, 1.0575,0.0000, 0.0000, 0.0000, 1.0000///Hip
R_Inguinal__null///0.1165, 0.0101, -0.9932, -0.1248,0.0867, -0.9962, -0.0000, -0.0226,-0.9894, -0.0861, -0.1169, 0.7770,0.0000, 0.0000, 0.0000, 1.0000///HLP_R_Inguinal__offset
Hip__offset///-0.0000, -0.0000, 1.0000, 0.0000,-0.0000, 1.0000, 0.0000, 0.0000,-1.0000, 0.0000, -0.0000, 1.0868,0.0000, 0.0000, 0.0000, 1.0000///Hip
Hip_front__offset///-0.0000, -0.0000, 1.0000, -0.0000,-0.0000, 1.0000, 0.0000, 0.0000,-1.0000, 0.0000, -0.0000, 1.0867,0.0000, 0.0000, 0.0000, 1.0000///Hip
EDIT__null///1.0000, 0.0000, 0.0000, 0.0014,0.0000, 1.0000, 0.0000, 0.0000,0.0000, 0.0000, 1.0000, -0.0000,0.0000, 0.0000, 0.0000, 1.0000///MODEL_00
Deform__null///1.0000, 0.0000, 0.0000, 0.0083,0.0000, 1.0000, 0.0000, 0.0015,0.0000, 0.0000, 1.0000, -0.0002,0.0000, 0.0000, 0.0000, 1.0000///EDIT__null
