MODEL_00///1.0000, 0.0000, 0.0000, 0.0000,0.0000, 1.0000, 0.0000, 0.0000,0.0000, 0.0000, 1.0000, 0.0000,0.0000, 0.0000, 0.0000, 1.0000///
BODY_SCALE__group///1.0000, 0.0000, 0.0000, 0.0000,0.0000, 0.0000, -1.0000, 0.0000,0.0000, 1.0000, 0.0000, 0.0000,0.0000, 0.0000, 0.0000, 1.0000///MODEL_00
Base///1.0000, 0.0000, 0.0000, 0.0000,0.0000, 0.0000, -1.0000, 0.0000,0.0000, 1.0000, 0.0000, 1.1500,0.0000, 0.0000, 0.0000, 1.0000///BODY_SCALE__group
Spine1///0.0000, -0.0000, 1.0000, 0.0000,-0.0000, -1.0000, -0.0000, 0.0000,1.0000, -0.0000, -0.0000, 1.1500,0.0000, 0.0000, 0.0000, 1.0000///Base
Spine2///0.0000, -0.0000, 1.0000, 0.0000,-0.0000, -1.0000, -0.0000, 0.0000,1.0000, -0.0000, -0.0000, 1.2800,0.0000, 0.0000, 0.0000, 1.0000///Spine1
Neck///0.0000, -0.0000, 1.0000, 0.0000,-0.0000, -1.0000, -0.0000, 0.0000,1.0000, -0.0000, -0.0000, 1.5400,0.0000, 0.0000, 0.0000, 1.0000///Spine2
HEAD///-0.0000, 1.0000, -0.0000, 0.0000,-1.0000, -0.0000, -0.0000, 0.0000,-0.0000, 0.0000, 1.0000, 1.6850,0.0000, 0.0000, 0.0000, 1.0000///Neck
Head__offset///-0.0000, 1.0000, -0.0000, 0.0000,-1.0000, -0.0000, 0.0003, 0.0000,0.0003, 0.0000, 1.0000, 1.6851,0.0000, 0.0000, 0.0000, 1.0000///HEAD
ATH_Head_Top///1.0000, 0.0000, 0.0000, -0.0000,-0.0000, 1.0000, -0.0000, 0.0000,-0.0000, 0.0000, 1.0000, 1.8601,0.0000, 0.0000, 0.0000, 1.0000///HEAD
L_Mayu2_Joint///1.0000, 0.0000, -0.0000, 0.0381,-0.0000, 0.0000, -1.0000, -0.1105,-0.0000, 1.0000, 0.0000, 1.7542,0.0000, 0.0000, 0.0000, 1.0000///HEAD
L_Mayu3_Joint///1.0000, 0.0000, -0.0000, 0.0557,-0.0000, 0.0000, -1.0000, -0.0928,-0.0000, 1.0000, 0.0000, 1.7534,0.0000, 0.0000, 0.0000, 1.0000///HEAD
L_Mayu1_Joint///1.0000, 0.0000, -0.0000, 0.0156,-0.0000, 0.0000, -1.0000, -0.1159,-0.0000, 1.0000, 0.0000, 1.7464,0.0000, 0.0000, 0.0000, 1.0000///HEAD
R_Mayu3_Joint///1.0000, 0.0000, -0.0000, -0.0557,-0.0000, 0.0000, -1.0000, -0.0928,-0.0000, 1.0000, 0.0000, 1.7534,0.0000, 0.0000, 0.0000, 1.0000///HEAD
R_Mayu2_Joint///1.0000, 0.0000, -0.0000, -0.0381,-0.0000, 0.0000, -1.0000, -0.1105,-0.0000, 1.0000, 0.0000, 1.7542,0.0000, 0.0000, 0.0000, 1.0000///HEAD
R_Mayu1_Joint///1.0000, 0.0000, -0.0000, -0.0156,-0.0000, 0.0000, -1.0000, -0.1159,-0.0000, 1.0000, 0.0000, 1.7464,0.0000, 0.0000, 0.0000, 1.0000///HEAD
R_Eyecorner///1.0000, 0.0000, -0.0000, -0.0453,-0.0000, 0.0000, -1.0000, -0.0946,-0.0000, 1.0000, 0.0000, 1.7256,0.0000, 0.0000, 0.0000, 1.0000///HEAD
R_UwaMabuta_Joint///1.0000, 0.0000, -0.0000, -0.0288,-0.0000, 0.0000, -1.0000, -0.0874,-0.0000, 1.0000, 0.0000, 1.7362,0.0000, 0.0000, 0.0000, 1.0000///HEAD
R_UpEyelid1///1.0000, 0.0000, -0.0000, -0.0245,-0.0000, 0.0000, -1.0000, -0.1039,-0.0000, 1.0000, 0.0000, 1.7403,0.0000, 0.0000, 0.0000, 1.0000///R_UwaMabuta_Joint
R_UpEyelid2///1.0000, 0.0000, -0.0000, -0.0387,-0.0000, 0.0000, -1.0000, -0.1008,-0.0000, 1.0000, 0.0000, 1.7409,0.0000, 0.0000, 0.0000, 1.0000///R_UwaMabuta_Joint
L_UwaMabuta_Joint///1.0000, 0.0000, 0.0000, 0.0288,0.0000, -0.0000, -1.0000, -0.0874,-0.0000, 1.0000, -0.0000, 1.7362,0.0000, 0.0000, 0.0000, 1.0000///HEAD
L_UpEyelid2///1.0000, 0.0000, 0.0000, 0.0387,0.0000, -0.0000, -1.0000, -0.1008,-0.0000, 1.0000, -0.0000, 1.7409,0.0000, 0.0000, 0.0000, 1.0000///L_UwaMabuta_Joint
L_UpEyelid1///1.0000, 0.0000, 0.0000, 0.0245,0.0000, -0.0000, -1.0000, -0.1039,-0.0000, 1.0000, -0.0000, 1.7403,0.0000, 0.0000, 0.0000, 1.0000///L_UwaMabuta_Joint
L_Eyecorner///1.0000, 0.0000, -0.0000, 0.0453,-0.0000, 0.0000, -1.0000, -0.0946,-0.0000, 1.0000, 0.0000, 1.7256,0.0000, 0.0000, 0.0000, 1.0000///HEAD
L_Eye_Joint///1.0000, 0.0000, 0.0000, 0.0288,0.0000, -0.0000, -1.0000, -0.0874,-0.0000, 1.0000, -0.0000, 1.7362,0.0000, 0.0000, 0.0000, 1.0000///HEAD
R_Eye_Joint///1.0000, 0.0000, -0.0000, -0.0288,-0.0000, 0.0000, -1.0000, -0.0874,-0.0000, 1.0000, 0.0000, 1.7362,0.0000, 0.0000, 0.0000, 1.0000///HEAD
R_SitaMabuta_Joint///1.0000, 0.0000, -0.0000, -0.0288,-0.0000, 0.0000, -1.0000, -0.0874,-0.0000, 1.0000, 0.0000, 1.7358,0.0000, 0.0000, 0.0000, 1.0000///HEAD
R_LowEyelid1///1.0000, 0.0000, -0.0000, -0.0265,-0.0000, 0.0000, -1.0000, -0.1027,-0.0000, 1.0000, 0.0000, 1.7297,0.0000, 0.0000, 0.0000, 1.0000///R_SitaMabuta_Joint
R_LowEyelid2///1.0000, 0.0000, -0.0000, -0.0400,-0.0000, 0.0000, -1.0000, -0.0991,-0.0000, 1.0000, 0.0000, 1.7320,0.0000, 0.0000, 0.0000, 1.0000///R_SitaMabuta_Joint
L_SitaMabuta_Joint///1.0000, 0.0000, -0.0000, 0.0288,-0.0000, 0.0000, -1.0000, -0.0874,-0.0000, 1.0000, 0.0000, 1.7358,0.0000, 0.0000, 0.0000, 1.0000///HEAD
L_LowEyelid2///1.0000, 0.0000, -0.0000, 0.0400,-0.0000, 0.0000, -1.0000, -0.0991,-0.0000, 1.0000, 0.0000, 1.7320,0.0000, 0.0000, 0.0000, 1.0000///L_SitaMabuta_Joint
L_LowEyelid1///1.0000, 0.0000, -0.0000, 0.0265,-0.0000, 0.0000, -1.0000, -0.1027,-0.0000, 1.0000, 0.0000, 1.7297,0.0000, 0.0000, 0.0000, 1.0000///L_SitaMabuta_Joint
L_Hoho_Joint///1.0000, 0.0000, -0.0000, 0.0526,-0.0000, 0.0000, -1.0000, -0.0944,-0.0000, 1.0000, 0.0000, 1.7157,0.0000, 0.0000, 0.0000, 1.0000///HEAD
L_Hana_Joint///1.0000, 0.0000, -0.0000, 0.0165,-0.0000, 0.0000, -1.0000, -0.1088,-0.0000, 1.0000, 0.0000, 1.7187,0.0000, 0.0000, 0.0000, 1.0000///HEAD
R_Hana_Joint///1.0000, 0.0000, -0.0000, -0.0165,-0.0000, 0.0000, -1.0000, -0.1088,-0.0000, 1.0000, 0.0000, 1.7187,0.0000, 0.0000, 0.0000, 1.0000///HEAD
R_Hoho_Joint///1.0000, 0.0000, -0.0000, -0.0526,-0.0000, 0.0000, -1.0000, -0.0944,-0.0000, 1.0000, 0.0000, 1.7157,0.0000, 0.0000, 0.0000, 1.0000///HEAD
L_Kobana_Joint///1.0000, 0.0000, -0.0000, 0.0123,-0.0000, 0.0000, -1.0000, -0.1149,-0.0000, 1.0000, 0.0000, 1.6959,0.0000, 0.0000, 0.0000, 1.0000///HEAD
R_Kobana_Joint///1.0000, 0.0000, -0.0000, -0.0123,-0.0000, 0.0000, -1.0000, -0.1149,-0.0000, 1.0000, 0.0000, 1.6959,0.0000, 0.0000, 0.0000, 1.0000///HEAD
L_Chobo_Joint///1.0000, 0.0000, -0.0000, 0.0560,-0.0000, 0.0000, -1.0000, -0.0715,-0.0000, 1.0000, 0.0000, 1.6825,0.0000, 0.0000, 0.0000, 1.0000///HEAD
R_Chobo_Joint///1.0000, 0.0000, -0.0000, -0.0560,-0.0000, 0.0000, -1.0000, -0.0715,-0.0000, 1.0000, 0.0000, 1.6825,0.0000, 0.0000, 0.0000, 1.0000///HEAD
L_LipU_Joint///1.0000, 0.0000, -0.0000, 0.0155,-0.0000, 0.0000, -1.0000, -0.1115,-0.0000, 1.0000, 0.0000, 1.6752,0.0000, 0.0000, 0.0000, 1.0000///HEAD
R_LipU_Joint///1.0000, 0.0000, -0.0000, -0.0155,-0.0000, 0.0000, -1.0000, -0.1114,-0.0000, 1.0000, 0.0000, 1.6752,0.0000, 0.0000, 0.0000, 1.0000///HEAD
M_LipU_Joint///1.0000, 0.0000, -0.0000, -0.0000,-0.0000, 0.0000, -1.0000, -0.1168,-0.0000, 1.0000, 0.0000, 1.6755,0.0000, 0.0000, 0.0000, 1.0000///HEAD
Jaw_Joint///1.0000, 0.0000, -0.0000, -0.0000,-0.0000, 0.0000, -1.0000, -0.0398,-0.0000, 1.0000, 0.0000, 1.6937,0.0000, 0.0000, 0.0000, 1.0000///HEAD
L_LipD_Joint///1.0000, 0.0000, -0.0000, 0.0156,-0.0000, 0.0000, -1.0000, -0.1081,-0.0000, 1.0000, 0.0000, 1.6592,0.0000, 0.0000, 0.0000, 1.0000///Jaw_Joint
R_LipD_Joint///1.0000, 0.0000, -0.0000, -0.0156,-0.0000, 0.0000, -1.0000, -0.1081,-0.0000, 1.0000, 0.0000, 1.6592,0.0000, 0.0000, 0.0000, 1.0000///Jaw_Joint
M_LipD_Joint///1.0000, 0.0000, -0.0000, -0.0000,-0.0000, 0.0000, -1.0000, -0.1130,-0.0000, 1.0000, 0.0000, 1.6579,0.0000, 0.0000, 0.0000, 1.0000///Jaw_Joint
L_LipE_Joint///1.0000, 0.0000, -0.0000, 0.0237,-0.0000, 0.0000, -1.0000, -0.0998,-0.0000, 1.0000, 0.0000, 1.6642,0.0000, 0.0000, 0.0000, 1.0000///Jaw_Joint
R_LipE_Joint///1.0000, -0.0000, -0.0000, -0.0237,-0.0000, 0.0000, -1.0000, -0.0998,0.0000, 1.0000, -0.0000, 1.6642,0.0000, 0.0000, 0.0000, 1.0000///Jaw_Joint
Bero1_Joint///-0.0002, 0.0008, -1.0000, -0.0000,-0.9772, -0.2124, -0.0000, -0.0642,-0.2124, 0.9772, 0.0008, 1.6719,0.0000, 0.0000, 0.0000, 1.0000///Jaw_Joint
Bero1_Joint_pos///-0.0000, 0.0000, -1.0000, -0.0000,-0.9588, -0.2841, -0.0000, -0.0835,-0.2841, 0.9588, 0.0000, 1.6705,0.0000, 0.0000, 0.0000, 1.0000///Bero1_Joint
Bero2_Joint///-0.0000, 0.0000, -1.0000, -0.0000,-0.9588, -0.2841, -0.0000, -0.0835,-0.2841, 0.9588, 0.0000, 1.6705,0.0000, 0.0000, 0.0000, 1.0000///Bero1_Joint_pos
Bero3_Joint///-0.0000, 0.0000, -1.0000, -0.0000,-0.9588, -0.2841, -0.0000, -0.1025,-0.2841, 0.9588, 0.0000, 1.6648,0.0000, 0.0000, 0.0000, 1.0000///Bero2_Joint
Neck__offset///0.0000, -0.0000, 1.0000, 0.0000,-0.0000, -1.0000, -0.0000, 0.0000,1.0000, -0.0000, -0.0000, 1.5399,0.0000, 0.0000, 0.0000, 1.0000///Neck
Neck_back__offset///0.0000, -0.0000, 1.0000, 0.0000,-0.0000, -1.0000, -0.0000, 0.0000,1.0000, -0.0000, -0.0000, 1.5401,0.0000, 0.0000, 0.0000, 1.0000///Neck
L_Shoulder///1.0000, -0.0000, -0.0000, 0.1000,-0.0000, 0.0000, -1.0000, 0.0000,0.0000, 1.0000, -0.0000, 1.5000,0.0000, 0.0000, 0.0000, 1.0000///Spine2
L_Arm///1.0000, -0.0000, -0.0000, 0.2400,0.0000, 1.0000, 0.0000, 0.0000,0.0000, -0.0000, 1.0000, 1.5000,0.0000, 0.0000, 0.0000, 1.0000///L_Shoulder
L_ForeArm///1.0000, 0.0000, -0.0000, 0.5400,-0.0000, 1.0000, 0.0000, 0.0000,0.0000, -0.0000, 1.0000, 1.5000,0.0000, 0.0000, 0.0000, 1.0000///L_Arm
L_Hand///1.0000, -0.0000, -0.0000, 0.7700,-0.0000, 0.0000, -1.0000, 0.0000,0.0000, 1.0000, 0.0000, 1.5000,0.0000, 0.0000, 0.0000, 1.0000///L_ForeArm
L_FingerBase///1.0000, -0.0000, -0.0000, 0.7747,-0.0000, 0.0000, -1.0000, -0.0190,0.0000, 1.0000, 0.0000, 1.5000,0.0000, 0.0000, 0.0000, 1.0000///L_Hand
L_Middle///1.0000, -0.0000, -0.0000, 0.7747,-0.0000, 0.0000, -1.0000, -0.0095,0.0000, 1.0000, 0.0000, 1.5000,0.0000, 0.0000, 0.0000, 1.0000///L_FingerBase
L_Ring///1.0000, -0.0000, -0.0000, 0.7748,-0.0000, 0.0000, -1.0000, 0.0000,0.0000, 1.0000, 0.0000, 1.5000,0.0000, 0.0000, 0.0000, 1.0000///L_Middle
L_Pinky///1.0000, -0.0000, -0.0000, 0.7748,-0.0000, 0.0000, -1.0000, 0.0095,0.0000, 1.0000, 0.0000, 1.5000,0.0000, 0.0000, 0.0000, 1.0000///L_Ring
L_Pinky1///1.0000, -0.0000, -0.0000, 0.8725,-0.0000, 0.0000, -1.0000, 0.0366,0.0000, 1.0000, 0.0000, 1.5015,0.0000, 0.0000, 0.0000, 1.0000///L_Pinky
L_Pinky2///1.0000, -0.0000, -0.0000, 0.9181,-0.0000, 0.0000, -1.0000, 0.0366,0.0000, 1.0000, 0.0000, 1.5015,0.0000, 0.0000, 0.0000, 1.0000///L_Pinky1
L_Pinky3///1.0000, -0.0000, -0.0000, 0.9388,-0.0000, 0.0000, -1.0000, 0.0366,0.0000, 1.0000, 0.0000, 1.5015,0.0000, 0.0000, 0.0000, 1.0000///L_Pinky2
L_Pinky4__null///1.0000, -0.0000, -0.0000, 0.9673,-0.0000, 0.0000, -1.0000, 0.0366,0.0000, 1.0000, 0.0000, 1.5015,0.0000, 0.0000, 0.0000, 1.0000///L_Pinky3
L_Ring1///1.0000, -0.0000, -0.0000, 0.8852,-0.0000, 0.0000, -1.0000, 0.0136,0.0000, 1.0000, 0.0000, 1.5033,0.0000, 0.0000, 0.0000, 1.0000///L_Ring
L_Ring2///1.0000, -0.0000, -0.0000, 0.9356,-0.0000, 0.0000, -1.0000, 0.0136,0.0000, 1.0000, 0.0000, 1.5033,0.0000, 0.0000, 0.0000, 1.0000///L_Ring1
L_Ring3///1.0000, -0.0000, -0.0000, 0.9654,-0.0000, 0.0000, -1.0000, 0.0136,0.0000, 1.0000, 0.0000, 1.5033,0.0000, 0.0000, 0.0000, 1.0000///L_Ring2
L_Ring4__null///1.0000, -0.0000, -0.0000, 0.9939,-0.0000, 0.0000, -1.0000, 0.0136,0.0000, 1.0000, 0.0000, 1.5033,0.0000, 0.0000, 0.0000, 1.0000///L_Ring3
L_Middle1///1.0000, -0.0000, -0.0000, 0.8885,-0.0000, 0.0000, -1.0000, -0.0121,0.0000, 1.0000, 0.0000, 1.5051,0.0000, 0.0000, 0.0000, 1.0000///L_Middle
L_Middle2///1.0000, -0.0000, -0.0000, 0.9440,-0.0000, 0.0000, -1.0000, -0.0121,0.0000, 1.0000, 0.0000, 1.5051,0.0000, 0.0000, 0.0000, 1.0000///L_Middle1
L_Middle3///1.0000, -0.0000, -0.0000, 0.9764,-0.0000, 0.0000, -1.0000, -0.0121,0.0000, 1.0000, 0.0000, 1.5051,0.0000, 0.0000, 0.0000, 1.0000///L_Middle2
L_Middle4__null///1.0000, 0.0000, -0.0000, 1.0049,-0.0000, 0.0000, -1.0000, -0.0121,0.0000, 1.0000, 0.0000, 1.5051,0.0000, 0.0000, 0.0000, 1.0000///L_Middle3
L_Index1///1.0000, -0.0000, -0.0000, 0.8885,-0.0000, 0.0000, -1.0000, -0.0391,0.0000, 1.0000, 0.0000, 1.5051,0.0000, 0.0000, 0.0000, 1.0000///L_FingerBase
L_Index2///1.0000, -0.0000, -0.0000, 0.9411,-0.0000, 0.0000, -1.0000, -0.0391,0.0000, 1.0000, 0.0000, 1.5051,0.0000, 0.0000, 0.0000, 1.0000///L_Index1
L_Index3///1.0000, -0.0000, -0.0000, 0.9716,-0.0000, 0.0000, -1.0000, -0.0391,0.0000, 1.0000, 0.0000, 1.5051,0.0000, 0.0000, 0.0000, 1.0000///L_Index2
L_Index4__null///1.0000, 0.0000, -0.0000, 1.0001,-0.0000, 0.0000, -1.0000, -0.0391,0.0000, 1.0000, 0.0000, 1.5051,0.0000, 0.0000, 0.0000, 1.0000///L_Index3
L_Thumb1///0.8053, -0.2750, -0.5252, 0.7931,-0.5122, -0.7689, -0.3827, -0.0424,-0.2986, 0.5772, -0.7601, 1.4861,0.0000, 0.0000, 0.0000, 1.0000///L_FingerBase
L_Thumb2///0.8053, -0.2750, -0.5252, 0.8427,-0.5122, -0.7689, -0.3827, -0.0740,-0.2986, 0.5772, -0.7600, 1.4677,0.0000, 0.0000, 0.0000, 1.0000///L_Thumb1
L_Thumb3///0.8053, -0.2750, -0.5252, 0.8727,-0.5122, -0.7689, -0.3827, -0.0930,-0.2986, 0.5772, -0.7600, 1.4566,0.0000, 0.0000, 0.0000, 1.0000///L_Thumb2
L_Thumb4__null///0.8053, -0.2750, -0.5252, 0.8956,-0.5122, -0.7689, -0.3827, -0.1076,-0.2986, 0.5772, -0.7601, 1.4481,0.0000, 0.0000, 0.0000, 1.0000///L_Thumb3
HLP_L_ForeArm_Mid__offset///1.0000, -0.0000, -0.0000, 0.6700,-0.0000, 0.0000, -1.0000, 0.0000,0.0000, 1.0000, 0.0000, 1.5000,0.0000, 0.0000, 0.0000, 1.0000///L_ForeArm
HLP_L_ForeArm_Btm__offset///1.0000, -0.0000, -0.0000, 0.7500,-0.0000, 0.0000, -1.0000, 0.0000,0.0000, 1.0000, 0.0000, 1.5000,0.0000, 0.0000, 0.0000, 1.0000///L_ForeArm
HLP_L_Elbow__offset///1.0000, 0.0000, -0.0000, 0.5400,-0.0000, 1.0000, 0.0000, 0.0282,0.0000, -0.0000, 1.0000, 1.5000,0.0000, 0.0000, 0.0000, 1.0000///L_ForeArm
L_ForeArm_Slide__offset///1.0000, -0.0000, -0.0000, 0.6477,0.0000, 1.0000, 0.0000, 0.0000,0.0000, -0.0000, 1.0000, 1.5000,0.0000, 0.0000, 0.0000, 1.0000///L_ForeArm
L_ForeArm__offset///1.0000, 0.0000, -0.0000, 0.5401,-0.0000, 1.0000, 0.0000, 0.0000,0.0000, -0.0000, 1.0000, 1.5000,0.0000, 0.0000, 0.0000, 1.0000///L_ForeArm
HLP_L_Arm_Top__offset///1.0000, 0.0000, -0.0000, 0.2401,0.0000, 1.0000, 0.0000, 0.0000,0.0000, 0.0000, 1.0000, 1.5000,0.0000, 0.0000, 0.0000, 1.0000///L_Arm
HLP_L_Arm_Mid__offset///1.0000, -0.0000, -0.0000, 0.3799,0.0000, 1.0000, 0.0000, 0.0000,0.0000, -0.0000, 1.0000, 1.5000,0.0000, 0.0000, 0.0000, 1.0000///L_Arm
L_Bicep_Slide__offset///1.0000, -0.0000, -0.0000, 0.3995,0.0000, 1.0000, 0.0000, -0.0014,0.0000, -0.0000, 1.0000, 1.5000,0.0000, 0.0000, 0.0000, 1.0000///L_Arm
L_Tricep_Slide__offset///1.0000, -0.0000, -0.0000, 0.3995,0.0000, 1.0000, 0.0000, 0.0004,0.0000, -0.0000, 1.0000, 1.5000,0.0000, 0.0000, 0.0000, 1.0000///L_Arm
L_Arm_Btm__offset///1.0000, -0.0000, -0.0000, 0.5399,0.0000, 1.0000, 0.0000, 0.0000,0.0000, -0.0000, 1.0000, 1.5000,0.0000, 0.0000, 0.0000, 1.0000///L_Arm
HLP_L_ShldrBlade__offset///1.0000, -0.0000, -0.0000, 0.1476,0.0000, 1.0000, 0.0000, -0.0009,0.0000, -0.0000, 1.0000, 1.4810,0.0000, 0.0000, 0.0000, 1.0000///L_Shoulder
HLP_L_Shldr_B__offset///1.0000, -0.0000, -0.0000, 0.2399,0.0000, 1.0000, 0.0000, 0.0000,0.0000, -0.0000, 1.0000, 1.5000,0.0000, 0.0000, 0.0000, 1.0000///L_Shoulder
R_Shoulder///-1.0000, -0.0000, -0.0000, -0.1000,0.0000, 0.0000, -1.0000, 0.0000,0.0000, -1.0000, -0.0000, 1.5000,0.0000, 0.0000, 0.0000, 1.0000///Spine2
R_Arm///-1.0000, 0.0000, 0.0000, -0.2400,0.0000, 1.0000, -0.0000, 0.0000,-0.0000, -0.0000, -1.0000, 1.5000,0.0000, 0.0000, 0.0000, 1.0000///R_Shoulder
R_ForeArm///-1.0000, -0.0000, 0.0000, -0.5400,-0.0000, 1.0000, -0.0000, 0.0000,-0.0000, -0.0000, -1.0000, 1.5000,0.0000, 0.0000, 0.0000, 1.0000///R_Arm
R_Hand///-1.0000, 0.0000, 0.0000, -0.7700,-0.0000, -0.0000, -1.0000, 0.0000,0.0000, -1.0000, 0.0000, 1.5000,0.0000, 0.0000, 0.0000, 1.0000///R_ForeArm
R_FingerBase///-1.0000, -0.0000, 0.0000, -0.7747,-0.0000, -0.0000, -1.0000, -0.0190,0.0000, -1.0000, 0.0000, 1.5000,0.0000, 0.0000, 0.0000, 1.0000///R_Hand
R_Middle///-1.0000, -0.0000, 0.0000, -0.7747,-0.0000, -0.0000, -1.0000, -0.0095,0.0000, -1.0000, 0.0000, 1.5000,0.0000, 0.0000, 0.0000, 1.0000///R_FingerBase
R_Ring///-1.0000, -0.0000, 0.0000, -0.7747,-0.0000, -0.0000, -1.0000, 0.0000,0.0000, -1.0000, 0.0000, 1.5000,0.0000, 0.0000, 0.0000, 1.0000///R_Middle
R_Pinky///-1.0000, -0.0000, 0.0000, -0.7747,-0.0000, -0.0000, -1.0000, 0.0095,0.0000, -1.0000, 0.0000, 1.5000,0.0000, 0.0000, 0.0000, 1.0000///R_Ring
R_Pinky1///-1.0000, 0.0000, 0.0000, -0.8725,-0.0000, -0.0000, -1.0000, 0.0366,0.0000, -1.0000, 0.0000, 1.5015,0.0000, 0.0000, 0.0000, 1.0000///R_Pinky
R_Pinky2///-1.0000, 0.0000, 0.0000, -0.9181,-0.0000, -0.0000, -1.0000, 0.0366,0.0000, -1.0000, 0.0000, 1.5015,0.0000, 0.0000, 0.0000, 1.0000///R_Pinky1
R_Pinky3///-1.0000, 0.0000, 0.0000, -0.9388,-0.0000, -0.0000, -1.0000, 0.0366,0.0000, -1.0000, 0.0000, 1.5015,0.0000, 0.0000, 0.0000, 1.0000///R_Pinky2
R_Pinky4__null///-1.0000, 0.0000, 0.0000, -0.9673,-0.0000, -0.0000, -1.0000, 0.0366,0.0000, -1.0000, 0.0000, 1.5015,0.0000, 0.0000, 0.0000, 1.0000///R_Pinky3
R_Ring1///-1.0000, 0.0000, 0.0000, -0.8852,-0.0000, -0.0000, -1.0000, 0.0136,0.0000, -1.0000, 0.0000, 1.5033,0.0000, 0.0000, 0.0000, 1.0000///R_Ring
R_Ring2///-1.0000, 0.0000, 0.0000, -0.9356,-0.0000, -0.0000, -1.0000, 0.0136,0.0000, -1.0000, 0.0000, 1.5033,0.0000, 0.0000, 0.0000, 1.0000///R_Ring1
R_Ring3///-1.0000, 0.0000, 0.0000, -0.9654,-0.0000, -0.0000, -1.0000, 0.0136,0.0000, -1.0000, 0.0000, 1.5033,0.0000, 0.0000, 0.0000, 1.0000///R_Ring2
R_Ring4__null///-1.0000, 0.0000, 0.0000, -0.9939,-0.0000, -0.0000, -1.0000, 0.0136,0.0000, -1.0000, 0.0000, 1.5033,0.0000, 0.0000, 0.0000, 1.0000///R_Ring3
R_Middle1///-1.0000, 0.0000, 0.0000, -0.8885,-0.0000, -0.0000, -1.0000, -0.0121,0.0000, -1.0000, 0.0000, 1.5051,0.0000, 0.0000, 0.0000, 1.0000///R_Middle
R_Middle2///-1.0000, 0.0000, 0.0000, -0.9440,-0.0000, -0.0000, -1.0000, -0.0121,0.0000, -1.0000, 0.0000, 1.5051,0.0000, 0.0000, 0.0000, 1.0000///R_Middle1
R_Middle3///-1.0000, 0.0000, 0.0000, -0.9764,-0.0000, -0.0000, -1.0000, -0.0121,0.0000, -1.0000, 0.0000, 1.5051,0.0000, 0.0000, 0.0000, 1.0000///R_Middle2
R_Middle4__null///-1.0000, 0.0000, 0.0000, -1.0049,-0.0000, -0.0000, -1.0000, -0.0121,0.0000, -1.0000, 0.0000, 1.5051,0.0000, 0.0000, 0.0000, 1.0000///R_Middle3
R_Index1///-1.0000, 0.0000, 0.0000, -0.8885,-0.0000, -0.0000, -1.0000, -0.0391,0.0000, -1.0000, 0.0000, 1.5051,0.0000, 0.0000, 0.0000, 1.0000///R_FingerBase
R_Index2///-1.0000, 0.0000, 0.0000, -0.9411,-0.0000, -0.0000, -1.0000, -0.0391,0.0000, -1.0000, 0.0000, 1.5051,0.0000, 0.0000, 0.0000, 1.0000///R_Index1
R_Index3///-1.0000, 0.0000, 0.0000, -0.9716,-0.0000, -0.0000, -1.0000, -0.0391,0.0000, -1.0000, 0.0000, 1.5051,0.0000, 0.0000, 0.0000, 1.0000///R_Index2
R_Index4__null///-1.0000, 0.0000, 0.0000, -1.0001,-0.0000, -0.0000, -1.0000, -0.0391,0.0000, -1.0000, 0.0000, 1.5051,0.0000, 0.0000, 0.0000, 1.0000///R_Index3
R_Thumb1///-0.8053, -0.2750, 0.5252, -0.7931,-0.5122, 0.7689, -0.3827, -0.0424,-0.2986, -0.5772, -0.7601, 1.4861,0.0000, 0.0000, 0.0000, 1.0000///R_FingerBase
R_Thumb2///-0.8053, -0.2750, 0.5252, -0.8427,-0.5122, 0.7689, -0.3827, -0.0740,-0.2986, -0.5772, -0.7601, 1.4677,0.0000, 0.0000, 0.0000, 1.0000///R_Thumb1
R_Thumb3///-0.8053, -0.2750, 0.5252, -0.8727,-0.5122, 0.7689, -0.3827, -0.0930,-0.2986, -0.5772, -0.7601, 1.4566,0.0000, 0.0000, 0.0000, 1.0000///R_Thumb2
R_Thumb4__null///-0.8053, -0.2750, 0.5252, -0.8956,-0.5122, 0.7689, -0.3827, -0.1076,-0.2986, -0.5772, -0.7601, 1.4481,0.0000, 0.0000, 0.0000, 1.0000///R_Thumb3
HLP_R_ForeArm_Mid__offset///-1.0000, 0.0000, 0.0000, -0.6700,-0.0000, -0.0000, -1.0000, 0.0000,-0.0000, -1.0000, 0.0000, 1.5000,0.0000, 0.0000, 0.0000, 1.0000///R_ForeArm
HLP_R_ForeArm_Btm__offset///-1.0000, 0.0000, 0.0000, -0.7500,-0.0000, -0.0000, -1.0000, 0.0000,0.0000, -1.0000, 0.0000, 1.5000,0.0000, 0.0000, 0.0000, 1.0000///R_ForeArm
HLP_R_Elbow__offset///-1.0000, -0.0000, 0.0000, -0.5400,-0.0000, 1.0000, -0.0000, 0.0282,-0.0000, -0.0000, -1.0000, 1.5000,0.0000, 0.0000, 0.0000, 1.0000///R_ForeArm
R_ForeArm_Slide__offset///-1.0000, 0.0000, 0.0000, -0.6477,-0.0000, -0.0000, -1.0000, 0.0000,-0.0000, -1.0000, 0.0000, 1.5000,0.0000, 0.0000, 0.0000, 1.0000///R_ForeArm
R_ForeArm__offset///-1.0000, -0.0000, 0.0000, -0.5401,-0.0000, 1.0000, -0.0000, 0.0000,-0.0000, -0.0000, -1.0000, 1.5000,0.0000, 0.0000, 0.0000, 1.0000///R_ForeArm
HLP_R_Arm_Top__offset///-1.0000, 0.0000, -0.0000, -0.2401,0.0000, 1.0000, 0.0000, 0.0000,0.0000, 0.0000, -1.0000, 1.5000,0.0000, 0.0000, 0.0000, 1.0000///R_Arm
HLP_R_Arm_Mid__offset///-1.0000, 0.0000, 0.0000, -0.3799,0.0000, 1.0000, -0.0000, 0.0000,-0.0000, -0.0000, -1.0000, 1.5000,0.0000, 0.0000, 0.0000, 1.0000///R_Arm
R_Bicep_Slide__offset///-1.0000, 0.0000, 0.0000, -0.3995,0.0000, 1.0000, -0.0000, -0.0014,-0.0000, -0.0000, -1.0000, 1.5000,0.0000, 0.0000, 0.0000, 1.0000///R_Arm
R_Tricep_Slide__offset///-1.0000, 0.0000, 0.0000, -0.3995,0.0000, 1.0000, -0.0000, 0.0004,-0.0000, -0.0000, -1.0000, 1.5000,0.0000, 0.0000, 0.0000, 1.0000///R_Arm
R_Arm_Btm__offset///-1.0000, 0.0000, 0.0000, -0.5399,0.0000, 1.0000, -0.0000, 0.0000,-0.0000, -0.0000, -1.0000, 1.5000,0.0000, 0.0000, 0.0000, 1.0000///R_Arm
HLP_R_ShldrBlade__offset///-1.0000, 0.0000, 0.0000, -0.1476,0.0000, 1.0000, -0.0000, -0.0009,-0.0000, -0.0000, -1.0000, 1.4810,0.0000, 0.0000, 0.0000, 1.0000///R_Shoulder
HLP_R_Shldr_B__offset///-1.0000, 0.0000, 0.0000, -0.2399,0.0000, 1.0000, -0.0000, 0.0000,-0.0000, -0.0000, -1.0000, 1.5000,0.0000, 0.0000, 0.0000, 1.0000///R_Shoulder
HLP_L_CollarBone__offset///0.9772, -0.0001, 0.2124, 0.0100,0.2124, -0.0000, -0.9772, -0.0500,0.0001, 1.0000, -0.0000, 1.5000,0.0000, 0.0000, 0.0000, 1.0000///Spine2
HLP_L_Shldr_F__offset///0.9848, 0.1371, 0.1069, 0.1331,0.1056, 0.0164, -0.9943, -0.0468,-0.1381, 0.9904, 0.0016, 1.5546,0.0000, 0.0000, 0.0000, 1.0000///HLP_L_CollarBone__offset
L_Shldr_F1__null///0.9848, 0.1371, 0.1069, 0.2315,0.1056, 0.0164, -0.9943, -0.0362,-0.1381, 0.9904, 0.0016, 1.5408,0.0000, 0.0000, 0.0000, 1.0000///HLP_L_Shldr_F__offset
HLP_L_CollarBone_up__offset///0.9772, -0.0001, 0.2124, 0.0100,0.2124, -0.0000, -0.9772, -0.0499,0.0001, 1.0000, -0.0000, 1.5000,0.0000, 0.0000, 0.0000, 1.0000///HLP_L_CollarBone__offset
L_CollarBone1__null///0.9772, -0.0001, 0.2124, 0.1957,0.2124, -0.0000, -0.9772, -0.0096,0.0001, 1.0000, -0.0000, 1.5000,0.0000, 0.0000, 0.0000, 1.0000///HLP_L_CollarBone__offset
HLP_R_CollarBone__offset///-0.9772, -0.0001, -0.2124, -0.0100,0.2124, 0.0000, -0.9772, -0.0500,0.0001, -1.0000, 0.0000, 1.5000,0.0000, 0.0000, 0.0000, 1.0000///Spine2
HLP_R_Shldr_F__offset///-0.9848, -0.1371, 0.1069, -0.1331,0.1056, 0.0164, 0.9943, -0.0468,-0.1381, 0.9904, -0.0016, 1.5546,0.0000, 0.0000, 0.0000, 1.0000///HLP_R_CollarBone__offset
R_Shldr_F1__null///-0.9848, -0.1371, 0.1069, -0.2315,0.1056, 0.0164, 0.9943, -0.0362,-0.1381, 0.9904, -0.0016, 1.5408,0.0000, 0.0000, 0.0000, 1.0000///HLP_R_Shldr_F__offset
HLP_R_CollarBone_up__offset///-0.9772, -0.0001, -0.2124, -0.0100,0.2124, 0.0000, -0.9772, -0.0499,0.0001, -1.0000, 0.0000, 1.5000,0.0000, 0.0000, 0.0000, 1.0000///HLP_R_CollarBone__offset
R_CollarBone1__null///-0.9772, -0.0001, -0.2124, -0.1957,0.2124, 0.0000, -0.9772, -0.0096,0.0001, -1.0000, 0.0000, 1.5000,0.0000, 0.0000, 0.0000, 1.0000///HLP_R_CollarBone__offset
HLP_L_Pectoral__offset///0.9777, -0.2039, 0.0500, 0.0001,0.0489, -0.0102, -0.9988, -0.0190,0.2041, 0.9789, 0.0000, 1.4207,0.0000, 0.0000, 0.0000, 1.0000///Spine2
L_Pectoral__null///0.9777, -0.2039, 0.0500, 0.1956,0.0489, -0.0102, -0.9988, -0.0092,0.2041, 0.9789, 0.0000, 1.4615,0.0000, 0.0000, 0.0000, 1.0000///HLP_L_Pectoral__offset
HLP_L_Pectoral_side__offset///0.9777, -0.2039, 0.0500, 0.0001,0.0489, -0.0102, -0.9988, -0.0190,0.2041, 0.9789, 0.0000, 1.4208,0.0000, 0.0000, 0.0000, 1.0000///HLP_L_Pectoral__offset
HLP_R_Pectoral__offset///-0.9777, 0.2039, 0.0500, -0.0001,0.0489, -0.0102, 0.9988, -0.0190,0.2041, 0.9789, -0.0000, 1.4207,0.0000, 0.0000, 0.0000, 1.0000///Spine2
R_Pectoral__null///-0.9777, 0.2039, 0.0500, -0.1956,0.0489, -0.0102, 0.9988, -0.0092,0.2041, 0.9789, -0.0000, 1.4615,0.0000, 0.0000, 0.0000, 1.0000///HLP_R_Pectoral__offset
HLP_R_Pectoral_side__offset///-0.9777, 0.2039, 0.0500, -0.0001,0.0489, -0.0102, 0.9988, -0.0190,0.2041, 0.9789, -0.0000, 1.4208,0.0000, 0.0000, 0.0000, 1.0000///HLP_R_Pectoral__offset
Spine2__offset///0.0000, -0.0000, 1.0000, 0.0000,-0.0000, -1.0000, -0.0000, 0.0000,1.0000, -0.0000, -0.0000, 1.2799,0.0000, 0.0000, 0.0000, 1.0000///Spine2
Spine2_breast__offset///0.0000, -0.0000, 1.0000, 0.0000,-0.0000, -1.0000, -0.0000, 0.0001,1.0000, -0.0000, -0.0000, 1.3017,0.0000, 0.0000, 0.0000, 1.0000///Spine2__offset
Spine2up__offset///0.0000, -0.0000, 1.0000, 0.0000,-0.0000, -1.0000, -0.0000, 0.0000,1.0000, -0.0000, -0.0000, 1.2800,0.0000, 0.0000, 0.0000, 1.0000///Spine2__offset
Spine2side__offset///0.0000, -0.0000, 1.0000, 0.0000,-0.0000, -1.0000, -0.0000, 0.0000,1.0000, -0.0000, -0.0000, 1.2798,0.0000, 0.0000, 0.0000, 1.0000///Spine2
OPT0_bustL///0.3127, -0.0846, -0.9461, 0.0220,-0.9461, 0.0601, -0.3181, 0.0781,0.0838, 0.9946, -0.0612, 1.3479,0.0000, 0.0000, 0.0000, 1.0000///Spine2
OPT1_bustL///-0.3127, -0.0846, 0.9461, 0.1046,0.9461, 0.0601, 0.3181, -0.1717,-0.0838, 0.9946, 0.0612, 1.3700,0.0000, 0.0000, 0.0000, 1.0000///OPT0_bustL
OPT1_bustL_end///0.9983, -0.0464, 0.0341, 0.0810,0.0316, -0.0539, -0.9980, -0.1003,0.0482, 0.9975, -0.0523, 1.3637,0.0000, 0.0000, 0.0000, 1.0000///OPT1_bustL
OPT2_bustR///0.3127, -0.0845, -0.9461, -0.0218,0.9461, -0.0601, 0.3181, 0.0781,-0.0838, -0.9946, 0.0612, 1.3479,0.0000, 0.0000, 0.0000, 1.0000///Spine2
OPT3_bustR///-0.3127, -0.0845, 0.9461, -0.1044,-0.9461, -0.0601, -0.3181, -0.1717,0.0838, -0.9946, -0.0612, 1.3701,0.0000, 0.0000, 0.0000, 1.0000///OPT2_bustR
OPT1_bustR_end///0.9983, -0.0464, 0.0341, -0.0808,-0.0316, 0.0539, 0.9980, -0.1003,-0.0481, -0.9975, 0.0523, 1.3637,0.0000, 0.0000, 0.0000, 1.0000///OPT3_bustR
Spine1__offset///0.0000, -0.0000, 1.0000, 0.0000,-0.0000, -1.0000, -0.0000, 0.0000,1.0000, -0.0000, -0.0000, 1.1499,0.0000, 0.0000, 0.0000, 1.0000///Spine1
Spine1_front__offset///0.0000, -0.0000, 1.0000, 0.0000,-0.0000, -1.0000, -0.0000, 0.0000,1.0000, -0.0000, -0.0000, 1.1501,0.0000, 0.0000, 0.0000, 1.0000///Spine1
Hip///-0.0000, -0.0000, 1.0000, 0.0000,-0.0000, 1.0000, 0.0000, 0.0000,-1.0000, 0.0000, -0.0000, 1.1500,0.0000, 0.0000, 0.0000, 1.0000///Base
L_UpLeg///0.0000, 0.0000, 1.0000, 0.1000,-0.0001, 1.0000, -0.0000, -0.0000,-1.0000, -0.0001, 0.0000, 0.9900,0.0000, 0.0000, 0.0000, 1.0000///Hip
L_Leg///0.0000, 0.0000, 1.0000, 0.1000,0.0001, 1.0000, -0.0000, -0.0000,-1.0000, 0.0001, 0.0000, 0.5500,0.0000, 0.0000, 0.0000, 1.0000///L_UpLeg
L_Foot///0.0000, 0.0000, 1.0000, 0.1000,-0.0000, 1.0000, -0.0000, -0.0000,-1.0000, 0.0000, 0.0000, 0.1300,0.0000, 0.0000, 0.0000, 1.0000///L_Leg
L_Toe///-0.0000, 0.0000, 1.0000, 0.1000,-1.0000, 0.0000, -0.0000, -0.1530,-0.0000, -1.0000, 0.0000, 0.0302,0.0000, 0.0000, 0.0000, 1.0000///L_Foot
L_Toe1__null///-0.0000, 0.0000, 1.0000, 0.1000,-1.0000, 0.0000, -0.0000, -0.2830,-0.0000, -1.0000, 0.0000, 0.0302,0.0000, 0.0000, 0.0000, 1.0000///L_Toe
L_Toe__offset///-0.0000, 0.0000, 1.0000, 0.1000,-1.0000, 0.0000, -0.0000, -0.1531,-0.0000, -1.0000, 0.0000, 0.0302,0.0000, 0.0000, 0.0000, 1.0000///L_Toe
ATH_L_Toe_Btm///1.0000, 0.0000, -0.0000, 0.1000,-0.0000, 1.0000, -0.0000, -0.1600,0.0000, 0.0000, 1.0000, -0.0100,0.0000, 0.0000, 0.0000, 1.0000///L_Toe
L_Foot__offset///0.0000, 0.0000, 1.0000, 0.1000,-0.0000, 1.0000, -0.0000, -0.0000,-1.0000, 0.0000, 0.0000, 0.1299,0.0000, 0.0000, 0.0000, 1.0000///L_Foot
L_Ankle__offset///0.0000, 0.0000, 1.0000, 0.1000,-0.0000, 1.0000, -0.0000, -0.0000,-1.0000, 0.0000, 0.0000, 0.1301,0.0000, 0.0000, 0.0000, 1.0000///L_Foot
ATH_L_Foot_Btm///1.0000, 0.0000, 0.0000, 0.1000,-0.0000, 1.0000, -0.0000, -0.0000,-0.0000, 0.0000, 1.0000, -0.0050,0.0000, 0.0000, 0.0000, 1.0000///L_Foot
L_Calf_Slide__offset///1.0000, -0.0000, -0.0000, 0.1000,-0.0000, -0.0001, -1.0000, -0.0000,0.0000, 1.0000, -0.0001, 0.3400,0.0000, 0.0000, 0.0000, 1.0000///L_Leg
L_Leg__offset///0.0000, 0.0000, 1.0000, 0.1000,0.0001, 1.0000, -0.0000, -0.0000,-1.0000, 0.0001, 0.0000, 0.5499,0.0000, 0.0000, 0.0000, 1.0000///L_Leg
HLP_L_Knee__offset///0.0000, 0.0000, 1.0000, 0.1000,0.0000, 1.0000, -0.0000, -0.0201,-1.0000, 0.0000, 0.0000, 0.5500,0.0000, 0.0000, 0.0000, 1.0000///L_UpLeg
HLP_L_UpLeg_Top__offset///0.0000, 0.0000, 1.0000, 0.1000,0.0000, 1.0000, 0.0000, -0.0000,-1.0000, 0.0000, 0.0000, 0.9901,0.0000, 0.0000, 0.0000, 1.0000///L_UpLeg
HLP_L_UpLeg_Mid__offset///0.0000, 0.0000, 1.0000, 0.1000,-0.0000, 1.0000, -0.0000, -0.0000,-1.0000, -0.0000, 0.0000, 0.7900,0.0000, 0.0000, 0.0000, 1.0000///L_UpLeg
L_Thigh_Slide__offset///1.0000, -0.0000, -0.0000, 0.1000,-0.0000, 0.0001, -1.0000, -0.0010,0.0000, 1.0000, 0.0001, 0.7700,0.0000, 0.0000, 0.0000, 1.0000///L_UpLeg
L_UpLeg__offset///0.0000, 0.0000, 1.0000, 0.1000,-0.0001, 1.0000, -0.0000, -0.0000,-1.0000, -0.0001, 0.0000, 0.9899,0.0000, 0.0000, 0.0000, 1.0000///L_UpLeg
R_UpLeg///0.0000, 0.0000, 1.0000, -0.1000,-0.0001, 1.0000, -0.0000, -0.0000,-1.0000, -0.0001, 0.0000, 0.9900,0.0000, 0.0000, 0.0000, 1.0000///Hip
R_Leg///0.0000, 0.0000, 1.0000, -0.1000,0.0001, 1.0000, -0.0000, -0.0000,-1.0000, 0.0001, 0.0000, 0.5500,0.0000, 0.0000, 0.0000, 1.0000///R_UpLeg
R_Foot///0.0013, 0.0000, 1.0000, -0.1000,0.0000, 1.0000, -0.0000, -0.0000,-1.0000, 0.0000, 0.0013, 0.1300,0.0000, 0.0000, 0.0000, 1.0000///R_Leg
R_Toe///-0.0000, 0.0013, 1.0000, -0.0999,-1.0000, 0.0000, -0.0000, -0.1530,-0.0000, -1.0000, 0.0013, 0.0302,0.0000, 0.0000, 0.0000, 1.0000///R_Foot
R_Toe1__null///-0.0000, 0.0013, 1.0000, -0.0999,-1.0000, 0.0000, -0.0000, -0.2830,-0.0000, -1.0000, 0.0013, 0.0302,0.0000, 0.0000, 0.0000, 1.0000///R_Toe
R_Toe__offset///-0.0000, 0.0013, 1.0000, -0.0999,-1.0000, 0.0000, -0.0000, -0.1531,-0.0000, -1.0000, 0.0013, 0.0302,0.0000, 0.0000, 0.0000, 1.0000///R_Toe
ATH_R_Toe_Btm///1.0000, 0.0000, 0.0000, -0.0998,-0.0000, 1.0000, -0.0000, -0.1600,-0.0000, 0.0000, 1.0000, -0.0100,0.0000, 0.0000, 0.0000, 1.0000///R_Toe
R_Foot__offset///0.0013, 0.0000, 1.0000, -0.1000,0.0000, 1.0000, -0.0000, -0.0000,-1.0000, 0.0000, 0.0013, 0.1299,0.0000, 0.0000, 0.0000, 1.0000///R_Foot
R_Ankle__offset///-0.0013, -0.0000, 1.0000, -0.1000,-0.0000, -1.0000, -0.0000, -0.0000,1.0000, -0.0000, 0.0013, 0.1301,0.0000, 0.0000, 0.0000, 1.0000///R_Foot
ATH_R_Foot_Btm///1.0000, 0.0000, 0.0000, -0.0998,-0.0000, 1.0000, -0.0000, -0.0000,-0.0000, 0.0000, 1.0000, -0.0050,0.0000, 0.0000, 0.0000, 1.0000///R_Foot
R_Calf_Slide__offset///1.0000, -0.0000, 0.0000, -0.1000,0.0000, -0.0001, -1.0000, -0.0000,0.0000, 1.0000, -0.0001, 0.3400,0.0000, 0.0000, 0.0000, 1.0000///R_Leg
R_Leg__offset///0.0000, 0.0000, 1.0000, -0.1000,0.0001, 1.0000, -0.0000, -0.0000,-1.0000, 0.0001, 0.0000, 0.5499,0.0000, 0.0000, 0.0000, 1.0000///R_Leg
HLP_R_Knee__offset///0.0000, 0.0000, 1.0000, -0.1000,0.0000, 1.0000, -0.0000, -0.0201,-1.0000, 0.0000, 0.0000, 0.5500,0.0000, 0.0000, 0.0000, 1.0000///R_UpLeg
HLP_R_UpLeg_Top__offset///0.0000, 0.0000, 1.0000, -0.1000,0.0000, 1.0000, 0.0000, -0.0000,-1.0000, 0.0000, 0.0000, 0.9901,0.0000, 0.0000, 0.0000, 1.0000///R_UpLeg
HLP_R_UpLeg_Mid__offset///0.0000, 0.0000, 1.0000, -0.1000,-0.0000, 1.0000, 0.0000, -0.0000,-1.0000, -0.0000, 0.0000, 0.7900,0.0000, 0.0000, 0.0000, 1.0000///R_UpLeg
R_Thigh_Slide__offset///1.0000, -0.0000, 0.0000, -0.1000,0.0000, 0.0001, -1.0000, -0.0010,0.0000, 1.0000, 0.0001, 0.7700,0.0000, 0.0000, 0.0000, 1.0000///R_UpLeg
R_UpLeg__offset///0.0000, 0.0000, 1.0000, -0.1000,-0.0001, 1.0000, -0.0000, -0.0000,-1.0000, -0.0001, 0.0000, 0.9899,0.0000, 0.0000, 0.0000, 1.0000///R_UpLeg
HLP_L_Butt__offset///0.0000, 0.0000, 1.0000, 0.1001,0.0000, 1.0000, 0.0000, 0.0001,-1.0000, 0.0000, 0.0000, 0.9899,0.0000, 0.0000, 0.0000, 1.0000///Hip
HLP_R_Butt__offset///0.0000, 0.0000, 1.0000, -0.1001,0.0000, 1.0000, 0.0000, 0.0001,-1.0000, 0.0000, 0.0000, 0.9899,0.0000, 0.0000, 0.0000, 1.0000///Hip
HLP_L_Inguinal__offset///-0.1165, -0.0101, -0.9932, 0.1670,0.0867, -0.9962, -0.0000, -0.0499,-0.9894, -0.0861, 0.1169, 1.1190,0.0000, 0.0000, 0.0000, 1.0000///Hip
L_Inguinal1__null///-0.1165, -0.0101, -0.9932, 0.1320,0.0867, -0.9962, -0.0000, -0.0239,-0.9894, -0.0861, 0.1169, 0.8222,0.0000, 0.0000, 0.0000, 1.0000///HLP_L_Inguinal__offset
HLP_R_Inguinal__offset///0.1165, 0.0101, -0.9931, -0.1670,0.0867, -0.9962, 0.0000, -0.0499,-0.9894, -0.0861, -0.1169, 1.1190,0.0000, 0.0000, 0.0000, 1.0000///Hip
R_Inguinal__null///0.1165, 0.0101, -0.9931, -0.1320,0.0867, -0.9962, 0.0000, -0.0239,-0.9894, -0.0861, -0.1169, 0.8222,0.0000, 0.0000, 0.0000, 1.0000///HLP_R_Inguinal__offset
Hip__offset///-0.0000, -0.0000, 1.0000, 0.0000,-0.0000, 1.0000, 0.0000, 0.0000,-1.0000, 0.0000, -0.0000, 1.1501,0.0000, 0.0000, 0.0000, 1.0000///Hip
Hip_front__offset///-0.0000, -0.0000, 1.0000, -0.0000,-0.0000, 1.0000, 0.0000, 0.0000,-1.0000, 0.0000, -0.0000, 1.1499,0.0000, 0.0000, 0.0000, 1.0000///Hip
EDIT__null///1.0000, 0.0000, 0.0000, 0.0014,0.0000, 1.0000, 0.0000, 0.0000,0.0000, 0.0000, 1.0000, -0.0000,0.0000, 0.0000, 0.0000, 1.0000///MODEL_00
Deform__null///1.0000, 0.0000, 0.0000, 0.0083,0.0000, 1.0000, 0.0000, 0.0015,0.0000, 0.0000, 1.0000, -0.0002,0.0000, 0.0000, 0.0000, 1.0000///EDIT__null
