MODEL_00///1.0000, 0.0000, 0.0000, 0.0000,0.0000, 1.0000, 0.0000, -0.0000,0.0000, 0.0000, 1.0000, 0.0000,0.0000, 0.0000, 0.0000, 1.0000///
BODY_SCALE__group///1.0000, 0.0000, 0.0000, 0.0000,0.0000, 0.0000, -1.0000, 0.0000,0.0000, 1.0000, 0.0000, 0.0000,0.0000, 0.0000, 0.0000, 1.0000///MODEL_00
BASE///1.0000, 0.0000, 0.0000, 0.0000,0.0000, -0.0000, -1.0000, 0.0000,0.0000, 1.0000, -0.0000, 0.9775,0.0000, 0.0000, 0.0000, 1.0000///BODY_SCALE__group
Spine1///0.0000, -0.0000, 1.0000, 0.0000,-0.0000, -1.0000, -0.0000, 0.0000,1.0000, -0.0000, -0.0000, 0.9775,0.0000, 0.0000, 0.0000, 1.0000///BASE
Spine2///0.0000, -0.0000, 1.0000, 0.0000,-0.0000, -1.0000, -0.0000, 0.0000,1.0000, -0.0000, -0.0000, 1.2869,0.0000, 0.0000, 0.0000, 1.0000///Spine1
Neck///0.0000, -0.0000, 1.0000, 0.0000,-0.0000, -1.0000, -0.0000, 0.0000,1.0000, -0.0000, -0.0000, 1.9295,0.0000, 0.0000, 0.0000, 1.0000///Spine2
Head///-0.0000, 1.0000, -0.0000, 0.0000,-1.0000, -0.0000, -0.0000, 0.0000,-0.0000, 0.0000, 1.0000, 2.0247,0.0000, 0.0000, 0.0000, 1.0000///Neck
Head__offset///-0.0000, 1.0000, -0.0000, 0.0000,-1.0000, -0.0000, 0.0003, 0.0000,0.0003, 0.0000, 1.0000, 2.0249,0.0000, 0.0000, 0.0000, 1.0000///Head
ATH_Head_Top///1.0000, 0.0000, -0.0000, -0.0000,-0.0000, 1.0000, 0.0000, 0.0000,0.0000, 0.0000, 1.0000, 2.2627,0.0000, 0.0000, 0.0000, 1.0000///Head
L_Mayu2_Joint///1.0000, -0.0000, -0.0000, 0.0774,-0.0000, -0.0000, -1.0000, -0.1192,0.0000, 1.0000, -0.0000, 2.1010,0.0000, 0.0000, 0.0000, 1.0000///Head
L_Mayu3_Joint///1.0000, 0.0000, -0.0000, 0.1145,-0.0000, -0.0000, -1.0000, -0.0969,-0.0000, 1.0000, -0.0000, 2.0912,0.0000, 0.0000, 0.0000, 1.0000///Head
L_Mayu1_Joint///1.0000, -0.0000, -0.0000, 0.0364,-0.0000, -0.0000, -1.0000, -0.1262,0.0000, 1.0000, -0.0000, 2.0833,0.0000, 0.0000, 0.0000, 1.0000///Head
R_Mayu3_Joint///1.0000, -0.0000, -0.0000, -0.1145,-0.0000, -0.0000, -1.0000, -0.0969,0.0000, 1.0000, -0.0000, 2.0912,0.0000, 0.0000, 0.0000, 1.0000///Head
R_Mayu2_Joint///1.0000, -0.0000, -0.0000, -0.0774,-0.0000, -0.0000, -1.0000, -0.1192,0.0000, 1.0000, -0.0000, 2.1010,0.0000, 0.0000, 0.0000, 1.0000///Head
R_Mayu1_Joint///1.0000, -0.0000, -0.0000, -0.0364,-0.0000, -0.0000, -1.0000, -0.1262,0.0000, 1.0000, -0.0000, 2.0833,0.0000, 0.0000, 0.0000, 1.0000///Head
R_Eyecorner///1.0000, -0.0000, -0.0000, -0.0833,-0.0000, -0.0000, -1.0000, -0.2158,0.0000, 1.0000, -0.0000, 2.0566,0.0000, 0.0000, 0.0000, 1.0000///Head
R_UwaMabuta_Joint///1.0000, -0.0000, -0.0000, -0.0642,-0.0000, -0.0000, -1.0000, -0.2112,0.0000, 1.0000, -0.0000, 2.0576,0.0000, 0.0000, 0.0000, 1.0000///Head
R_UpEyelid1///1.0000, -0.0000, -0.0000, -0.0578,-0.0000, -0.0000, -1.0000, -0.2282,0.0000, 1.0000, -0.0000, 2.0634,0.0000, 0.0000, 0.0000, 1.0000///R_UwaMabuta_Joint
R_UpEyelid2///1.0000, -0.0000, -0.0000, -0.0795,-0.0000, -0.0000, -1.0000, -0.2195,0.0000, 1.0000, -0.0000, 2.0636,0.0000, 0.0000, 0.0000, 1.0000///R_UwaMabuta_Joint
L_UwaMabuta_Joint///1.0000, -0.0000, 0.0000, 0.0642,0.0000, -0.0000, -1.0000, -0.2112,0.0000, 1.0000, -0.0000, 2.0576,0.0000, 0.0000, 0.0000, 1.0000///Head
L_UpEyelid2///1.0000, -0.0000, 0.0000, 0.0795,0.0000, -0.0000, -1.0000, -0.2195,0.0000, 1.0000, -0.0000, 2.0636,0.0000, 0.0000, 0.0000, 1.0000///L_UwaMabuta_Joint
L_UpEyelid1///1.0000, -0.0000, 0.0000, 0.0578,0.0000, -0.0000, -1.0000, -0.2282,0.0000, 1.0000, -0.0000, 2.0634,0.0000, 0.0000, 0.0000, 1.0000///L_UwaMabuta_Joint
L_Eyecorner///1.0000, -0.0000, -0.0000, 0.0833,-0.0000, -0.0000, -1.0000, -0.2158,0.0000, 1.0000, -0.0000, 2.0566,0.0000, 0.0000, 0.0000, 1.0000///Head
L_Eye_Joint///1.0000, -0.0000, 0.0000, 0.0642,0.0000, -0.0000, -1.0000, -0.2112,0.0000, 1.0000, -0.0000, 2.0567,0.0000, 0.0000, 0.0000, 1.0000///Head
R_Eye_Joint///1.0000, -0.0000, -0.0000, -0.0642,-0.0000, -0.0000, -1.0000, -0.2112,0.0000, 1.0000, -0.0000, 2.0567,0.0000, 0.0000, 0.0000, 1.0000///Head
R_SitaMabuta_Joint///1.0000, -0.0000, -0.0000, -0.0642,-0.0000, -0.0000, -1.0000, -0.2112,0.0000, 1.0000, -0.0000, 2.0558,0.0000, 0.0000, 0.0000, 1.0000///Head
R_LowEyelid1///1.0000, -0.0000, -0.0000, -0.0595,-0.0000, -0.0000, -1.0000, -0.2273,0.0000, 1.0000, -0.0000, 2.0459,0.0000, 0.0000, 0.0000, 1.0000///R_SitaMabuta_Joint
R_LowEyelid2///1.0000, -0.0000, -0.0000, -0.0797,-0.0000, -0.0000, -1.0000, -0.2179,0.0000, 1.0000, -0.0000, 2.0492,0.0000, 0.0000, 0.0000, 1.0000///R_SitaMabuta_Joint
L_SitaMabuta_Joint///1.0000, -0.0000, -0.0000, 0.0642,-0.0000, -0.0000, -1.0000, -0.2112,0.0000, 1.0000, -0.0000, 2.0558,0.0000, 0.0000, 0.0000, 1.0000///Head
L_LowEyelid2///1.0000, -0.0000, -0.0000, 0.0797,-0.0000, -0.0000, -1.0000, -0.2179,0.0000, 1.0000, -0.0000, 2.0492,0.0000, 0.0000, 0.0000, 1.0000///L_SitaMabuta_Joint
L_LowEyelid1///1.0000, -0.0000, -0.0000, 0.0595,-0.0000, -0.0000, -1.0000, -0.2273,0.0000, 1.0000, -0.0000, 2.0459,0.0000, 0.0000, 0.0000, 1.0000///L_SitaMabuta_Joint
L_Hoho_Joint///1.0000, -0.0000, -0.0000, 0.0784,-0.0000, -0.0000, -1.0000, -0.2510,0.0000, 1.0000, -0.0000, 2.0207,0.0000, 0.0000, 0.0000, 1.0000///Head
L_Hana_Joint///1.0000, -0.0000, -0.0000, 0.0339,-0.0000, -0.0000, -1.0000, -0.2622,0.0000, 1.0000, -0.0000, 2.0517,0.0000, 0.0000, 0.0000, 1.0000///Head
R_Hana_Joint///1.0000, -0.0000, -0.0000, -0.0339,-0.0000, -0.0000, -1.0000, -0.2622,0.0000, 1.0000, -0.0000, 2.0517,0.0000, 0.0000, 0.0000, 1.0000///Head
R_Hoho_Joint///1.0000, -0.0000, -0.0000, -0.0784,-0.0000, -0.0000, -1.0000, -0.2510,0.0000, 1.0000, -0.0000, 2.0207,0.0000, 0.0000, 0.0000, 1.0000///Head
L_Kobana_Joint///1.0000, -0.0000, -0.0000, 0.1116,-0.0000, -0.0000, -1.0000, -0.0605,0.0000, 1.0000, -0.0000, 2.1884,0.0000, 0.0000, 0.0000, 1.0000///Head
R_Kobana_Joint///1.0000, -0.0000, -0.0000, -0.1116,-0.0000, -0.0000, -1.0000, -0.0605,0.0000, 1.0000, -0.0000, 2.1884,0.0000, 0.0000, 0.0000, 1.0000///Head
L_Chobo_Joint///1.0000, -0.0000, -0.0000, 0.0617,-0.0000, -0.0000, -1.0000, -0.0642,0.0000, 1.0000, -0.0000, 2.2670,0.0000, 0.0000, 0.0000, 1.0000///Head
R_Chobo_Joint///1.0000, -0.0000, -0.0000, -0.0617,-0.0000, -0.0000, -1.0000, -0.0642,0.0000, 1.0000, -0.0000, 2.2670,0.0000, 0.0000, 0.0000, 1.0000///Head
L_LipU_Joint///1.0000, -0.0000, -0.0000, 0.0155,-0.0000, -0.0000, -1.0000, -0.1894,0.0000, 1.0000, -0.0000, 1.9478,0.0000, 0.0000, 0.0000, 1.0000///Head
R_LipU_Joint///1.0000, -0.0000, -0.0000, -0.0155,-0.0000, -0.0000, -1.0000, -0.1893,0.0000, 1.0000, -0.0000, 1.9479,0.0000, 0.0000, 0.0000, 1.0000///Head
M_LipU_Joint///1.0000, -0.0000, -0.0000, -0.0000,-0.0000, -0.0000, -1.0000, -0.2997,0.0000, 1.0000, -0.0000, 1.9930,0.0000, 0.0000, 0.0000, 1.0000///Head
Jaw_Joint///1.0000, -0.0000, -0.0000, -0.0000,-0.0000, -0.0000, -1.0000, -0.1120,0.0000, 1.0000, -0.0000, 1.9673,0.0000, 0.0000, 0.0000, 1.0000///Head
L_LipD_Joint///1.0000, -0.0000, -0.0000, 0.0147,-0.0000, -0.0000, -1.0000, -0.1803,0.0000, 1.0000, -0.0000, 1.9182,0.0000, 0.0000, 0.0000, 1.0000///Jaw_Joint
R_LipD_Joint///1.0000, -0.0000, -0.0000, -0.0148,-0.0000, -0.0000, -1.0000, -0.1803,0.0000, 1.0000, -0.0000, 1.9182,0.0000, 0.0000, 0.0000, 1.0000///Jaw_Joint
M_LipD_Joint///1.0000, -0.0000, -0.0000, -0.0000,-0.0000, -0.0000, -1.0000, -0.1835,0.0000, 1.0000, -0.0000, 1.9140,0.0000, 0.0000, 0.0000, 1.0000///Jaw_Joint
L_LipE_Joint///1.0000, -0.0000, -0.0000, 0.0240,-0.0000, -0.0000, -1.0000, -0.1744,0.0000, 1.0000, -0.0000, 1.9322,0.0000, 0.0000, 0.0000, 1.0000///Jaw_Joint
R_LipE_Joint///1.0000, -0.0000, -0.0000, -0.0240,-0.0000, -0.0000, -1.0000, -0.1744,0.0000, 1.0000, -0.0000, 1.9322,0.0000, 0.0000, 0.0000, 1.0000///Jaw_Joint
Bero1_Joint///-0.0002, 0.0008, -1.0000, -0.0000,-0.9772, -0.2124, 0.0000, -0.2097,-0.2124, 0.9772, 0.0008, 1.9186,0.0000, 0.0000, 0.0000, 1.0000///Jaw_Joint
Bero1_Joint_pos///-0.0000, 0.0000, -1.0000, -0.0000,-0.9588, -0.2841, -0.0000, -0.2523,-0.2841, 0.9588, 0.0000, 1.9040,0.0000, 0.0000, 0.0000, 1.0000///Bero1_Joint
Bero2_Joint///-0.0000, 0.0000, -1.0000, -0.0000,-0.9588, -0.2841, -0.0000, -0.2523,-0.2841, 0.9588, 0.0000, 1.9040,0.0000, 0.0000, 0.0000, 1.0000///Bero1_Joint_pos
Bero3_Joint///-0.0000, 0.0000, -1.0000, -0.0000,-0.9588, -0.2841, -0.0000, -0.2702,-0.2841, 0.9588, 0.0000, 1.8956,0.0000, 0.0000, 0.0000, 1.0000///Bero2_Joint
Neck__offset///0.0000, -0.0000, 1.0000, 0.0000,-0.0000, -1.0000, -0.0000, 0.0000,1.0000, -0.0000, -0.0000, 1.9293,0.0000, 0.0000, 0.0000, 1.0000///Neck
Neck_back__offset///0.0000, -0.0001, 1.0000, 0.0000,0.0001, -1.0000, -0.0001, 0.0000,1.0000, 0.0001, -0.0000, 1.9297,0.0000, 0.0000, 0.0000, 1.0000///Neck
L_Shoulder///1.0000, -0.0000, -0.0000, 0.2380,-0.0000, -0.0000, -1.0000, 0.0000,0.0000, 1.0000, -0.0000, 1.8105,0.0000, 0.0000, 0.0000, 1.0000///Spine2
L_Arm///1.0000, -0.0000, -0.0000, 0.2713,0.0000, 1.0000, 0.0000, 0.0000,0.0000, -0.0000, 1.0000, 1.8105,0.0000, 0.0000, 0.0000, 1.0000///L_Shoulder
L_ForeArm///1.0000, 0.0000, -0.0000, 0.6640,-0.0000, 1.0000, 0.0000, 0.0000,0.0000, -0.0000, 1.0000, 1.8105,0.0000, 0.0000, 0.0000, 1.0000///L_Arm
L_Hand///1.0000, -0.0000, -0.0000, 0.9651,-0.0000, 0.0000, -1.0000, 0.0000,0.0000, 1.0000, 0.0000, 1.8105,0.0000, 0.0000, 0.0000, 1.0000///L_ForeArm
L_FingerBase///1.0000, -0.0000, -0.0000, 0.9698,-0.0000, 0.0000, -1.0000, -0.0190,0.0000, 1.0000, 0.0000, 1.8105,0.0000, 0.0000, 0.0000, 1.0000///L_Hand
L_Middle///1.0000, -0.0000, -0.0000, 0.9699,-0.0000, 0.0000, -1.0000, -0.0095,0.0000, 1.0000, 0.0000, 1.8105,0.0000, 0.0000, 0.0000, 1.0000///L_FingerBase
L_Ring///1.0000, -0.0000, -0.0000, 0.9699,-0.0000, 0.0000, -1.0000, 0.0000,0.0000, 1.0000, 0.0000, 1.8105,0.0000, 0.0000, 0.0000, 1.0000///L_Middle
L_Pinky///1.0000, -0.0000, -0.0000, 0.9699,-0.0000, 0.0000, -1.0000, 0.0095,0.0000, 1.0000, 0.0000, 1.8105,0.0000, 0.0000, 0.0000, 1.0000///L_Ring
L_Pinky1///1.0000, -0.0000, -0.0000, 1.0678,-0.0000, 0.0000, -1.0000, 0.0366,0.0000, 1.0000, 0.0000, 1.8120,0.0000, 0.0000, 0.0000, 1.0000///L_Pinky
L_Pinky2///1.0000, -0.0000, -0.0000, 1.1135,-0.0000, 0.0000, -1.0000, 0.0366,0.0000, 1.0000, 0.0000, 1.8120,0.0000, 0.0000, 0.0000, 1.0000///L_Pinky1
L_Pinky3///1.0000, -0.0000, -0.0000, 1.1342,-0.0000, 0.0000, -1.0000, 0.0366,0.0000, 1.0000, 0.0000, 1.8120,0.0000, 0.0000, 0.0000, 1.0000///L_Pinky2
L_Pinky4__null///1.0000, -0.0000, -0.0000, 1.1628,-0.0000, 0.0000, -1.0000, 0.0366,0.0000, 1.0000, 0.0000, 1.8120,0.0000, 0.0000, 0.0000, 1.0000///L_Pinky3
L_Ring1///1.0000, -0.0000, -0.0000, 1.0805,-0.0000, 0.0000, -1.0000, 0.0137,0.0000, 1.0000, 0.0000, 1.8138,0.0000, 0.0000, 0.0000, 1.0000///L_Ring
L_Ring2///1.0000, -0.0000, -0.0000, 1.1311,-0.0000, 0.0000, -1.0000, 0.0137,0.0000, 1.0000, 0.0000, 1.8138,0.0000, 0.0000, 0.0000, 1.0000///L_Ring1
L_Ring3///1.0000, -0.0000, -0.0000, 1.1609,-0.0000, 0.0000, -1.0000, 0.0137,0.0000, 1.0000, 0.0000, 1.8138,0.0000, 0.0000, 0.0000, 1.0000///L_Ring2
L_Ring4__null///1.0000, -0.0000, -0.0000, 1.1895,-0.0000, 0.0000, -1.0000, 0.0137,0.0000, 1.0000, 0.0000, 1.8138,0.0000, 0.0000, 0.0000, 1.0000///L_Ring3
L_Middle1///1.0000, -0.0000, -0.0000, 1.0839,-0.0000, 0.0000, -1.0000, -0.0122,0.0000, 1.0000, 0.0000, 1.8156,0.0000, 0.0000, 0.0000, 1.0000///L_Middle
L_Middle2///1.0000, -0.0000, -0.0000, 1.1395,-0.0000, 0.0000, -1.0000, -0.0122,0.0000, 1.0000, 0.0000, 1.8156,0.0000, 0.0000, 0.0000, 1.0000///L_Middle1
L_Middle3///1.0000, -0.0000, -0.0000, 1.1719,-0.0000, 0.0000, -1.0000, -0.0122,0.0000, 1.0000, 0.0000, 1.8156,0.0000, 0.0000, 0.0000, 1.0000///L_Middle2
L_Middle4__null///1.0000, -0.0000, -0.0000, 1.2005,-0.0000, 0.0000, -1.0000, -0.0122,0.0000, 1.0000, 0.0000, 1.8156,0.0000, 0.0000, 0.0000, 1.0000///L_Middle3
L_Index1///1.0000, -0.0000, -0.0000, 1.0839,-0.0000, 0.0000, -1.0000, -0.0392,0.0000, 1.0000, 0.0000, 1.8156,0.0000, 0.0000, 0.0000, 1.0000///L_FingerBase
L_Index2///1.0000, -0.0000, -0.0000, 1.1366,-0.0000, 0.0000, -1.0000, -0.0392,0.0000, 1.0000, 0.0000, 1.8156,0.0000, 0.0000, 0.0000, 1.0000///L_Index1
L_Index3///1.0000, -0.0000, -0.0000, 1.1671,-0.0000, 0.0000, -1.0000, -0.0392,0.0000, 1.0000, 0.0000, 1.8156,0.0000, 0.0000, 0.0000, 1.0000///L_Index2
L_Index4__null///1.0000, -0.0000, -0.0000, 1.1956,-0.0000, 0.0000, -1.0000, -0.0392,0.0000, 1.0000, 0.0000, 1.8156,0.0000, 0.0000, 0.0000, 1.0000///L_Index3
L_Thumb1///0.8053, -0.2750, -0.5252, 0.9883,-0.5122, -0.7689, -0.3827, -0.0425,-0.2986, 0.5772, -0.7600, 1.7966,0.0000, 0.0000, 0.0000, 1.0000///L_FingerBase
L_Thumb2///0.8053, -0.2750, -0.5252, 1.0380,-0.5122, -0.7689, -0.3827, -0.0741,-0.2986, 0.5772, -0.7600, 1.7781,0.0000, 0.0000, 0.0000, 1.0000///L_Thumb1
L_Thumb3///0.8053, -0.2750, -0.5252, 1.0680,-0.5122, -0.7689, -0.3827, -0.0932,-0.2986, 0.5772, -0.7600, 1.7670,0.0000, 0.0000, 0.0000, 1.0000///L_Thumb2
L_Thumb4__null///0.8053, -0.2750, -0.5252, 1.0910,-0.5122, -0.7689, -0.3827, -0.1078,-0.2986, 0.5772, -0.7600, 1.7585,0.0000, 0.0000, 0.0000, 1.0000///L_Thumb3
HLP_L_ForeArm_Mid__offset///1.0000, -0.0000, -0.0000, 0.8342,-0.0000, 0.0000, -1.0000, 0.0001,0.0000, 1.0000, 0.0000, 1.8105,0.0000, 0.0000, 0.0000, 1.0000///L_ForeArm
HLP_L_ForeArm_Btm__offset///1.0000, -0.0000, -0.0000, 0.9389,-0.0000, 0.0000, -1.0000, 0.0000,0.0000, 1.0000, 0.0000, 1.8105,0.0000, 0.0000, 0.0000, 1.0000///L_ForeArm
HLP_L_Elbow__offset///1.0000, 0.0000, -0.0000, 0.6640,-0.0000, 1.0000, 0.0000, 0.0671,0.0000, -0.0000, 1.0000, 1.8105,0.0000, 0.0000, 0.0000, 1.0000///L_ForeArm
L_ForeArm_Slide__offset///1.0000, -0.0000, -0.0000, 0.8050,0.0000, 1.0000, 0.0000, 0.0001,0.0000, -0.0000, 1.0000, 1.8105,0.0000, 0.0000, 0.0000, 1.0000///L_ForeArm
L_ForeArm__offset///1.0000, 0.0000, -0.0000, 0.6643,-0.0000, 1.0000, 0.0000, 0.0000,0.0000, -0.0000, 1.0000, 1.8105,0.0000, 0.0000, 0.0000, 1.0000///L_ForeArm
HLP_L_Arm_Top__offset///1.0000, 0.0000, -0.0000, 0.2716,0.0000, 1.0000, 0.0000, 0.0000,0.0000, 0.0000, 1.0000, 1.8105,0.0000, 0.0000, 0.0000, 1.0000///L_Arm
HLP_L_Arm_Mid__offset///1.0000, -0.0000, -0.0000, 0.4544,0.0000, 1.0000, 0.0000, 0.0000,0.0000, -0.0000, 1.0000, 1.8105,0.0000, 0.0000, 0.0000, 1.0000///L_Arm
L_Bicep_Slide__offset///1.0000, -0.0000, -0.0000, 0.4801,0.0000, 1.0000, 0.0000, -0.0034,0.0000, -0.0000, 1.0000, 1.8106,0.0000, 0.0000, 0.0000, 1.0000///L_Arm
L_Tricep_Slide__offset///1.0000, -0.0000, -0.0000, 0.4801,0.0000, 1.0000, 0.0000, 0.0010,0.0000, -0.0000, 1.0000, 1.8106,0.0000, 0.0000, 0.0000, 1.0000///L_Arm
L_Arm_Btm__offset///1.0000, -0.0000, -0.0000, 0.6639,0.0000, 1.0000, 0.0000, 0.0000,0.0000, -0.0000, 1.0000, 1.8105,0.0000, 0.0000, 0.0000, 1.0000///L_Arm
HLP_L_ShldrBlade__offset///1.0000, -0.0000, -0.0000, 0.3513,0.0000, 1.0000, 0.0000, -0.0021,0.0000, -0.0000, 1.0000, 1.7653,0.0000, 0.0000, 0.0000, 1.0000///L_Shoulder
HLP_L_Shldr_B__offset///1.0000, -0.0000, -0.0000, 0.2713,0.0000, 1.0000, 0.0000, 0.0000,0.0000, -0.0000, 1.0000, 1.8105,0.0000, 0.0000, 0.0000, 1.0000///L_Shoulder
R_Shoulder///-1.0000, -0.0000, -0.0000, -0.2380,0.0000, 0.0000, -1.0000, 0.0000,0.0000, -1.0000, -0.0000, 1.8105,0.0000, 0.0000, 0.0000, 1.0000///Spine2
R_Arm///-1.0000, 0.0000, 0.0000, -0.2713,0.0000, 1.0000, -0.0000, 0.0000,-0.0000, -0.0000, -1.0000, 1.8105,0.0000, 0.0000, 0.0000, 1.0000///R_Shoulder
R_ForeArm///-1.0000, -0.0000, 0.0000, -0.6640,-0.0000, 1.0000, -0.0000, 0.0000,-0.0000, -0.0000, -1.0000, 1.8105,0.0000, 0.0000, 0.0000, 1.0000///R_Arm
R_Hand///-1.0000, 0.0000, 0.0000, -0.9651,-0.0000, -0.0000, -1.0000, 0.0000,-0.0000, -1.0000, 0.0000, 1.8105,0.0000, 0.0000, 0.0000, 1.0000///R_ForeArm
R_FingerBase///-1.0000, -0.0000, 0.0000, -0.9698,-0.0000, -0.0000, -1.0000, -0.0190,0.0000, -1.0000, 0.0000, 1.8105,0.0000, 0.0000, 0.0000, 1.0000///R_Hand
R_Middle///-1.0000, -0.0000, 0.0000, -0.9698,-0.0000, -0.0000, -1.0000, -0.0095,0.0000, -1.0000, 0.0000, 1.8105,0.0000, 0.0000, 0.0000, 1.0000///R_FingerBase
R_Ring///-1.0000, -0.0000, 0.0000, -0.9698,-0.0000, -0.0000, -1.0000, 0.0000,0.0000, -1.0000, 0.0000, 1.8105,0.0000, 0.0000, 0.0000, 1.0000///R_Middle
R_Pinky///-1.0000, -0.0000, 0.0000, -0.9698,-0.0000, -0.0000, -1.0000, 0.0095,0.0000, -1.0000, 0.0000, 1.8105,0.0000, 0.0000, 0.0000, 1.0000///R_Ring
R_Pinky1///-1.0000, 0.0000, 0.0000, -1.0678,-0.0000, -0.0000, -1.0000, 0.0367,0.0000, -1.0000, 0.0000, 1.8120,0.0000, 0.0000, 0.0000, 1.0000///R_Pinky
R_Pinky2///-1.0000, 0.0000, 0.0000, -1.1135,-0.0000, -0.0000, -1.0000, 0.0366,0.0000, -1.0000, 0.0000, 1.8120,0.0000, 0.0000, 0.0000, 1.0000///R_Pinky1
R_Pinky3///-1.0000, 0.0000, 0.0000, -1.1342,-0.0000, -0.0000, -1.0000, 0.0366,0.0000, -1.0000, 0.0000, 1.8120,0.0000, 0.0000, 0.0000, 1.0000///R_Pinky2
R_Pinky4__null///-1.0000, 0.0000, 0.0000, -1.1628,-0.0000, -0.0000, -1.0000, 0.0366,0.0000, -1.0000, 0.0000, 1.8120,0.0000, 0.0000, 0.0000, 1.0000///R_Pinky3
R_Ring1///-1.0000, 0.0000, 0.0000, -1.0805,-0.0000, -0.0000, -1.0000, 0.0137,0.0000, -1.0000, 0.0000, 1.8138,0.0000, 0.0000, 0.0000, 1.0000///R_Ring
R_Ring2///-1.0000, 0.0000, 0.0000, -1.1311,-0.0000, -0.0000, -1.0000, 0.0137,0.0000, -1.0000, 0.0000, 1.8138,0.0000, 0.0000, 0.0000, 1.0000///R_Ring1
R_Ring3///-1.0000, 0.0000, 0.0000, -1.1609,-0.0000, -0.0000, -1.0000, 0.0137,0.0000, -1.0000, 0.0000, 1.8138,0.0000, 0.0000, 0.0000, 1.0000///R_Ring2
R_Ring4__null///-1.0000, 0.0000, 0.0000, -1.1895,-0.0000, -0.0000, -1.0000, 0.0137,0.0000, -1.0000, 0.0000, 1.8138,0.0000, 0.0000, 0.0000, 1.0000///R_Ring3
R_Middle1///-1.0000, 0.0000, 0.0000, -1.0839,-0.0000, -0.0000, -1.0000, -0.0122,0.0000, -1.0000, 0.0000, 1.8156,0.0000, 0.0000, 0.0000, 1.0000///R_Middle
R_Middle2///-1.0000, 0.0000, 0.0000, -1.1395,-0.0000, -0.0000, -1.0000, -0.0122,0.0000, -1.0000, 0.0000, 1.8156,0.0000, 0.0000, 0.0000, 1.0000///R_Middle1
R_Middle3///-1.0000, 0.0000, 0.0000, -1.1719,-0.0000, -0.0000, -1.0000, -0.0122,0.0000, -1.0000, 0.0000, 1.8156,0.0000, 0.0000, 0.0000, 1.0000///R_Middle2
R_Middle4__null///-1.0000, 0.0000, 0.0000, -1.2005,-0.0000, -0.0000, -1.0000, -0.0122,0.0000, -1.0000, 0.0000, 1.8156,0.0000, 0.0000, 0.0000, 1.0000///R_Middle3
R_Index1///-1.0000, 0.0000, 0.0000, -1.0839,-0.0000, -0.0000, -1.0000, -0.0392,0.0000, -1.0000, 0.0000, 1.8156,0.0000, 0.0000, 0.0000, 1.0000///R_FingerBase
R_Index2///-1.0000, 0.0000, 0.0000, -1.1366,-0.0000, -0.0000, -1.0000, -0.0392,0.0000, -1.0000, 0.0000, 1.8156,0.0000, 0.0000, 0.0000, 1.0000///R_Index1
R_Index3///-1.0000, 0.0000, 0.0000, -1.1671,-0.0000, -0.0000, -1.0000, -0.0392,0.0000, -1.0000, 0.0000, 1.8156,0.0000, 0.0000, 0.0000, 1.0000///R_Index2
R_Index4__null///-1.0000, 0.0000, 0.0000, -1.1956,-0.0000, -0.0000, -1.0000, -0.0392,0.0000, -1.0000, 0.0000, 1.8156,0.0000, 0.0000, 0.0000, 1.0000///R_Index3
R_Thumb1///-0.8053, -0.2750, 0.5252, -0.9883,-0.5122, 0.7689, -0.3827, -0.0425,-0.2986, -0.5772, -0.7600, 1.7966,0.0000, 0.0000, 0.0000, 1.0000///R_FingerBase
R_Thumb2///-0.8053, -0.2750, 0.5252, -1.0380,-0.5122, 0.7689, -0.3827, -0.0741,-0.2986, -0.5772, -0.7600, 1.7781,0.0000, 0.0000, 0.0000, 1.0000///R_Thumb1
R_Thumb3///-0.8053, -0.2750, 0.5252, -1.0680,-0.5122, 0.7689, -0.3827, -0.0932,-0.2986, -0.5772, -0.7601, 1.7670,0.0000, 0.0000, 0.0000, 1.0000///R_Thumb2
R_Thumb4__null///-0.8053, -0.2750, 0.5252, -1.0910,-0.5122, 0.7689, -0.3827, -0.1078,-0.2986, -0.5772, -0.7600, 1.7585,0.0000, 0.0000, 0.0000, 1.0000///R_Thumb3
HLP_R_ForeArm_Mid__offset///-1.0000, 0.0000, 0.0000, -0.8342,-0.0000, -0.0000, -1.0000, 0.0001,-0.0000, -1.0000, 0.0000, 1.8105,0.0000, 0.0000, 0.0000, 1.0000///R_ForeArm
HLP_R_ForeArm_Btm__offset///-1.0000, 0.0000, 0.0000, -0.9389,-0.0000, -0.0000, -1.0000, 0.0000,-0.0000, -1.0000, 0.0000, 1.8105,0.0000, 0.0000, 0.0000, 1.0000///R_ForeArm
HLP_R_Elbow__offset///-1.0000, -0.0000, 0.0000, -0.6640,-0.0000, 1.0000, -0.0000, 0.0671,-0.0000, -0.0000, -1.0000, 1.8105,0.0000, 0.0000, 0.0000, 1.0000///R_ForeArm
R_ForeArm_Slide__offset///-1.0000, 0.0000, 0.0000, -0.8050,-0.0000, -0.0000, -1.0000, 0.0001,-0.0000, -1.0000, 0.0000, 1.8105,0.0000, 0.0000, 0.0000, 1.0000///R_ForeArm
R_ForeArm__offset///-1.0000, -0.0000, 0.0000, -0.6643,-0.0000, 1.0000, -0.0000, 0.0000,-0.0000, -0.0000, -1.0000, 1.8105,0.0000, 0.0000, 0.0000, 1.0000///R_ForeArm
HLP_R_Arm_Top__offset///-1.0000, 0.0000, -0.0000, -0.2716,0.0000, 1.0000, 0.0000, 0.0000,0.0000, 0.0000, -1.0000, 1.8105,0.0000, 0.0000, 0.0000, 1.0000///R_Arm
HLP_R_Arm_Mid__offset///-1.0000, 0.0000, 0.0000, -0.4544,0.0000, 1.0000, -0.0000, 0.0000,-0.0000, -0.0000, -1.0000, 1.8105,0.0000, 0.0000, 0.0000, 1.0000///R_Arm
R_Bicep_Slide__offset///-1.0000, 0.0000, 0.0000, -0.4801,0.0000, 1.0000, -0.0000, -0.0034,-0.0000, -0.0000, -1.0000, 1.8106,0.0000, 0.0000, 0.0000, 1.0000///R_Arm
R_Tricep_Slide__offset///-1.0000, 0.0000, 0.0000, -0.4801,0.0000, 1.0000, -0.0000, 0.0010,-0.0000, -0.0000, -1.0000, 1.8106,0.0000, 0.0000, 0.0000, 1.0000///R_Arm
R_Arm_Btm__offset///-1.0000, 0.0000, 0.0000, -0.6639,0.0000, 1.0000, -0.0000, 0.0001,-0.0000, -0.0000, -1.0000, 1.8105,0.0000, 0.0000, 0.0000, 1.0000///R_Arm
HLP_R_ShldrBlade__offset///-1.0000, 0.0000, 0.0000, -0.3513,0.0000, 1.0000, -0.0000, -0.0021,-0.0000, -0.0000, -1.0000, 1.7653,0.0000, 0.0000, 0.0000, 1.0000///R_Shoulder
HLP_R_Shldr_B__offset///-1.0000, 0.0000, 0.0000, -0.2713,0.0000, 1.0000, -0.0000, 0.0000,-0.0000, -0.0000, -1.0000, 1.8105,0.0000, 0.0000, 0.0000, 1.0000///R_Shoulder
HLP_L_CollarBone__offset///0.9013, -0.0003, 0.4332, 0.0238,0.4332, -0.0001, -0.9013, -0.1190,0.0003, 1.0000, 0.0000, 1.8104,0.0000, 0.0000, 0.0000, 1.0000///Spine2
HLP_L_Shldr_F__offset///0.9267, 0.3517, 0.1323, 0.3087,0.1237, 0.0470, -0.9912, -0.0474,-0.3548, 0.9349, -0.0000, 1.9465,0.0000, 0.0000, 0.0000, 1.0000///HLP_L_CollarBone__offset
L_Shldr_F1__null///0.9267, 0.3517, 0.1323, 0.5293,0.1237, 0.0469, -0.9912, -0.0180,-0.3548, 0.9349, -0.0000, 1.8621,0.0000, 0.0000, 0.0000, 1.0000///HLP_L_Shldr_F__offset
HLP_L_CollarBone_up__offset///0.9013, -0.0003, 0.4332, 0.0237,0.4332, -0.0001, -0.9013, -0.1187,0.0003, 1.0000, 0.0000, 1.8104,0.0000, 0.0000, 0.0000, 1.0000///HLP_L_CollarBone__offset
L_CollarBone1__null///0.9013, -0.0003, 0.4332, 0.4314,0.4332, -0.0001, -0.9013, 0.0769,0.0003, 1.0000, 0.0000, 1.8106,0.0000, 0.0000, 0.0000, 1.0000///HLP_L_CollarBone__offset
HLP_R_CollarBone__offset///-0.9013, -0.0003, -0.4332, -0.0238,0.4332, 0.0001, -0.9013, -0.1190,0.0003, -1.0000, 0.0000, 1.8104,0.0000, 0.0000, 0.0000, 1.0000///Spine2
HLP_R_Shldr_F__offset///-0.9267, -0.3517, 0.1323, -0.3087,0.1237, 0.0470, 0.9912, -0.0474,-0.3548, 0.9349, -0.0000, 1.9465,0.0000, 0.0000, 0.0000, 1.0000///HLP_R_CollarBone__offset
R_Shldr_F1__null///-0.9267, -0.3517, 0.1323, -0.5293,0.1237, 0.0470, 0.9912, -0.0180,-0.3548, 0.9349, -0.0000, 1.8621,0.0000, 0.0000, 0.0000, 1.0000///HLP_R_Shldr_F__offset
HLP_R_CollarBone_up__offset///-0.9013, -0.0003, -0.4332, -0.0237,0.4332, 0.0001, -0.9013, -0.1188,0.0003, -1.0000, 0.0000, 1.8104,0.0000, 0.0000, 0.0000, 1.0000///HLP_R_CollarBone__offset
R_CollarBone1__null///-0.9013, -0.0003, -0.4332, -0.4314,0.4332, 0.0001, -0.9013, 0.0769,0.0003, -1.0000, 0.0000, 1.8106,0.0000, 0.0000, 0.0000, 1.0000///HLP_R_CollarBone__offset
HLP_L_Pectoral__offset///0.9196, -0.3802, 0.0991, 0.0002,0.0916, -0.0379, -0.9951, -0.0452,0.3821, 0.9241, 0.0000, 1.6218,0.0000, 0.0000, 0.0000, 1.0000///Spine2
L_Pectoral__null///0.9196, -0.3802, 0.0991, 0.4380,0.0916, -0.0379, -0.9951, -0.0016,0.3821, 0.9241, -0.0000, 1.8036,0.0000, 0.0000, 0.0000, 1.0000///HLP_L_Pectoral__offset
HLP_L_Pectoral_side__offset///0.9196, -0.3802, 0.0991, 0.0001,0.0916, -0.0379, -0.9951, -0.0452,0.3821, 0.9241, -0.0000, 1.6220,0.0000, 0.0000, 0.0000, 1.0000///HLP_L_Pectoral__offset
HLP_R_Pectoral__offset///-0.9196, 0.3802, 0.0991, -0.0002,0.0916, -0.0379, 0.9951, -0.0452,0.3821, 0.9241, 0.0000, 1.6218,0.0000, 0.0000, 0.0000, 1.0000///Spine2
R_Pectoral__null///-0.9196, 0.3802, 0.0991, -0.4380,0.0916, -0.0379, 0.9951, -0.0016,0.3821, 0.9241, 0.0000, 1.8036,0.0000, 0.0000, 0.0000, 1.0000///HLP_R_Pectoral__offset
HLP_R_Pectoral_side__offset///-0.9196, 0.3802, 0.0991, -0.0001,0.0916, -0.0379, 0.9951, -0.0452,0.3821, 0.9241, 0.0000, 1.6220,0.0000, 0.0000, 0.0000, 1.0000///HLP_R_Pectoral__offset
Spine2__offset///0.0000, -0.0000, 1.0000, 0.0000,-0.0000, -1.0000, -0.0000, 0.0000,1.0000, -0.0000, -0.0000, 1.2867,0.0000, 0.0000, 0.0000, 1.0000///Spine2
Spine2_breast__offset///0.0000, -0.0000, 1.0000, 0.0000,-0.0000, -1.0000, -0.0000, 0.0002,1.0000, -0.0000, -0.0000, 1.2867,0.0000, 0.0000, 0.0000, 1.0000///Spine2__offset
Spine2up__offset///0.0000, -0.0000, 1.0000, 0.0000,-0.0000, -1.0000, -0.0000, 0.0000,1.0000, -0.0000, -0.0000, 1.2869,0.0000, 0.0000, 0.0000, 1.0000///Spine2__offset
Spine2__offset_OPT002///0.7293, -0.0433, 0.6828, 0.2722,0.0592, 0.9982, 0.0000, 0.0260,-0.6816, 0.0404, 0.7306, 1.3988,0.0000, 0.0000, 0.0000, 1.0000///Spine2__offset
Spine2__offset_OPT003///0.5497, 0.0308, 0.8348, 0.4350,-0.0559, 0.9984, 0.0000, 0.0392,-0.8335, -0.0467, 0.5505, 1.2467,0.0000, 0.0000, 0.0000, 1.0000///Spine2__offset_OPT002
transform2_pan_fac_1p///1.0000, 0.0000, -0.0000, 0.0000,-0.0000, 1.0000, 0.0000, 0.0000,0.0000, -0.0000, 1.0000, 0.0000,0.0000, 0.0000, 0.0000, 1.0000///Spine2__offset
Spine2__offset_OPT104///0.5122, -0.2385, 0.8251, 0.4508,0.4221, 0.9065, 0.0000, 0.1861,-0.7480, 0.3483, 0.5650, 1.4080,0.0000, 0.0000, 0.0000, 1.0000///transform2_pan_fac_1p
Spine2__offset_OPT105///0.6412, -0.4005, 0.6546, 0.5158,0.5297, 0.8482, -0.0000, 0.2396,-0.5552, 0.3468, 0.7560, 1.3132,0.0000, 0.0000, 0.0000, 1.0000///Spine2__offset_OPT104
Spine2__offset_OPT106///0.7021, -0.3565, 0.6164, 0.6128,0.4527, 0.8917, -0.0000, 0.3198,-0.5496, 0.2791, 0.7874, 1.2291,0.0000, 0.0000, 0.0000, 1.0000///Spine2__offset_OPT105
transform3_pan_fac_1p///1.0000, 0.0000, -0.0000, 0.0000,-0.0000, 1.0000, 0.0000, 0.0000,0.0000, -0.0000, 1.0000, 0.0000,0.0000, 0.0000, 0.0000, 1.0000///Spine2__offset
Spine2__offset_OPT102///0.7293, -0.0433, 0.6828, 0.2722,0.0592, 0.9982, 0.0000, 0.0260,-0.6816, 0.0404, 0.7306, 1.3988,0.0000, 0.0000, 0.0000, 1.0000///transform3_pan_fac_1p
Spine2__offset_OPT103///0.5497, 0.0308, 0.8348, 0.4350,-0.0559, 0.9984, 0.0000, 0.0392,-0.8335, -0.0467, 0.5505, 1.2467,0.0000, 0.0000, 0.0000, 1.0000///Spine2__offset_OPT102
Spine2side__offset///0.0000, -0.0000, 1.0000, 0.0000,-0.0000, -1.0000, -0.0000, 0.0000,1.0000, -0.0000, -0.0000, 1.2864,0.0000, 0.0000, 0.0000, 1.0000///Spine2
OPT0_bustL///0.3127, -0.0846, -0.9461, 0.0524,-0.9461, 0.0601, -0.3181, 0.1858,0.0838, 0.9946, -0.0612, 1.4486,0.0000, 0.0000, 0.0000, 1.0000///Spine2
OPT1_bustL///-0.3127, -0.0846, 0.9461, 0.2489,0.9461, 0.0601, 0.3181, -0.4086,-0.0838, 0.9946, 0.0612, 1.5012,0.0000, 0.0000, 0.0000, 1.0000///OPT0_bustL
OPT1_bustL_end///0.9983, -0.0464, 0.0341, 0.1927,0.0316, -0.0539, -0.9980, -0.2388,0.0482, 0.9975, -0.0523, 1.4862,0.0000, 0.0000, 0.0000, 1.0000///OPT1_bustL
OPT2_bustR///0.3127, -0.0845, -0.9461, -0.0519,0.9461, -0.0601, 0.3181, 0.1858,-0.0838, -0.9946, 0.0612, 1.4486,0.0000, 0.0000, 0.0000, 1.0000///Spine2
OPT3_bustR///-0.3127, -0.0845, 0.9461, -0.2484,-0.9461, -0.0601, -0.3181, -0.4086,0.0838, -0.9946, -0.0612, 1.5012,0.0000, 0.0000, 0.0000, 1.0000///OPT2_bustR
OPT1_bustR_end///0.9983, -0.0464, 0.0341, -0.1922,-0.0316, 0.0539, 0.9980, -0.2388,-0.0481, -0.9975, 0.0523, 1.4862,0.0000, 0.0000, 0.0000, 1.0000///OPT3_bustR
Spine1__offset///0.0000, -0.0000, 1.0000, 0.0000,-0.0000, -1.0000, -0.0000, 0.0000,1.0000, -0.0000, -0.0000, 0.9773,0.0000, 0.0000, 0.0000, 1.0000///Spine1
Spine1_front__offset///0.0000, -0.0000, 1.0000, 0.0000,-0.0000, -1.0000, -0.0000, 0.0000,1.0000, -0.0000, -0.0000, 0.9777,0.0000, 0.0000, 0.0000, 1.0000///Spine1
Hip///-0.0000, -0.0000, 1.0000, 0.0000,-0.0000, 1.0000, 0.0000, 0.0000,-1.0000, 0.0000, -0.0000, 0.9775,0.0000, 0.0000, 0.0000, 1.0000///BASE
L_UpLeg///-0.0000, 0.0000, 1.0000, 0.0850,0.0000, 1.0000, -0.0000, -0.0000,-1.0000, 0.0000, -0.0000, 0.8415,0.0000, 0.0000, 0.0000, 1.0000///Hip
L_Leg///-0.0000, 0.0000, 1.0000, 0.0850,0.0000, 1.0000, -0.0000, -0.0000,-1.0000, 0.0000, -0.0000, 0.4675,0.0000, 0.0000, 0.0000, 1.0000///L_UpLeg
L_Foot///-0.0000, 0.0000, 1.0000, 0.0850,-0.0000, 1.0000, -0.0000, -0.0000,-1.0000, -0.0000, -0.0000, 0.1105,0.0000, 0.0000, 0.0000, 1.0000///L_Leg
L_Toe///-0.0000, -0.0000, 1.0000, 0.0850,-1.0000, -0.0000, -0.0000, -0.1301,0.0000, -1.0000, -0.0000, 0.0257,0.0000, 0.0000, 0.0000, 1.0000///L_Foot
L_Toe1__null///-0.0000, 0.0000, 1.0000, 0.0850,-1.0000, -0.0000, -0.0000, -0.2406,0.0000, -1.0000, 0.0000, 0.0257,0.0000, 0.0000, 0.0000, 1.0000///L_Toe
L_Toe__offset///0.0000, -0.0000, 1.0000, 0.0850,-1.0000, 0.0000, 0.0000, -0.1302,-0.0000, -1.0000, -0.0000, 0.0257,0.0000, 0.0000, 0.0000, 1.0000///L_Toe
ATH_L_Toe_Btm///1.0000, 0.0000, 0.0000, 0.0850,-0.0000, 1.0000, 0.0000, -0.1360,-0.0000, -0.0000, 1.0000, -0.0041,0.0000, 0.0000, 0.0000, 1.0000///L_Toe
L_Foot__offset///-0.0000, 0.0000, 1.0000, 0.0850,-0.0000, 1.0000, -0.0000, -0.0000,-1.0000, -0.0000, -0.0000, 0.1104,0.0000, 0.0000, 0.0000, 1.0000///L_Foot
L_Ankle__offset///-0.0000, 0.0000, 1.0000, 0.0850,-0.0000, 1.0000, -0.0000, -0.0000,-1.0000, -0.0000, -0.0000, 0.1106,0.0000, 0.0000, 0.0000, 1.0000///L_Foot
ATH_L_Foot_Btm///1.0000, 0.0000, 0.0000, 0.0850,-0.0000, 1.0000, 0.0000, -0.0000,-0.0000, -0.0000, 1.0000, -0.0043,0.0000, 0.0000, 0.0000, 1.0000///L_Foot
L_Calf_Slide__offset///1.0000, 0.0000, -0.0000, 0.0850,-0.0000, -0.0001, -1.0000, -0.0000,-0.0000, 1.0000, -0.0001, 0.2890,0.0000, 0.0000, 0.0000, 1.0000///L_Leg
L_Leg__offset///0.0000, 0.0000, 1.0000, 0.0850,0.0001, 1.0000, -0.0000, -0.0000,-1.0000, 0.0001, 0.0000, 0.4674,0.0000, 0.0000, 0.0000, 1.0000///L_Leg
HLP_L_Knee__offset///0.0000, 0.0000, 1.0000, 0.0850,0.0000, 1.0000, -0.0000, -0.0171,-1.0000, 0.0000, 0.0000, 0.4675,0.0000, 0.0000, 0.0000, 1.0000///L_UpLeg
HLP_L_UpLeg_Top__offset///-0.0000, -0.0000, 1.0000, 0.0850,-0.0000, 1.0000, 0.0000, -0.0000,-1.0000, 0.0000, -0.0000, 0.8416,0.0000, 0.0000, 0.0000, 1.0000///L_UpLeg
HLP_L_UpLeg_Mid__offset///-0.0000, 0.0000, 1.0000, 0.0850,0.0000, 1.0000, 0.0000, -0.0000,-1.0000, 0.0000, -0.0000, 0.6715,0.0000, 0.0000, 0.0000, 1.0000///L_UpLeg
L_Thigh_Slide__offset///1.0000, 0.0000, -0.0000, 0.0850,-0.0000, 0.0001, -1.0000, -0.0009,-0.0000, 1.0000, 0.0001, 0.6545,0.0000, 0.0000, 0.0000, 1.0000///L_UpLeg
L_UpLeg__offset///0.0000, 0.0000, 1.0000, 0.0850,-0.0001, 1.0000, -0.0000, -0.0000,-1.0000, -0.0001, 0.0000, 0.8414,0.0000, 0.0000, 0.0000, 1.0000///L_UpLeg
R_UpLeg///-0.0000, -0.0000, 1.0000, -0.0850,-0.0000, 1.0000, 0.0000, -0.0000,-1.0000, 0.0000, -0.0000, 0.8415,0.0000, 0.0000, 0.0000, 1.0000///Hip
R_Leg///-0.0000, -0.0000, 1.0000, -0.0850,-0.0000, 1.0000, 0.0000, -0.0000,-1.0000, 0.0000, -0.0000, 0.4675,0.0000, 0.0000, 0.0000, 1.0000///R_UpLeg
R_Foot///0.0013, 0.0000, 1.0000, -0.0850,0.0000, 1.0000, -0.0000, -0.0000,-1.0000, 0.0000, 0.0013, 0.1105,0.0000, 0.0000, 0.0000, 1.0000///R_Leg
R_Toe///-0.0000, 0.0013, 1.0000, -0.0849,-1.0000, 0.0000, -0.0000, -0.1301,-0.0000, -1.0000, 0.0013, 0.0257,0.0000, 0.0000, 0.0000, 1.0000///R_Foot
R_Toe1__null///-0.0000, 0.0013, 1.0000, -0.0849,-1.0000, 0.0000, -0.0000, -0.2406,-0.0000, -1.0000, 0.0013, 0.0257,0.0000, 0.0000, 0.0000, 1.0000///R_Toe
R_Toe__offset///0.0000, 0.0013, 1.0000, -0.0849,-1.0000, -0.0000, 0.0000, -0.1302,0.0000, -1.0000, 0.0013, 0.0257,0.0000, 0.0000, 0.0000, 1.0000///R_Toe
ATH_R_Toe_Btm///1.0000, 0.0000, 0.0000, -0.0848,-0.0000, 1.0000, 0.0000, -0.1360,-0.0000, -0.0000, 1.0000, -0.0041,0.0000, 0.0000, 0.0000, 1.0000///R_Toe
R_Foot__offset///-0.0000, 0.0000, 1.0000, -0.0850,-0.0000, 1.0000, -0.0000, -0.0000,-1.0000, -0.0000, -0.0000, 0.1104,0.0000, 0.0000, 0.0000, 1.0000///R_Foot
R_Ankle__offset///-0.0013, -0.0000, 1.0000, -0.0850,-0.0000, -1.0000, -0.0000, -0.0000,1.0000, -0.0000, 0.0013, 0.1106,0.0000, 0.0000, 0.0000, 1.0000///R_Foot
ATH_R_Foot_Btm///1.0000, 0.0000, 0.0000, -0.0848,-0.0000, 1.0000, 0.0000, -0.0000,-0.0000, -0.0000, 1.0000, -0.0042,0.0000, 0.0000, 0.0000, 1.0000///R_Foot
R_Calf_Slide__offset///1.0000, 0.0000, 0.0000, -0.0850,0.0000, -0.0001, -1.0000, -0.0000,-0.0000, 1.0000, -0.0001, 0.2890,0.0000, 0.0000, 0.0000, 1.0000///R_Leg
R_Leg__offset///0.0000, -0.0000, 1.0000, -0.0850,0.0001, 1.0000, 0.0000, -0.0000,-1.0000, 0.0001, 0.0000, 0.4674,0.0000, 0.0000, 0.0000, 1.0000///R_Leg
HLP_R_Knee__offset///0.0000, -0.0000, 1.0000, -0.0850,0.0000, 1.0000, 0.0000, -0.0171,-1.0000, 0.0000, 0.0000, 0.4675,0.0000, 0.0000, 0.0000, 1.0000///R_UpLeg
HLP_R_UpLeg_Top__offset///-0.0000, -0.0000, 1.0000, -0.0850,-0.0000, 1.0000, 0.0000, -0.0000,-1.0000, 0.0000, -0.0000, 0.8416,0.0000, 0.0000, 0.0000, 1.0000///R_UpLeg
HLP_R_UpLeg_Mid__offset///-0.0000, -0.0000, 1.0000, -0.0850,-0.0000, 1.0000, 0.0000, -0.0000,-1.0000, 0.0000, -0.0000, 0.6715,0.0000, 0.0000, 0.0000, 1.0000///R_UpLeg
R_Thigh_Slide__offset///1.0000, 0.0000, 0.0000, -0.0850,0.0000, 0.0001, -1.0000, -0.0009,-0.0000, 1.0000, 0.0001, 0.6545,0.0000, 0.0000, 0.0000, 1.0000///R_UpLeg
R_UpLeg__offset///0.0000, -0.0000, 1.0000, -0.0850,-0.0001, 1.0000, 0.0000, -0.0000,-1.0000, -0.0001, 0.0000, 0.8414,0.0000, 0.0000, 0.0000, 1.0000///R_UpLeg
HLP_L_Butt__offset///-0.0000, -0.0000, 1.0000, 0.0851,-0.0000, 1.0000, 0.0000, 0.0001,-1.0000, 0.0000, -0.0000, 0.8414,0.0000, 0.0000, 0.0000, 1.0000///Hip
HLP_R_Butt__offset///-0.0000, -0.0000, 1.0000, -0.0851,-0.0000, 1.0000, 0.0000, 0.0001,-1.0000, 0.0000, -0.0000, 0.8414,0.0000, 0.0000, 0.0000, 1.0000///Hip
HLP_L_Inguinal__offset///-0.1165, -0.0101, -0.9932, 0.1420,0.0867, -0.9962, -0.0000, -0.0424,-0.9894, -0.0861, 0.1169, 0.9512,0.0000, 0.0000, 0.0000, 1.0000///Hip
L_Inguinal1__null///-0.1165, -0.0101, -0.9932, 0.1122,0.0867, -0.9962, -0.0000, -0.0203,-0.9894, -0.0861, 0.1169, 0.6989,0.0000, 0.0000, 0.0000, 1.0000///HLP_L_Inguinal__offset
HLP_R_Inguinal__offset///0.1165, 0.0101, -0.9931, -0.1419,0.0867, -0.9962, -0.0000, -0.0424,-0.9894, -0.0861, -0.1169, 0.9512,0.0000, 0.0000, 0.0000, 1.0000///Hip
R_Inguinal__null///0.1165, 0.0101, -0.9931, -0.1122,0.0867, -0.9962, -0.0000, -0.0203,-0.9894, -0.0861, -0.1169, 0.6989,0.0000, 0.0000, 0.0000, 1.0000///HLP_R_Inguinal__offset
Hip__offset///-0.0000, -0.0000, 1.0000, 0.0000,-0.0000, 1.0000, 0.0000, 0.0000,-1.0000, -0.0000, -0.0000, 0.9776,0.0000, 0.0000, 0.0000, 1.0000///Hip
Hip_front__offset///-0.0000, -0.0000, 1.0000, -0.0000,-0.0000, 1.0000, 0.0000, 0.0000,-1.0000, -0.0000, -0.0000, 0.9774,0.0000, 0.0000, 0.0000, 1.0000///Hip
Hip_001///-0.0000, -0.0000, 1.0000, -0.0000,0.9171, 0.3987, 0.0000, 0.2887,-0.3987, 0.9171, 0.0000, 0.8593,0.0000, 0.0000, 0.0000, 1.0000///Hip
EDIT__null///1.0000, 0.0000, 0.0000, 0.0014,0.0000, 1.0000, 0.0000, 0.0000,0.0000, 0.0000, 1.0000, -0.0000,0.0000, 0.0000, 0.0000, 1.0000///MODEL_00
Deform__null///1.0000, 0.0000, 0.0000, 0.0083,0.0000, 1.0000, 0.0000, 0.0015,0.0000, 0.0000, 1.0000, -0.0002,0.0000, 0.0000, 0.0000, 1.0000///EDIT__null
