MODEL_00///1.0000, 0.0000, 0.0000, 0.0000,0.0000, 1.0000, -0.0000, 0.0000,0.0000, 0.0000, 1.0000, 0.0000,0.0000, 0.0000, 0.0000, 1.0000///
BODY_SCALE__group///1.0000, 0.0000, 0.0000, 0.0000,0.0000, 0.0000, -1.0000, 0.0000,0.0000, 1.0000, 0.0000, 0.0000,0.0000, 0.0000, 0.0000, 1.0000///MODEL_00
Base///1.0000, 0.0000, 0.0000, 0.0000,0.0000, 0.0000, -1.0000, 0.0000,0.0000, 1.0000, 0.0000, 1.2017,0.0000, 0.0000, 0.0000, 1.0000///BODY_SCALE__group
Spine1///0.0000, -0.0000, 1.0000, 0.0000,-0.0000, -1.0000, -0.0000, 0.0000,1.0000, -0.0000, -0.0000, 1.2017,0.0000, 0.0000, 0.0000, 1.0000///Base
Spine2///0.0000, -0.0000, 1.0000, 0.0000,-0.0000, -1.0000, -0.0000, 0.0000,1.0000, -0.0000, -0.0000, 1.3485,0.0000, 0.0000, 0.0000, 1.0000///Spine1
Neck///0.0000, -0.0000, 1.0000, 0.0000,-0.0000, -1.0000, -0.0000, 0.0000,1.0000, -0.0000, -0.0000, 1.6758,0.0000, 0.0000, 0.0000, 1.0000///Spine2
HEAD///-0.0000, 1.0000, -0.0000, 0.0000,-1.0000, -0.0000, -0.0000, 0.0000,-0.0000, 0.0000, 1.0000, 1.7999,0.0000, 0.0000, 0.0000, 1.0000///Neck
Head__offset///-0.0000, 1.0000, -0.0000, 0.0000,-1.0000, -0.0000, 0.0003, 0.0000,0.0003, 0.0000, 1.0000, 1.8000,0.0000, 0.0000, 0.0000, 1.0000///HEAD
ATH_Head_Top///1.0000, 0.0000, 0.0000, -0.0000,-0.0000, 1.0000, -0.0000, 0.0000,-0.0000, 0.0000, 1.0000, 2.0172,0.0000, 0.0000, 0.0000, 1.0000///HEAD
L_Mayu2_Joint///1.0000, 0.0000, -0.0000, 0.0442,-0.0000, 0.0000, -1.0000, -0.1391,-0.0000, 1.0000, 0.0000, 1.8804,0.0000, 0.0000, 0.0000, 1.0000///HEAD
L_Mayu3_Joint///1.0000, 0.0000, -0.0000, 0.0684,-0.0000, 0.0000, -1.0000, -0.1153,-0.0000, 1.0000, 0.0000, 1.8788,0.0000, 0.0000, 0.0000, 1.0000///HEAD
L_Mayu1_Joint///1.0000, 0.0000, -0.0000, 0.0176,-0.0000, 0.0000, -1.0000, -0.1458,-0.0000, 1.0000, 0.0000, 1.8769,0.0000, 0.0000, 0.0000, 1.0000///HEAD
R_Mayu3_Joint///1.0000, 0.0000, -0.0000, -0.0684,-0.0000, 0.0000, -1.0000, -0.1153,-0.0000, 1.0000, 0.0000, 1.8788,0.0000, 0.0000, 0.0000, 1.0000///HEAD
R_Mayu2_Joint///1.0000, 0.0000, -0.0000, -0.0443,-0.0000, 0.0000, -1.0000, -0.1391,-0.0000, 1.0000, 0.0000, 1.8804,0.0000, 0.0000, 0.0000, 1.0000///HEAD
R_Mayu1_Joint///1.0000, 0.0000, -0.0000, -0.0176,-0.0000, 0.0000, -1.0000, -0.1458,-0.0000, 1.0000, 0.0000, 1.8769,0.0000, 0.0000, 0.0000, 1.0000///HEAD
R_Eyecorner///1.0000, 0.0000, -0.0000, -0.0502,-0.0000, 0.0000, -1.0000, -0.1213,-0.0000, 1.0000, 0.0000, 1.8665,0.0000, 0.0000, 0.0000, 1.0000///HEAD
R_UwaMabuta_Joint///1.0000, 0.0000, -0.0000, -0.0325,-0.0000, 0.0000, -1.0000, -0.1153,-0.0000, 1.0000, 0.0000, 1.8679,0.0000, 0.0000, 0.0000, 1.0000///HEAD
R_UpEyelid1///1.0000, 0.0000, -0.0000, -0.0271,-0.0000, 0.0000, -1.0000, -0.1358,-0.0000, 1.0000, 0.0000, 1.8730,0.0000, 0.0000, 0.0000, 1.0000///R_UwaMabuta_Joint
R_UpEyelid2///1.0000, 0.0000, -0.0000, -0.0448,-0.0000, 0.0000, -1.0000, -0.1319,-0.0000, 1.0000, 0.0000, 1.8739,0.0000, 0.0000, 0.0000, 1.0000///R_UwaMabuta_Joint
L_UwaMabuta_Joint///1.0000, 0.0000, -0.0000, 0.0325,-0.0000, -0.0000, -1.0000, -0.1153,-0.0000, 1.0000, -0.0000, 1.8679,0.0000, 0.0000, 0.0000, 1.0000///HEAD
L_UpEyelid2///1.0000, 0.0000, 0.0000, 0.0448,0.0000, -0.0000, -1.0000, -0.1319,-0.0000, 1.0000, -0.0000, 1.8739,0.0000, 0.0000, 0.0000, 1.0000///L_UwaMabuta_Joint
L_UpEyelid1///1.0000, 0.0000, 0.0000, 0.0271,0.0000, -0.0000, -1.0000, -0.1358,-0.0000, 1.0000, -0.0000, 1.8730,0.0000, 0.0000, 0.0000, 1.0000///L_UwaMabuta_Joint
L_Eyecorner///1.0000, 0.0000, -0.0000, 0.0502,-0.0000, 0.0000, -1.0000, -0.1213,-0.0000, 1.0000, 0.0000, 1.8665,0.0000, 0.0000, 0.0000, 1.0000///HEAD
L_Eye_Joint///1.0000, 0.0000, -0.0000, 0.0325,-0.0000, -0.0000, -1.0000, -0.1153,-0.0000, 1.0000, -0.0000, 1.8679,0.0000, 0.0000, 0.0000, 1.0000///HEAD
R_Eye_Joint///1.0000, 0.0000, -0.0000, -0.0325,-0.0000, 0.0000, -1.0000, -0.1153,-0.0000, 1.0000, 0.0000, 1.8679,0.0000, 0.0000, 0.0000, 1.0000///HEAD
R_SitaMabuta_Joint///1.0000, 0.0000, -0.0000, -0.0325,-0.0000, 0.0000, -1.0000, -0.1153,-0.0000, 1.0000, 0.0000, 1.8676,0.0000, 0.0000, 0.0000, 1.0000///HEAD
R_LowEyelid1///1.0000, 0.0000, -0.0000, -0.0296,-0.0000, 0.0000, -1.0000, -0.1343,-0.0000, 1.0000, 0.0000, 1.8600,0.0000, 0.0000, 0.0000, 1.0000///R_SitaMabuta_Joint
R_LowEyelid2///1.0000, 0.0000, -0.0000, -0.0464,-0.0000, 0.0000, -1.0000, -0.1298,-0.0000, 1.0000, 0.0000, 1.8629,0.0000, 0.0000, 0.0000, 1.0000///R_SitaMabuta_Joint
L_SitaMabuta_Joint///1.0000, 0.0000, -0.0000, 0.0325,-0.0000, 0.0000, -1.0000, -0.1153,-0.0000, 1.0000, 0.0000, 1.8676,0.0000, 0.0000, 0.0000, 1.0000///HEAD
L_LowEyelid2///1.0000, 0.0000, -0.0000, 0.0464,-0.0000, 0.0000, -1.0000, -0.1298,-0.0000, 1.0000, 0.0000, 1.8629,0.0000, 0.0000, 0.0000, 1.0000///L_SitaMabuta_Joint
L_LowEyelid1///1.0000, 0.0000, -0.0000, 0.0296,-0.0000, 0.0000, -1.0000, -0.1343,-0.0000, 1.0000, 0.0000, 1.8600,0.0000, 0.0000, 0.0000, 1.0000///L_SitaMabuta_Joint
L_Hoho_Joint///1.0000, 0.0000, -0.0000, 0.0597,-0.0000, 0.0000, -1.0000, -0.1250,-0.0000, 1.0000, 0.0000, 1.8468,0.0000, 0.0000, 0.0000, 1.0000///HEAD
L_Hana_Joint///1.0000, 0.0000, -0.0000, 0.0176,-0.0000, 0.0000, -1.0000, -0.1451,-0.0000, 1.0000, 0.0000, 1.8459,0.0000, 0.0000, 0.0000, 1.0000///HEAD
R_Hana_Joint///1.0000, 0.0000, -0.0000, -0.0176,-0.0000, 0.0000, -1.0000, -0.1451,-0.0000, 1.0000, 0.0000, 1.8459,0.0000, 0.0000, 0.0000, 1.0000///HEAD
R_Hoho_Joint///1.0000, 0.0000, -0.0000, -0.0597,-0.0000, 0.0000, -1.0000, -0.1250,-0.0000, 1.0000, 0.0000, 1.8468,0.0000, 0.0000, 0.0000, 1.0000///HEAD
L_Kobana_Joint///1.0000, 0.0000, -0.0000, 0.0152,-0.0000, 0.0000, -1.0000, -0.1477,-0.0000, 1.0000, 0.0000, 1.8277,0.0000, 0.0000, 0.0000, 1.0000///HEAD
R_Kobana_Joint///1.0000, 0.0000, -0.0000, -0.0152,-0.0000, 0.0000, -1.0000, -0.1477,-0.0000, 1.0000, 0.0000, 1.8277,0.0000, 0.0000, 0.0000, 1.0000///HEAD
L_Chobo_Joint///1.0000, 0.0000, -0.0000, 0.0813,-0.0000, 0.0000, -1.0000, -0.0997,-0.0000, 1.0000, 0.0000, 1.8090,0.0000, 0.0000, 0.0000, 1.0000///HEAD
R_Chobo_Joint///1.0000, 0.0000, -0.0000, -0.0813,-0.0000, 0.0000, -1.0000, -0.0997,-0.0000, 1.0000, 0.0000, 1.8090,0.0000, 0.0000, 0.0000, 1.0000///HEAD
L_LipU_Joint///1.0000, 0.0000, -0.0000, 0.0180,-0.0000, 0.0000, -1.0000, -0.1422,-0.0000, 1.0000, 0.0000, 1.8046,0.0000, 0.0000, 0.0000, 1.0000///HEAD
R_LipU_Joint///1.0000, 0.0000, -0.0000, -0.0181,-0.0000, 0.0000, -1.0000, -0.1422,-0.0000, 1.0000, 0.0000, 1.8046,0.0000, 0.0000, 0.0000, 1.0000///HEAD
M_LipU_Joint///1.0000, 0.0000, -0.0000, -0.0000,-0.0000, 0.0000, -1.0000, -0.1465,-0.0000, 1.0000, 0.0000, 1.8074,0.0000, 0.0000, 0.0000, 1.0000///HEAD
Jaw_Joint///1.0000, 0.0000, -0.0000, -0.0000,-0.0000, 0.0000, -1.0000, -0.0390,-0.0000, 1.0000, 0.0000, 1.8205,0.0000, 0.0000, 0.0000, 1.0000///HEAD
L_LipD_Joint///1.0000, 0.0000, -0.0000, 0.0195,-0.0000, 0.0000, -1.0000, -0.1389,-0.0000, 1.0000, 0.0000, 1.7849,0.0000, 0.0000, 0.0000, 1.0000///Jaw_Joint
R_LipD_Joint///1.0000, 0.0000, -0.0000, -0.0196,-0.0000, 0.0000, -1.0000, -0.1389,-0.0000, 1.0000, 0.0000, 1.7849,0.0000, 0.0000, 0.0000, 1.0000///Jaw_Joint
M_LipD_Joint///1.0000, 0.0000, -0.0000, -0.0000,-0.0000, 0.0000, -1.0000, -0.1456,-0.0000, 1.0000, 0.0000, 1.7831,0.0000, 0.0000, 0.0000, 1.0000///Jaw_Joint
L_LipE_Joint///1.0000, 0.0000, -0.0000, 0.0301,-0.0000, 0.0000, -1.0000, -0.1309,-0.0000, 1.0000, 0.0000, 1.7928,0.0000, 0.0000, 0.0000, 1.0000///Jaw_Joint
R_LipE_Joint///1.0000, -0.0000, -0.0000, -0.0302,-0.0000, 0.0000, -1.0000, -0.1309,0.0000, 1.0000, -0.0000, 1.7928,0.0000, 0.0000, 0.0000, 1.0000///Jaw_Joint
Bero1_Joint///0.0000, -0.0000, -1.0000, -0.0000,-1.0000, -0.0000, -0.0000, -0.0880,-0.0000, 1.0000, -0.0000, 1.7924,0.0000, 0.0000, 0.0000, 1.0000///Jaw_Joint
Bero1_Joint_pos///1.0000, 0.0000, 0.0000, -0.0000,0.0000, 0.0000, -1.0000, -0.1206,-0.0000, 1.0000, -0.0000, 1.7974,0.0000, 0.0000, 0.0000, 1.0000///Bero1_Joint
Bero2_Joint///-0.0000, 0.0001, -1.0000, -0.0000,-0.9158, -0.4016, -0.0000, -0.1206,-0.4016, 0.9158, 0.0001, 1.7974,0.0000, 0.0000, 0.0000, 1.0000///Bero1_Joint_pos
Bero3_Joint///1.0000, 0.0001, 0.0000, -0.0000,0.0000, 0.0000, -1.0000, -0.1396,-0.0001, 1.0000, -0.0000, 1.7917,0.0000, 0.0000, 0.0000, 1.0000///Bero2_Joint
Neck__offset///0.0000, -0.0001, 1.0000, 0.0000,0.0001, -1.0000, -0.0001, 0.0000,1.0000, 0.0001, -0.0000, 1.6756,0.0000, 0.0000, 0.0000, 1.0000///Neck
Neck_back__offset///0.0000, -0.0001, 1.0000, 0.0000,0.0001, -1.0000, -0.0001, 0.0000,1.0000, 0.0001, -0.0000, 1.6759,0.0000, 0.0000, 0.0000, 1.0000///Neck
L_Shoulder///1.0000, -0.0000, -0.0000, 0.1129,-0.0000, 0.0000, -1.0000, 0.0000,0.0000, 1.0000, -0.0000, 1.5968,0.0000, 0.0000, 0.0000, 1.0000///Spine2
L_Arm///1.0000, -0.0000, -0.0000, 0.2867,0.0000, 1.0000, 0.0000, 0.0000,0.0000, -0.0000, 1.0000, 1.5968,0.0000, 0.0000, 0.0000, 1.0000///L_Shoulder
L_ForeArm///1.0000, 0.0000, -0.0000, 0.6219,-0.0000, 1.0000, 0.0000, 0.0000,0.0000, -0.0000, 1.0000, 1.5968,0.0000, 0.0000, 0.0000, 1.0000///L_Arm
L_Hand///1.0000, -0.0000, -0.0000, 0.8788,-0.0000, 0.0000, -1.0000, 0.0000,0.0000, 1.0000, 0.0000, 1.5968,0.0000, 0.0000, 0.0000, 1.0000///L_ForeArm
L_FingerBase///1.0000, -0.0000, -0.0000, 0.8841,-0.0000, 0.0000, -1.0000, -0.0210,0.0000, 1.0000, 0.0000, 1.5968,0.0000, 0.0000, 0.0000, 1.0000///L_Hand
L_Middle///1.0000, -0.0000, -0.0000, 0.8841,-0.0000, 0.0000, -1.0000, -0.0105,0.0000, 1.0000, 0.0000, 1.5968,0.0000, 0.0000, 0.0000, 1.0000///L_FingerBase
L_Ring///1.0000, -0.0000, -0.0000, 0.8841,-0.0000, 0.0000, -1.0000, 0.0000,0.0000, 1.0000, 0.0000, 1.5968,0.0000, 0.0000, 0.0000, 1.0000///L_Middle
L_Pinky///1.0000, -0.0000, -0.0000, 0.8841,-0.0000, 0.0000, -1.0000, 0.0105,0.0000, 1.0000, 0.0000, 1.5968,0.0000, 0.0000, 0.0000, 1.0000///L_Ring
L_Pinky1///1.0000, -0.0000, -0.0000, 0.9921,-0.0000, 0.0000, -1.0000, 0.0404,0.0000, 1.0000, 0.0000, 1.5984,0.0000, 0.0000, 0.0000, 1.0000///L_Pinky
L_Pinky2///1.0000, 0.0000, -0.0000, 1.0425,-0.0000, 0.0000, -1.0000, 0.0404,0.0000, 1.0000, 0.0000, 1.5984,0.0000, 0.0000, 0.0000, 1.0000///L_Pinky1
L_Pinky3///1.0000, 0.0000, -0.0000, 1.0653,-0.0000, 0.0000, -1.0000, 0.0404,0.0000, 1.0000, 0.0000, 1.5984,0.0000, 0.0000, 0.0000, 1.0000///L_Pinky2
L_Pinky4__null///1.0000, 0.0000, -0.0000, 1.0968,-0.0000, 0.0000, -1.0000, 0.0404,0.0000, 1.0000, 0.0000, 1.5984,0.0000, 0.0000, 0.0000, 1.0000///L_Pinky3
L_Ring1///1.0000, 0.0000, -0.0000, 1.0061,-0.0000, 0.0000, -1.0000, 0.0151,0.0000, 1.0000, 0.0000, 1.6004,0.0000, 0.0000, 0.0000, 1.0000///L_Ring
L_Ring2///1.0000, 0.0000, -0.0000, 1.0619,-0.0000, 0.0000, -1.0000, 0.0151,0.0000, 1.0000, 0.0000, 1.6004,0.0000, 0.0000, 0.0000, 1.0000///L_Ring1
L_Ring3///1.0000, 0.0000, -0.0000, 1.0947,-0.0000, 0.0000, -1.0000, 0.0151,0.0000, 1.0000, 0.0000, 1.6004,0.0000, 0.0000, 0.0000, 1.0000///L_Ring2
L_Ring4__null///1.0000, 0.0000, -0.0000, 1.1262,-0.0000, 0.0000, -1.0000, 0.0151,0.0000, 1.0000, 0.0000, 1.6004,0.0000, 0.0000, 0.0000, 1.0000///L_Ring3
L_Middle1///1.0000, 0.0000, -0.0000, 1.0098,-0.0000, 0.0000, -1.0000, -0.0134,0.0000, 1.0000, 0.0000, 1.6024,0.0000, 0.0000, 0.0000, 1.0000///L_Middle
L_Middle2///1.0000, 0.0000, -0.0000, 1.0711,-0.0000, 0.0000, -1.0000, -0.0134,0.0000, 1.0000, 0.0000, 1.6024,0.0000, 0.0000, 0.0000, 1.0000///L_Middle1
L_Middle3///1.0000, 0.0000, -0.0000, 1.1069,-0.0000, 0.0000, -1.0000, -0.0134,0.0000, 1.0000, 0.0000, 1.6024,0.0000, 0.0000, 0.0000, 1.0000///L_Middle2
L_Middle4__null///1.0000, 0.0000, -0.0000, 1.1384,-0.0000, 0.0000, -1.0000, -0.0134,0.0000, 1.0000, 0.0000, 1.6024,0.0000, 0.0000, 0.0000, 1.0000///L_Middle3
L_Index1///1.0000, 0.0000, -0.0000, 1.0098,-0.0000, 0.0000, -1.0000, -0.0432,0.0000, 1.0000, 0.0000, 1.6024,0.0000, 0.0000, 0.0000, 1.0000///L_FingerBase
L_Index2///1.0000, 0.0000, -0.0000, 1.0679,-0.0000, 0.0000, -1.0000, -0.0432,0.0000, 1.0000, 0.0000, 1.6024,0.0000, 0.0000, 0.0000, 1.0000///L_Index1
L_Index3///1.0000, 0.0000, -0.0000, 1.1015,-0.0000, 0.0000, -1.0000, -0.0432,0.0000, 1.0000, 0.0000, 1.6024,0.0000, 0.0000, 0.0000, 1.0000///L_Index2
L_Index4__null///1.0000, 0.0000, -0.0000, 1.1330,-0.0000, 0.0000, -1.0000, -0.0432,0.0000, 1.0000, 0.0000, 1.6024,0.0000, 0.0000, 0.0000, 1.0000///L_Index3
L_Thumb1///0.8053, -0.2750, -0.5252, 0.9044,-0.5122, -0.7689, -0.3827, -0.0469,-0.2986, 0.5772, -0.7601, 1.5814,0.0000, 0.0000, 0.0000, 1.0000///L_FingerBase
L_Thumb2///0.8053, -0.2750, -0.5252, 0.9592,-0.5122, -0.7689, -0.3827, -0.0817,-0.2986, 0.5772, -0.7601, 1.5611,0.0000, 0.0000, 0.0000, 1.0000///L_Thumb1
L_Thumb3///0.8053, -0.2750, -0.5252, 0.9923,-0.5122, -0.7689, -0.3827, -0.1028,-0.2986, 0.5772, -0.7601, 1.5488,0.0000, 0.0000, 0.0000, 1.0000///L_Thumb2
L_Thumb4__null///0.8053, -0.2750, -0.5252, 1.0176,-0.5122, -0.7689, -0.3827, -0.1189,-0.2986, 0.5772, -0.7600, 1.5394,0.0000, 0.0000, 0.0000, 1.0000///L_Thumb3
HLP_L_ForeArm_Mid__offset///1.0000, -0.0000, -0.0000, 0.7671,-0.0000, 0.0000, -1.0000, 0.0000,0.0000, 1.0000, 0.0000, 1.5968,0.0000, 0.0000, 0.0000, 1.0000///L_ForeArm
HLP_L_ForeArm_Btm__offset///1.0000, -0.0000, -0.0000, 0.8565,-0.0000, 0.0000, -1.0000, 0.0000,0.0000, 1.0000, 0.0000, 1.5968,0.0000, 0.0000, 0.0000, 1.0000///L_ForeArm
HLP_L_Elbow__offset///1.0000, 0.0000, -0.0000, 0.6219,-0.0000, 1.0000, 0.0000, 0.0318,0.0000, -0.0000, 1.0000, 1.5968,0.0000, 0.0000, 0.0000, 1.0000///L_ForeArm
L_ForeArm_Slide__offset///1.0000, -0.0000, -0.0000, 0.7422,0.0000, 1.0000, 0.0000, 0.0000,0.0000, -0.0000, 1.0000, 1.5968,0.0000, 0.0000, 0.0000, 1.0000///L_ForeArm
L_ForeArm__offset///1.0000, 0.0000, -0.0000, 0.6220,-0.0000, 1.0000, 0.0000, 0.0000,0.0000, -0.0000, 1.0000, 1.5968,0.0000, 0.0000, 0.0000, 1.0000///L_ForeArm
HLP_L_Arm_Top__offset///1.0000, 0.0000, -0.0000, 0.2868,0.0000, 1.0000, 0.0000, 0.0000,0.0000, 0.0000, 1.0000, 1.5968,0.0000, 0.0000, 0.0000, 1.0000///L_Arm
HLP_L_Arm_Mid__offset///1.0000, -0.0000, -0.0000, 0.4430,0.0000, 1.0000, 0.0000, 0.0000,0.0000, -0.0000, 1.0000, 1.5968,0.0000, 0.0000, 0.0000, 1.0000///L_Arm
L_Bicep_Slide__offset///1.0000, -0.0000, -0.0000, 0.4649,0.0000, 1.0000, 0.0000, -0.0016,0.0000, -0.0000, 1.0000, 1.5968,0.0000, 0.0000, 0.0000, 1.0000///L_Arm
L_Tricep_Slide__offset///1.0000, -0.0000, -0.0000, 0.4649,0.0000, 1.0000, 0.0000, 0.0005,0.0000, -0.0000, 1.0000, 1.5968,0.0000, 0.0000, 0.0000, 1.0000///L_Arm
L_Arm_Btm__offset///1.0000, -0.0000, -0.0000, 0.6217,0.0000, 1.0000, 0.0000, 0.0000,0.0000, -0.0000, 1.0000, 1.5968,0.0000, 0.0000, 0.0000, 1.0000///L_Arm
HLP_L_ShldrBlade__offset///1.0000, -0.0000, -0.0000, 0.1666,0.0000, 1.0000, 0.0000, -0.0010,0.0000, -0.0000, 1.0000, 1.5753,0.0000, 0.0000, 0.0000, 1.0000///L_Shoulder
HLP_L_Shldr_B__offset///1.0000, -0.0000, -0.0000, 0.2865,0.0000, 1.0000, 0.0000, 0.0000,0.0000, -0.0000, 1.0000, 1.5968,0.0000, 0.0000, 0.0000, 1.0000///L_Shoulder
R_Shoulder///-1.0000, -0.0000, -0.0000, -0.1129,0.0000, 0.0000, -1.0000, 0.0000,0.0000, -1.0000, -0.0000, 1.5968,0.0000, 0.0000, 0.0000, 1.0000///Spine2
R_Arm///-1.0000, 0.0000, 0.0000, -0.2867,0.0000, 1.0000, -0.0000, 0.0000,-0.0000, -0.0000, -1.0000, 1.5968,0.0000, 0.0000, 0.0000, 1.0000///R_Shoulder
R_ForeArm///-1.0000, -0.0000, 0.0000, -0.6219,-0.0000, 1.0000, -0.0000, 0.0000,-0.0000, -0.0000, -1.0000, 1.5968,0.0000, 0.0000, 0.0000, 1.0000///R_Arm
R_Hand///-1.0000, 0.0000, 0.0000, -0.8788,-0.0000, -0.0000, -1.0000, 0.0000,0.0000, -1.0000, 0.0000, 1.5968,0.0000, 0.0000, 0.0000, 1.0000///R_ForeArm
R_FingerBase///-1.0000, -0.0000, 0.0000, -0.8841,-0.0000, -0.0000, -1.0000, -0.0210,0.0000, -1.0000, 0.0000, 1.5968,0.0000, 0.0000, 0.0000, 1.0000///R_Hand
R_Middle///-1.0000, -0.0000, 0.0000, -0.8841,-0.0000, -0.0000, -1.0000, -0.0105,0.0000, -1.0000, 0.0000, 1.5968,0.0000, 0.0000, 0.0000, 1.0000///R_FingerBase
R_Ring///-1.0000, -0.0000, 0.0000, -0.8841,-0.0000, -0.0000, -1.0000, 0.0000,0.0000, -1.0000, 0.0000, 1.5968,0.0000, 0.0000, 0.0000, 1.0000///R_Middle
R_Pinky///-1.0000, -0.0000, 0.0000, -0.8841,-0.0000, -0.0000, -1.0000, 0.0105,0.0000, -1.0000, 0.0000, 1.5968,0.0000, 0.0000, 0.0000, 1.0000///R_Ring
R_Pinky1///-1.0000, 0.0000, 0.0000, -0.9921,-0.0000, -0.0000, -1.0000, 0.0404,0.0000, -1.0000, 0.0000, 1.5984,0.0000, 0.0000, 0.0000, 1.0000///R_Pinky
R_Pinky2///-1.0000, 0.0000, 0.0000, -1.0425,-0.0000, -0.0000, -1.0000, 0.0404,0.0000, -1.0000, 0.0000, 1.5984,0.0000, 0.0000, 0.0000, 1.0000///R_Pinky1
R_Pinky3///-1.0000, 0.0000, 0.0000, -1.0653,-0.0000, -0.0000, -1.0000, 0.0404,0.0000, -1.0000, 0.0000, 1.5984,0.0000, 0.0000, 0.0000, 1.0000///R_Pinky2
R_Pinky4__null///-1.0000, 0.0000, 0.0000, -1.0968,-0.0000, -0.0000, -1.0000, 0.0404,0.0000, -1.0000, 0.0000, 1.5984,0.0000, 0.0000, 0.0000, 1.0000///R_Pinky3
R_Ring1///-1.0000, 0.0000, 0.0000, -1.0061,-0.0000, -0.0000, -1.0000, 0.0151,0.0000, -1.0000, 0.0000, 1.6004,0.0000, 0.0000, 0.0000, 1.0000///R_Ring
R_Ring2///-1.0000, 0.0000, 0.0000, -1.0619,-0.0000, -0.0000, -1.0000, 0.0151,0.0000, -1.0000, 0.0000, 1.6004,0.0000, 0.0000, 0.0000, 1.0000///R_Ring1
R_Ring3///-1.0000, 0.0000, 0.0000, -1.0947,-0.0000, -0.0000, -1.0000, 0.0151,0.0000, -1.0000, 0.0000, 1.6004,0.0000, 0.0000, 0.0000, 1.0000///R_Ring2
R_Ring4__null///-1.0000, 0.0000, 0.0000, -1.1262,-0.0000, -0.0000, -1.0000, 0.0151,0.0000, -1.0000, 0.0000, 1.6004,0.0000, 0.0000, 0.0000, 1.0000///R_Ring3
R_Middle1///-1.0000, 0.0000, 0.0000, -1.0098,-0.0000, -0.0000, -1.0000, -0.0134,0.0000, -1.0000, 0.0000, 1.6023,0.0000, 0.0000, 0.0000, 1.0000///R_Middle
R_Middle2///-1.0000, 0.0000, 0.0000, -1.0711,-0.0000, -0.0000, -1.0000, -0.0134,0.0000, -1.0000, 0.0000, 1.6023,0.0000, 0.0000, 0.0000, 1.0000///R_Middle1
R_Middle3///-1.0000, 0.0000, 0.0000, -1.1069,-0.0000, -0.0000, -1.0000, -0.0134,0.0000, -1.0000, 0.0000, 1.6023,0.0000, 0.0000, 0.0000, 1.0000///R_Middle2
R_Middle4__null///-1.0000, 0.0000, 0.0000, -1.1384,-0.0000, -0.0000, -1.0000, -0.0134,0.0000, -1.0000, 0.0000, 1.6023,0.0000, 0.0000, 0.0000, 1.0000///R_Middle3
R_Index1///-1.0000, 0.0000, 0.0000, -1.0098,-0.0000, -0.0000, -1.0000, -0.0432,0.0000, -1.0000, 0.0000, 1.6023,0.0000, 0.0000, 0.0000, 1.0000///R_FingerBase
R_Index2///-1.0000, 0.0000, 0.0000, -1.0679,-0.0000, -0.0000, -1.0000, -0.0432,0.0000, -1.0000, 0.0000, 1.6023,0.0000, 0.0000, 0.0000, 1.0000///R_Index1
R_Index3///-1.0000, 0.0000, 0.0000, -1.1015,-0.0000, -0.0000, -1.0000, -0.0432,0.0000, -1.0000, 0.0000, 1.6023,0.0000, 0.0000, 0.0000, 1.0000///R_Index2
R_Index4__null///-1.0000, 0.0000, 0.0000, -1.1330,-0.0000, -0.0000, -1.0000, -0.0432,0.0000, -1.0000, 0.0000, 1.6023,0.0000, 0.0000, 0.0000, 1.0000///R_Index3
R_Thumb1///-0.8053, -0.2750, 0.5252, -0.9044,-0.5122, 0.7689, -0.3827, -0.0469,-0.2986, -0.5772, -0.7601, 1.5814,0.0000, 0.0000, 0.0000, 1.0000///R_FingerBase
R_Thumb2///-0.8053, -0.2750, 0.5252, -0.9592,-0.5122, 0.7689, -0.3827, -0.0817,-0.2986, -0.5772, -0.7600, 1.5611,0.0000, 0.0000, 0.0000, 1.0000///R_Thumb1
R_Thumb3///-0.8053, -0.2750, 0.5252, -0.9923,-0.5122, 0.7689, -0.3827, -0.1028,-0.2986, -0.5772, -0.7600, 1.5488,0.0000, 0.0000, 0.0000, 1.0000///R_Thumb2
R_Thumb4__null///-0.8053, -0.2750, 0.5252, -1.0176,-0.5122, 0.7689, -0.3827, -0.1189,-0.2986, -0.5772, -0.7600, 1.5394,0.0000, 0.0000, 0.0000, 1.0000///R_Thumb3
HLP_R_ForeArm_Mid__offset///-1.0000, 0.0000, 0.0000, -0.7671,-0.0000, -0.0000, -1.0000, 0.0000,-0.0000, -1.0000, 0.0000, 1.5968,0.0000, 0.0000, 0.0000, 1.0000///R_ForeArm
HLP_R_ForeArm_Btm__offset///-1.0000, 0.0000, 0.0000, -0.8565,-0.0000, -0.0000, -1.0000, 0.0000,0.0000, -1.0000, 0.0000, 1.5968,0.0000, 0.0000, 0.0000, 1.0000///R_ForeArm
HLP_R_Elbow__offset///-1.0000, -0.0000, 0.0000, -0.6219,-0.0000, 1.0000, -0.0000, 0.0318,-0.0000, -0.0000, -1.0000, 1.5968,0.0000, 0.0000, 0.0000, 1.0000///R_ForeArm
R_ForeArm_Slide__offset///-1.0000, 0.0000, 0.0000, -0.7422,-0.0000, -0.0000, -1.0000, 0.0000,-0.0000, -1.0000, 0.0000, 1.5968,0.0000, 0.0000, 0.0000, 1.0000///R_ForeArm
R_ForeArm__offset///-1.0000, -0.0000, 0.0000, -0.6220,-0.0000, 1.0000, -0.0000, 0.0000,-0.0000, -0.0000, -1.0000, 1.5968,0.0000, 0.0000, 0.0000, 1.0000///R_ForeArm
HLP_R_Arm_Top__offset///-1.0000, 0.0000, -0.0000, -0.2868,0.0000, 1.0000, 0.0000, 0.0000,0.0000, 0.0000, -1.0000, 1.5968,0.0000, 0.0000, 0.0000, 1.0000///R_Arm
HLP_R_Arm_Mid__offset///-1.0000, 0.0000, 0.0000, -0.4430,0.0000, 1.0000, -0.0000, 0.0000,-0.0000, -0.0000, -1.0000, 1.5968,0.0000, 0.0000, 0.0000, 1.0000///R_Arm
R_Bicep_Slide__offset///-1.0000, 0.0000, 0.0000, -0.4649,0.0000, 1.0000, -0.0000, -0.0016,-0.0000, -0.0000, -1.0000, 1.5968,0.0000, 0.0000, 0.0000, 1.0000///R_Arm
R_Tricep_Slide__offset///-1.0000, 0.0000, 0.0000, -0.4649,0.0000, 1.0000, -0.0000, 0.0005,-0.0000, -0.0000, -1.0000, 1.5968,0.0000, 0.0000, 0.0000, 1.0000///R_Arm
R_Arm_Btm__offset///-1.0000, 0.0000, 0.0000, -0.6217,0.0000, 1.0000, -0.0000, 0.0000,-0.0000, -0.0000, -1.0000, 1.5968,0.0000, 0.0000, 0.0000, 1.0000///R_Arm
HLP_R_ShldrBlade__offset///-1.0000, 0.0000, 0.0000, -0.1666,0.0000, 1.0000, -0.0000, -0.0010,-0.0000, -0.0000, -1.0000, 1.5753,0.0000, 0.0000, 0.0000, 1.0000///R_Shoulder
HLP_R_Shldr_B__offset///-1.0000, 0.0000, 0.0000, -0.2865,0.0000, 1.0000, -0.0000, 0.0000,-0.0000, -0.0000, -1.0000, 1.5968,0.0000, 0.0000, 0.0000, 1.0000///R_Shoulder
HLP_L_CollarBone__offset///0.9797, -0.0001, 0.2007, 0.0113,0.2007, -0.0000, -0.9797, -0.0564,0.0001, 1.0000, -0.0000, 1.5967,0.0000, 0.0000, 0.0000, 1.0000///Spine2
HLP_L_Shldr_F__offset///0.9839, 0.1337, 0.1188, 0.1506,0.1178, 0.0160, -0.9929, -0.0564,-0.1346, 0.9909, -0.0000, 1.6613,0.0000, 0.0000, 0.0000, 1.0000///HLP_L_CollarBone__offset
L_Shldr_F1__null///0.9839, 0.1337, 0.1188, 0.2616,0.1178, 0.0160, -0.9929, -0.0431,-0.1346, 0.9909, 0.0000, 1.6461,0.0000, 0.0000, 0.0000, 1.0000///HLP_L_Shldr_F__offset
HLP_L_CollarBone_up__offset///0.9797, -0.0001, 0.2007, 0.0113,0.2007, -0.0000, -0.9797, -0.0563,0.0001, 1.0000, -0.0000, 1.5967,0.0000, 0.0000, 0.0000, 1.0000///HLP_L_CollarBone__offset
L_CollarBone1__null///0.9797, -0.0001, 0.2007, 0.2214,0.2007, -0.0000, -0.9797, -0.0134,0.0001, 1.0000, -0.0000, 1.5968,0.0000, 0.0000, 0.0000, 1.0000///HLP_L_CollarBone__offset
HLP_R_CollarBone__offset///-0.9797, -0.0001, -0.2007, -0.0113,0.2007, 0.0000, -0.9797, -0.0564,0.0001, -1.0000, 0.0000, 1.5967,0.0000, 0.0000, 0.0000, 1.0000///Spine2
HLP_R_Shldr_F__offset///-0.9839, -0.1337, 0.1189, -0.1506,0.1178, 0.0160, 0.9929, -0.0564,-0.1346, 0.9909, -0.0000, 1.6612,0.0000, 0.0000, 0.0000, 1.0000///HLP_R_CollarBone__offset
R_Shldr_F1__null///-0.9839, -0.1337, 0.1189, -0.2616,0.1178, 0.0160, 0.9929, -0.0431,-0.1346, 0.9909, -0.0000, 1.6461,0.0000, 0.0000, 0.0000, 1.0000///HLP_R_Shldr_F__offset
HLP_R_CollarBone_up__offset///-0.9797, -0.0001, -0.2007, -0.0113,0.2007, 0.0000, -0.9797, -0.0563,0.0001, -1.0000, 0.0000, 1.5967,0.0000, 0.0000, 0.0000, 1.0000///HLP_R_CollarBone__offset
R_CollarBone1__null///-0.9797, -0.0001, -0.2007, -0.2214,0.2007, 0.0000, -0.9797, -0.0134,0.0001, -1.0000, 0.0000, 1.5968,0.0000, 0.0000, 0.0000, 1.0000///HLP_R_CollarBone__offset
HLP_L_Pectoral__offset///0.9791, -0.1976, 0.0484, 0.0001,0.0474, -0.0096, -0.9988, -0.0214,0.1979, 0.9802, 0.0000, 1.5073,0.0000, 0.0000, 0.0000, 1.0000///Spine2
L_Pectoral__null///0.9791, -0.1976, 0.0484, 0.2211,0.0474, -0.0096, -0.9988, -0.0107,0.1979, 0.9802, 0.0000, 1.5519,0.0000, 0.0000, 0.0000, 1.0000///HLP_L_Pectoral__offset
HLP_L_Pectoral_side__offset///0.9791, -0.1976, 0.0484, 0.0001,0.0474, -0.0096, -0.9988, -0.0214,0.1979, 0.9802, 0.0000, 1.5074,0.0000, 0.0000, 0.0000, 1.0000///HLP_L_Pectoral__offset
HLP_R_Pectoral__offset///-0.9791, 0.1976, 0.0484, -0.0001,0.0474, -0.0096, 0.9988, -0.0214,0.1979, 0.9802, -0.0000, 1.5073,0.0000, 0.0000, 0.0000, 1.0000///Spine2
R_Pectoral__null///-0.9791, 0.1976, 0.0484, -0.2211,0.0474, -0.0096, 0.9988, -0.0107,0.1979, 0.9802, -0.0000, 1.5519,0.0000, 0.0000, 0.0000, 1.0000///HLP_R_Pectoral__offset
HLP_R_Pectoral_side__offset///-0.9791, 0.1976, 0.0484, -0.0001,0.0474, -0.0096, 0.9988, -0.0214,0.1979, 0.9802, -0.0000, 1.5074,0.0000, 0.0000, 0.0000, 1.0000///HLP_R_Pectoral__offset
Spine2__offset///0.0000, -0.0000, 1.0000, 0.0000,-0.0000, -1.0000, -0.0000, 0.0000,1.0000, -0.0000, -0.0000, 1.3484,0.0000, 0.0000, 0.0000, 1.0000///Spine2
Spine2_breast__offset///0.0000, -0.0000, 1.0000, 0.0000,-0.0000, -1.0000, -0.0000, 0.0001,1.0000, -0.0000, -0.0000, 1.3385,0.0000, 0.0000, 0.0000, 1.0000///Spine2__offset
Spine2up__offset///0.0000, -0.0000, 1.0000, 0.0000,-0.0000, -1.0000, -0.0000, 0.0000,1.0000, -0.0000, -0.0000, 1.3485,0.0000, 0.0000, 0.0000, 1.0000///Spine2__offset
Spine2side__offset///0.0000, -0.0000, 1.0000, 0.0000,-0.0000, -1.0000, -0.0000, 0.0000,1.0000, -0.0000, -0.0000, 1.3482,0.0000, 0.0000, 0.0000, 1.0000///Spine2
OPT0_bustL///0.3127, -0.0846, -0.9461, 0.0248,-0.9461, 0.0601, -0.3181, 0.0881,0.0838, 0.9946, -0.0612, 1.4251,0.0000, 0.0000, 0.0000, 1.0000///Spine2
OPT1_bustL///-0.3127, -0.0846, 0.9461, 0.1180,0.9461, 0.0601, 0.3181, -0.1937,-0.0838, 0.9946, 0.0612, 1.4501,0.0000, 0.0000, 0.0000, 1.0000///OPT0_bustL
OPT1_bustL_end///0.9983, -0.0464, 0.0341, 0.0914,0.0316, -0.0539, -0.9980, -0.1132,0.0482, 0.9975, -0.0523, 1.4430,0.0000, 0.0000, 0.0000, 1.0000///OPT1_bustL
OPT2_bustR///0.3127, -0.0845, -0.9461, -0.0246,0.9461, -0.0601, 0.3181, 0.0881,-0.0838, -0.9946, 0.0612, 1.4252,0.0000, 0.0000, 0.0000, 1.0000///Spine2
OPT3_bustR///-0.3127, -0.0845, 0.9461, -0.1178,-0.9461, -0.0601, -0.3181, -0.1937,0.0838, -0.9946, -0.0612, 1.4501,0.0000, 0.0000, 0.0000, 1.0000///OPT2_bustR
OPT1_bustR_end///0.9983, -0.0464, 0.0341, -0.0912,-0.0316, 0.0539, 0.9980, -0.1132,-0.0481, -0.9975, 0.0523, 1.4430,0.0000, 0.0000, 0.0000, 1.0000///OPT3_bustR
SWG_OPT0_bustL__swing///0.3127, -0.9139, 0.2588, 0.0248,-0.9461, -0.3238, 0.0000, 0.0881,0.0838, -0.2448, -0.9659, 1.4251,0.0000, 0.0000, 0.0000, 1.0000///Spine2
SWG_OPT1_bustL__swing///-0.3127, 0.2406, 0.9189, 0.1180,0.9461, 0.1642, 0.2790, -0.1937,-0.0838, 0.9566, -0.2790, 1.4501,0.0000, 0.0000, 0.0000, 1.0000///SWG_OPT0_bustL__swing
SWG_OPT_bustL__null///0.3127, -0.2406, 0.9189, 0.0914,-0.9461, -0.1642, 0.2790, -0.1132,0.0838, -0.9566, -0.2790, 1.4430,0.0000, 0.0000, 0.0000, 1.0000///SWG_OPT1_bustL__swing
SWG_OPT2_bustR__swing///-0.3127, -0.9139, -0.2588, -0.0246,-0.9461, 0.3238, 0.0000, 0.0881,0.0838, 0.2448, -0.9659, 1.4252,0.0000, 0.0000, 0.0000, 1.0000///Spine2
SWG_OPT3_bustR__swing///0.3127, -0.2406, 0.9189, -0.1178,0.9461, 0.1642, -0.2790, -0.1937,-0.0838, 0.9566, 0.2790, 1.4501,0.0000, 0.0000, 0.0000, 1.0000///SWG_OPT2_bustR__swing
SWG_OPT_bustR__null///-0.3127, 0.2406, 0.9189, -0.0912,-0.9461, -0.1642, -0.2790, -0.1132,0.0838, -0.9566, 0.2790, 1.4430,0.0000, 0.0000, 0.0000, 1.0000///SWG_OPT3_bustR__swing
Spine1__offset///0.0000, -0.0000, 1.0000, 0.0000,-0.0000, -1.0000, -0.0000, 0.0000,1.0000, -0.0000, -0.0000, 1.2016,0.0000, 0.0000, 0.0000, 1.0000///Spine1
Spine1_front__offset///0.0000, -0.0000, 1.0000, 0.0000,-0.0000, -1.0000, -0.0000, 0.0000,1.0000, -0.0000, -0.0000, 1.2019,0.0000, 0.0000, 0.0000, 1.0000///Spine1
Hip///-0.0000, -0.0000, 1.0000, 0.0000,-0.0000, 1.0000, 0.0000, 0.0000,-1.0000, 0.0000, -0.0000, 1.2017,0.0000, 0.0000, 0.0000, 1.0000///Base
L_UpLeg///0.0000, 0.0000, 1.0000, 0.1045,-0.0001, 1.0000, -0.0000, -0.0000,-1.0000, -0.0001, 0.0000, 1.0345,0.0000, 0.0000, 0.0000, 1.0000///Hip
L_Leg///0.0000, 0.0000, 1.0000, 0.1045,0.0001, 1.0000, -0.0000, -0.0000,-1.0000, 0.0001, 0.0000, 0.5747,0.0000, 0.0000, 0.0000, 1.0000///L_UpLeg
L_Foot///0.0000, 0.0000, 1.0000, 0.1045,0.0000, 1.0000, -0.0000, -0.0000,-1.0000, 0.0000, 0.0000, 0.1358,0.0000, 0.0000, 0.0000, 1.0000///L_Leg
L_Toe///-0.0000, 0.0000, 1.0000, 0.1045,-1.0000, 0.0000, -0.0000, -0.1599,-0.0000, -1.0000, 0.0000, 0.0316,0.0000, 0.0000, 0.0000, 1.0000///L_Foot
L_Toe1__null///-0.0000, 0.0000, 1.0000, 0.1045,-1.0000, 0.0000, -0.0000, -0.2958,-0.0000, -1.0000, 0.0000, 0.0316,0.0000, 0.0000, 0.0000, 1.0000///L_Toe
L_Toe__offset///-0.0000, 0.0000, 1.0000, 0.1045,-1.0000, 0.0000, -0.0000, -0.1600,-0.0000, -1.0000, 0.0000, 0.0316,0.0000, 0.0000, 0.0000, 1.0000///L_Toe
ATH_L_Toe_Btm///1.0000, 0.0000, -0.0000, 0.1045,-0.0000, 1.0000, -0.0000, -0.1672,0.0000, 0.0000, 1.0000, -0.0050,0.0000, 0.0000, 0.0000, 1.0000///L_Toe
L_Foot__offset///0.0000, 0.0000, 1.0000, 0.1045,0.0000, 1.0000, -0.0000, -0.0000,-1.0000, 0.0000, 0.0000, 0.1357,0.0000, 0.0000, 0.0000, 1.0000///L_Foot
L_Ankle__offset///0.0000, 0.0000, 1.0000, 0.1045,0.0000, 1.0000, -0.0000, -0.0000,-1.0000, 0.0000, 0.0000, 0.1360,0.0000, 0.0000, 0.0000, 1.0000///L_Foot
ATH_L_Foot_Btm///1.0000, 0.0000, -0.0000, 0.1045,-0.0000, 1.0000, -0.0000, -0.0000,0.0000, 0.0000, 1.0000, -0.0052,0.0000, 0.0000, 0.0000, 1.0000///L_Foot
L_Calf_Slide__offset///1.0000, -0.0000, -0.0000, 0.1045,-0.0000, -0.0001, -1.0000, -0.0000,0.0000, 1.0000, -0.0001, 0.3553,0.0000, 0.0000, 0.0000, 1.0000///L_Leg
L_Leg__offset///0.0000, 0.0000, 1.0000, 0.1045,0.0001, 1.0000, -0.0000, -0.0000,-1.0000, 0.0001, 0.0000, 0.5746,0.0000, 0.0000, 0.0000, 1.0000///L_Leg
HLP_L_Knee__offset///0.0000, 0.0000, 1.0000, 0.1045,0.0000, 1.0000, -0.0000, -0.0210,-1.0000, 0.0000, 0.0000, 0.5748,0.0000, 0.0000, 0.0000, 1.0000///L_UpLeg
HLP_L_UpLeg_Top__offset///-0.0000, 0.0000, 1.0000, 0.1045,0.0000, 1.0000, 0.0000, -0.0000,-1.0000, 0.0000, -0.0000, 1.0347,0.0000, 0.0000, 0.0000, 1.0000///L_UpLeg
HLP_L_UpLeg_Mid__offset///0.0000, 0.0000, 1.0000, 0.1045,-0.0000, 1.0000, -0.0000, -0.0000,-1.0000, -0.0000, 0.0000, 0.8255,0.0000, 0.0000, 0.0000, 1.0000///L_UpLeg
L_Thigh_Slide__offset///1.0000, -0.0000, -0.0000, 0.1045,-0.0000, 0.0001, -1.0000, -0.0011,0.0000, 1.0000, 0.0001, 0.8047,0.0000, 0.0000, 0.0000, 1.0000///L_UpLeg
L_UpLeg__offset///0.0000, 0.0000, 1.0000, 0.1045,-0.0001, 1.0000, -0.0000, -0.0000,-1.0000, -0.0001, 0.0000, 1.0344,0.0000, 0.0000, 0.0000, 1.0000///L_UpLeg
R_UpLeg///0.0000, 0.0000, 1.0000, -0.1045,-0.0001, 1.0000, -0.0000, -0.0000,-1.0000, -0.0001, 0.0000, 1.0345,0.0000, 0.0000, 0.0000, 1.0000///Hip
R_Leg///0.0000, 0.0000, 1.0000, -0.1045,0.0001, 1.0000, -0.0000, -0.0000,-1.0000, 0.0001, 0.0000, 0.5747,0.0000, 0.0000, 0.0000, 1.0000///R_UpLeg
R_Foot///0.0013, 0.0000, 1.0000, -0.1045,0.0000, 1.0000, -0.0000, -0.0000,-1.0000, 0.0000, 0.0013, 0.1358,0.0000, 0.0000, 0.0000, 1.0000///R_Leg
R_Toe///-0.0000, 0.0013, 1.0000, -0.1044,-1.0000, 0.0000, -0.0000, -0.1599,-0.0000, -1.0000, 0.0013, 0.0316,0.0000, 0.0000, 0.0000, 1.0000///R_Foot
R_Toe1__null///-0.0000, 0.0013, 1.0000, -0.1044,-1.0000, 0.0000, -0.0000, -0.2958,-0.0000, -1.0000, 0.0013, 0.0316,0.0000, 0.0000, 0.0000, 1.0000///R_Toe
R_Toe__offset///0.0000, 0.0013, 1.0000, -0.1044,-1.0000, 0.0000, 0.0000, -0.1600,-0.0000, -1.0000, 0.0013, 0.0316,0.0000, 0.0000, 0.0000, 1.0000///R_Toe
ATH_R_Toe_Btm///1.0000, 0.0000, -0.0000, -0.1043,-0.0000, 1.0000, -0.0000, -0.1672,0.0000, 0.0000, 1.0000, -0.0050,0.0000, 0.0000, 0.0000, 1.0000///R_Toe
R_Foot__offset///0.0013, 0.0000, 1.0000, -0.1045,0.0000, 1.0000, -0.0000, -0.0000,-1.0000, 0.0000, 0.0013, 0.1357,0.0000, 0.0000, 0.0000, 1.0000///R_Foot
R_Ankle__offset///-0.0013, 0.0000, 1.0000, -0.1045,-0.0000, -1.0000, 0.0000, -0.0000,1.0000, -0.0000, 0.0013, 0.1360,0.0000, 0.0000, 0.0000, 1.0000///R_Foot
ATH_R_Foot_Btm///1.0000, 0.0000, -0.0000, -0.1043,-0.0000, 1.0000, -0.0000, -0.0000,0.0000, 0.0000, 1.0000, -0.0052,0.0000, 0.0000, 0.0000, 1.0000///R_Foot
R_Calf_Slide__offset///1.0000, -0.0000, -0.0000, -0.1045,-0.0000, -0.0001, -1.0000, -0.0000,0.0000, 1.0000, -0.0001, 0.3553,0.0000, 0.0000, 0.0000, 1.0000///R_Leg
R_Leg__offset///0.0000, 0.0000, 1.0000, -0.1045,0.0001, 1.0000, -0.0000, -0.0000,-1.0000, 0.0001, 0.0000, 0.5746,0.0000, 0.0000, 0.0000, 1.0000///R_Leg
HLP_R_Knee__offset///0.0000, 0.0000, 1.0000, -0.1045,0.0000, 1.0000, -0.0000, -0.0210,-1.0000, 0.0000, 0.0000, 0.5748,0.0000, 0.0000, 0.0000, 1.0000///R_UpLeg
HLP_R_UpLeg_Top__offset///-0.0000, 0.0000, 1.0000, -0.1045,0.0000, 1.0000, 0.0000, -0.0000,-1.0000, 0.0000, -0.0000, 1.0347,0.0000, 0.0000, 0.0000, 1.0000///R_UpLeg
HLP_R_UpLeg_Mid__offset///0.0000, 0.0000, 1.0000, -0.1045,-0.0000, 1.0000, -0.0000, -0.0000,-1.0000, -0.0000, 0.0000, 0.8255,0.0000, 0.0000, 0.0000, 1.0000///R_UpLeg
R_Thigh_Slide__offset///1.0000, -0.0000, -0.0000, -0.1045,-0.0000, 0.0001, -1.0000, -0.0011,0.0000, 1.0000, 0.0001, 0.8047,0.0000, 0.0000, 0.0000, 1.0000///R_UpLeg
R_UpLeg__offset///0.0000, 0.0000, 1.0000, -0.1045,-0.0001, 1.0000, -0.0000, -0.0000,-1.0000, -0.0001, 0.0000, 1.0344,0.0000, 0.0000, 0.0000, 1.0000///R_UpLeg
HLP_L_Butt__offset///-0.0000, 0.0000, 1.0000, 0.1046,0.0000, 1.0000, 0.0000, 0.0001,-1.0000, 0.0000, -0.0000, 1.0344,0.0000, 0.0000, 0.0000, 1.0000///Hip
HLP_R_Butt__offset///-0.0000, 0.0000, 1.0000, -0.1046,0.0000, 1.0000, 0.0000, 0.0001,-1.0000, 0.0000, -0.0000, 1.0344,0.0000, 0.0000, 0.0000, 1.0000///Hip
HLP_L_Inguinal__offset///-0.1165, -0.0101, -0.9931, 0.1745,0.0867, -0.9962, 0.0000, -0.0521,-0.9894, -0.0861, 0.1169, 1.1694,0.0000, 0.0000, 0.0000, 1.0000///Hip
L_Inguinal1__null///-0.1165, -0.0101, -0.9931, 0.1380,0.0867, -0.9962, 0.0000, -0.0250,-0.9894, -0.0861, 0.1169, 0.8592,0.0000, 0.0000, 0.0000, 1.0000///HLP_L_Inguinal__offset
HLP_R_Inguinal__offset///0.1165, 0.0101, -0.9931, -0.1745,0.0867, -0.9962, 0.0000, -0.0521,-0.9894, -0.0861, -0.1169, 1.1694,0.0000, 0.0000, 0.0000, 1.0000///Hip
R_Inguinal__null///0.1165, 0.0101, -0.9932, -0.1380,0.0867, -0.9962, -0.0000, -0.0250,-0.9894, -0.0861, -0.1169, 0.8592,0.0000, 0.0000, 0.0000, 1.0000///HLP_R_Inguinal__offset
Hip__offset///-0.0000, -0.0000, 1.0000, 0.0000,-0.0000, 1.0000, 0.0000, 0.0000,-1.0000, 0.0000, -0.0000, 1.2019,0.0000, 0.0000, 0.0000, 1.0000///Hip
Hip_front__offset///-0.0000, -0.0000, 1.0000, -0.0000,-0.0000, 1.0000, 0.0000, 0.0000,-1.0000, 0.0000, -0.0000, 1.2016,0.0000, 0.0000, 0.0000, 1.0000///Hip
EDIT__null///1.0000, 0.0000, 0.0000, 0.0014,0.0000, 1.0000, 0.0000, 0.0000,0.0000, 0.0000, 1.0000, -0.0000,0.0000, 0.0000, 0.0000, 1.0000///MODEL_00
Deform__null///1.0000, 0.0000, 0.0000, 0.0083,0.0000, 1.0000, 0.0000, 0.0015,0.0000, 0.0000, 1.0000, -0.0002,0.0000, 0.0000, 0.0000, 1.0000///EDIT__null
