MODEL_00///1.0000, 0.0000, 0.0000, 0.0000,0.0000, 1.0000, 0.0000, -0.0000,0.0000, 0.0000, 1.0000, 0.0000,0.0000, 0.0000, 0.0000, 1.0000///
BODY_SCALE__group///1.0000, 0.0000, 0.0000, 0.0000,0.0000, 0.0000, -1.0000, 0.0000,0.0000, 1.0000, 0.0000, 0.0000,0.0000, 0.0000, 0.0000, 1.0000///MODEL_00
BASE///1.0000, 0.0000, 0.0000, 0.0000,0.0000, -0.0000, -1.0000, 0.0000,0.0000, 1.0000, -0.0000, 1.1224,0.0000, 0.0000, 0.0000, 1.0000///BODY_SCALE__group
Spine1///0.0000, -0.0000, 1.0000, 0.0000,-0.0000, -1.0000, -0.0000, 0.0000,1.0000, -0.0000, -0.0000, 1.1224,0.0000, 0.0000, 0.0000, 1.0000///BASE
Spine2///0.0000, -0.0000, 1.0000, 0.0000,-0.0000, -1.0000, -0.0000, 0.0000,1.0000, -0.0000, -0.0000, 1.2404,0.0000, 0.0000, 0.0000, 1.0000///Spine1
Neck///0.0000, -0.0000, 1.0000, 0.0000,-0.0000, -1.0000, -0.0000, 0.0000,1.0000, -0.0000, -0.0000, 1.4809,0.0000, 0.0000, 0.0000, 1.0000///Spine2
Head///-0.0000, 1.0000, -0.0000, 0.0000,-1.0000, -0.0000, -0.0000, 0.0000,-0.0000, 0.0000, 1.0000, 1.5899,0.0000, 0.0000, 0.0000, 1.0000///Neck
Head__offset///-0.0000, 1.0000, -0.0000, 0.0000,-1.0000, -0.0000, 0.0003, 0.0000,0.0003, 0.0000, 1.0000, 1.5900,0.0000, 0.0000, 0.0000, 1.0000///Head
ATH_Head_Top///1.0000, 0.0000, 0.0000, -0.0000,-0.0000, 1.0000, -0.0000, 0.0000,-0.0000, 0.0000, 1.0000, 1.7525,0.0000, 0.0000, 0.0000, 1.0000///Head
L_Mayu2_Joint///1.0000, 0.0000, -0.0000, 0.0319,-0.0000, -0.0000, -1.0000, -0.1088,-0.0000, 1.0000, -0.0000, 1.6459,0.0000, 0.0000, 0.0000, 1.0000///Head
L_Mayu3_Joint///1.0000, 0.0000, -0.0000, 0.0499,-0.0000, -0.0000, -1.0000, -0.0964,-0.0000, 1.0000, -0.0000, 1.6466,0.0000, 0.0000, 0.0000, 1.0000///Head
L_Mayu1_Joint///1.0000, 0.0000, -0.0000, 0.0144,-0.0000, -0.0000, -1.0000, -0.1144,-0.0000, 1.0000, -0.0000, 1.6414,0.0000, 0.0000, 0.0000, 1.0000///Head
R_Mayu3_Joint///1.0000, 0.0000, -0.0000, -0.0499,-0.0000, -0.0000, -1.0000, -0.0964,-0.0000, 1.0000, -0.0000, 1.6466,0.0000, 0.0000, 0.0000, 1.0000///Head
R_Mayu2_Joint///1.0000, 0.0000, -0.0000, -0.0319,-0.0000, -0.0000, -1.0000, -0.1088,-0.0000, 1.0000, -0.0000, 1.6459,0.0000, 0.0000, 0.0000, 1.0000///Head
R_Mayu1_Joint///1.0000, 0.0000, -0.0000, -0.0144,-0.0000, -0.0000, -1.0000, -0.1144,-0.0000, 1.0000, -0.0000, 1.6414,0.0000, 0.0000, 0.0000, 1.0000///Head
R_Eyecorner///1.0000, 0.0000, -0.0000, -0.0460,-0.0000, -0.0000, -1.0000, -0.0962,-0.0000, 1.0000, -0.0000, 1.6333,0.0000, 0.0000, 0.0000, 1.0000///Head
R_UwaMabuta_Joint///1.0000, 0.0000, -0.0000, -0.0275,-0.0000, -0.0000, -1.0000, -0.0875,-0.0000, 1.0000, -0.0000, 1.6266,0.0000, 0.0000, 0.0000, 1.0000///Head
R_UpEyelid1///1.0000, 0.0000, -0.0000, -0.0249,-0.0000, -0.0000, -1.0000, -0.1013,-0.0000, 1.0000, -0.0000, 1.6355,0.0000, 0.0000, 0.0000, 1.0000///R_UwaMabuta_Joint
R_UpEyelid2///1.0000, 0.0000, -0.0000, -0.0346,-0.0000, -0.0000, -1.0000, -0.1012,-0.0000, 1.0000, -0.0000, 1.6361,0.0000, 0.0000, 0.0000, 1.0000///R_UwaMabuta_Joint
L_UwaMabuta_Joint///1.0000, 0.0000, 0.0000, 0.0275,0.0000, -0.0000, -1.0000, -0.0875,-0.0000, 1.0000, -0.0000, 1.6266,0.0000, 0.0000, 0.0000, 1.0000///Head
L_UpEyelid2///1.0000, 0.0000, 0.0000, 0.0346,0.0000, -0.0000, -1.0000, -0.1012,0.0000, 1.0000, -0.0000, 1.6361,0.0000, 0.0000, 0.0000, 1.0000///L_UwaMabuta_Joint
L_UpEyelid1///1.0000, 0.0000, 0.0000, 0.0249,0.0000, -0.0000, -1.0000, -0.1013,-0.0000, 1.0000, -0.0000, 1.6355,0.0000, 0.0000, 0.0000, 1.0000///L_UwaMabuta_Joint
L_Eyecorner///1.0000, 0.0000, -0.0000, 0.0460,-0.0000, -0.0000, -1.0000, -0.0962,-0.0000, 1.0000, -0.0000, 1.6333,0.0000, 0.0000, 0.0000, 1.0000///Head
L_Eye_Joint///1.0000, 0.0000, 0.0000, 0.0278,0.0000, -0.0000, -1.0000, -0.0860,-0.0000, 1.0000, -0.0000, 1.6303,0.0000, 0.0000, 0.0000, 1.0000///Head
R_Eye_Joint///1.0000, 0.0000, -0.0000, -0.0278,-0.0000, -0.0000, -1.0000, -0.0860,-0.0000, 1.0000, -0.0000, 1.6303,0.0000, 0.0000, 0.0000, 1.0000///Head
R_SitaMabuta_Joint///1.0000, 0.0000, -0.0000, -0.0275,-0.0000, -0.0000, -1.0000, -0.0875,-0.0000, 1.0000, -0.0000, 1.6260,0.0000, 0.0000, 0.0000, 1.0000///Head
R_LowEyelid1///1.0000, 0.0000, -0.0000, -0.0268,-0.0000, -0.0000, -1.0000, -0.1023,-0.0000, 1.0000, -0.0000, 1.6272,0.0000, 0.0000, 0.0000, 1.0000///R_SitaMabuta_Joint
R_LowEyelid2///1.0000, 0.0000, -0.0000, -0.0389,-0.0000, -0.0000, -1.0000, -0.0994,-0.0000, 1.0000, -0.0000, 1.6262,0.0000, 0.0000, 0.0000, 1.0000///R_SitaMabuta_Joint
L_SitaMabuta_Joint///1.0000, 0.0000, -0.0000, 0.0275,-0.0000, -0.0000, -1.0000, -0.0875,-0.0000, 1.0000, -0.0000, 1.6260,0.0000, 0.0000, 0.0000, 1.0000///Head
L_LowEyelid2///1.0000, 0.0000, -0.0000, 0.0389,-0.0000, -0.0000, -1.0000, -0.0994,-0.0000, 1.0000, -0.0000, 1.6262,0.0000, 0.0000, 0.0000, 1.0000///L_SitaMabuta_Joint
L_LowEyelid1///1.0000, 0.0000, -0.0000, 0.0268,-0.0000, -0.0000, -1.0000, -0.1023,-0.0000, 1.0000, -0.0000, 1.6272,0.0000, 0.0000, 0.0000, 1.0000///L_SitaMabuta_Joint
L_Hoho_Joint///1.0000, 0.0000, -0.0000, 0.0459,-0.0000, -0.0000, -1.0000, -0.0933,-0.0000, 1.0000, -0.0000, 1.6113,0.0000, 0.0000, 0.0000, 1.0000///Head
L_Hana_Joint///1.0000, 0.0000, -0.0000, 0.0125,-0.0000, -0.0000, -1.0000, -0.1105,-0.0000, 1.0000, -0.0000, 1.6097,0.0000, 0.0000, 0.0000, 1.0000///Head
R_Hana_Joint///1.0000, 0.0000, -0.0000, -0.0124,-0.0000, -0.0000, -1.0000, -0.1105,-0.0000, 1.0000, -0.0000, 1.6097,0.0000, 0.0000, 0.0000, 1.0000///Head
R_Hoho_Joint///1.0000, 0.0000, -0.0000, -0.0459,-0.0000, -0.0000, -1.0000, -0.0933,-0.0000, 1.0000, -0.0000, 1.6113,0.0000, 0.0000, 0.0000, 1.0000///Head
L_Kobana_Joint///1.0000, 0.0000, -0.0000, 0.0119,-0.0000, -0.0000, -1.0000, -0.1168,-0.0000, 1.0000, -0.0000, 1.5911,0.0000, 0.0000, 0.0000, 1.0000///Head
R_Kobana_Joint///1.0000, 0.0000, -0.0000, -0.0119,-0.0000, -0.0000, -1.0000, -0.1168,-0.0000, 1.0000, -0.0000, 1.5911,0.0000, 0.0000, 0.0000, 1.0000///Head
L_Chobo_Joint///1.0000, 0.0000, -0.0000, 0.0531,-0.0000, -0.0000, -1.0000, -0.0729,-0.0000, 1.0000, -0.0000, 1.5929,0.0000, 0.0000, 0.0000, 1.0000///Head
R_Chobo_Joint///1.0000, 0.0000, -0.0000, -0.0531,-0.0000, -0.0000, -1.0000, -0.0729,-0.0000, 1.0000, -0.0000, 1.5929,0.0000, 0.0000, 0.0000, 1.0000///Head
L_LipU_Joint///1.0000, 0.0000, -0.0000, 0.0123,-0.0000, -0.0000, -1.0000, -0.1122,-0.0000, 1.0000, -0.0000, 1.5742,0.0000, 0.0000, 0.0000, 1.0000///Head
R_LipU_Joint///1.0000, 0.0000, -0.0000, -0.0123,-0.0000, -0.0000, -1.0000, -0.1122,-0.0000, 1.0000, -0.0000, 1.5742,0.0000, 0.0000, 0.0000, 1.0000///Head
M_LipU_Joint///1.0000, 0.0000, -0.0000, -0.0000,-0.0000, -0.0000, -1.0000, -0.1177,-0.0000, 1.0000, -0.0000, 1.5793,0.0000, 0.0000, 0.0000, 1.0000///Head
Jaw_Joint///1.0000, 0.0000, -0.0000, -0.0000,-0.0000, -0.0000, -1.0000, -0.0393,-0.0000, 1.0000, -0.0000, 1.5962,0.0000, 0.0000, 0.0000, 1.0000///Head
L_LipD_Joint///1.0000, 0.0000, -0.0000, 0.0127,-0.0000, -0.0000, -1.0000, -0.1076,-0.0000, 1.0000, -0.0000, 1.5617,0.0000, 0.0000, 0.0000, 1.0000///Jaw_Joint
R_LipD_Joint///1.0000, 0.0000, -0.0000, -0.0127,-0.0000, -0.0000, -1.0000, -0.1076,-0.0000, 1.0000, -0.0000, 1.5617,0.0000, 0.0000, 0.0000, 1.0000///Jaw_Joint
M_LipD_Joint///1.0000, 0.0000, -0.0000, -0.0000,-0.0000, -0.0000, -1.0000, -0.1161,-0.0000, 1.0000, -0.0000, 1.5591,0.0000, 0.0000, 0.0000, 1.0000///Jaw_Joint
L_LipE_Joint///1.0000, 0.0000, -0.0000, 0.0213,-0.0000, -0.0000, -1.0000, -0.1030,-0.0000, 1.0000, -0.0000, 1.5698,0.0000, 0.0000, 0.0000, 1.0000///Jaw_Joint
R_LipE_Joint///1.0000, -0.0000, -0.0000, -0.0213,-0.0000, -0.0000, -1.0000, -0.1030,0.0000, 1.0000, -0.0000, 1.5698,0.0000, 0.0000, 0.0000, 1.0000///Jaw_Joint
Bero1_Joint///0.0000, -0.0000, -1.0000, -0.0000,-1.0000, -0.0000, -0.0000, -0.0638,-0.0000, 1.0000, -0.0000, 1.5727,0.0000, 0.0000, 0.0000, 1.0000///Jaw_Joint
Bero1_Joint_pos///1.0000, -0.0000, 0.0000, -0.0000,0.0000, 0.0000, -1.0000, -0.0831,0.0000, 1.0000, 0.0000, 1.5690,0.0000, 0.0000, 0.0000, 1.0000///Bero1_Joint
Bero2_Joint///-0.0000, 0.0001, -1.0000, -0.0000,-0.9158, -0.4016, -0.0000, -0.0831,-0.4016, 0.9158, 0.0001, 1.5690,0.0000, 0.0000, 0.0000, 1.0000///Bero1_Joint_pos
Bero3_Joint///1.0000, 0.0001, 0.0000, -0.0000,0.0000, 0.0000, -1.0000, -0.1011,-0.0001, 1.0000, -0.0000, 1.5637,0.0000, 0.0000, 0.0000, 1.0000///Bero2_Joint
Neck__offset///0.0000, -0.0000, 1.0000, 0.0000,-0.0000, -1.0000, -0.0000, 0.0000,1.0000, -0.0000, -0.0000, 1.4808,0.0000, 0.0000, 0.0000, 1.0000///Neck
Neck_back__offset///0.0000, -0.0001, 1.0000, 0.0000,0.0001, -1.0000, -0.0001, 0.0000,1.0000, 0.0001, -0.0000, 1.4810,0.0000, 0.0000, 0.0000, 1.0000///Neck
L_Shoulder///1.0000, -0.0000, -0.0000, 0.0908,-0.0000, -0.0000, -1.0000, 0.0000,0.0000, 1.0000, -0.0000, 1.4401,0.0000, 0.0000, 0.0000, 1.0000///Spine2
L_Arm///1.0000, -0.0000, -0.0000, 0.1480,0.0000, 1.0000, 0.0000, 0.0000,0.0000, -0.0000, 1.0000, 1.4401,0.0000, 0.0000, 0.0000, 1.0000///L_Shoulder
L_ForeArm///1.0000, 0.0000, -0.0000, 0.4613,-0.0000, 1.0000, 0.0000, 0.0000,0.0000, -0.0000, 1.0000, 1.4401,0.0000, 0.0000, 0.0000, 1.0000///L_Arm
L_Hand///1.0000, -0.0000, -0.0000, 0.7026,-0.0000, 0.0000, -1.0000, 0.0000,0.0000, 1.0000, 0.0000, 1.4401,0.0000, 0.0000, 0.0000, 1.0000///L_ForeArm
L_FingerBase///1.0000, -0.0000, -0.0000, 0.7063,-0.0000, 0.0000, -1.0000, -0.0149,0.0000, 1.0000, 0.0000, 1.4401,0.0000, 0.0000, 0.0000, 1.0000///L_Hand
L_Middle///1.0000, -0.0000, -0.0000, 0.7063,-0.0000, 0.0000, -1.0000, -0.0074,0.0000, 1.0000, 0.0000, 1.4401,0.0000, 0.0000, 0.0000, 1.0000///L_FingerBase
L_Ring///1.0000, -0.0000, -0.0000, 0.7063,-0.0000, 0.0000, -1.0000, 0.0000,0.0000, 1.0000, 0.0000, 1.4401,0.0000, 0.0000, 0.0000, 1.0000///L_Middle
L_Pinky///1.0000, -0.0000, -0.0000, 0.7063,-0.0000, 0.0000, -1.0000, 0.0074,0.0000, 1.0000, 0.0000, 1.4401,0.0000, 0.0000, 0.0000, 1.0000///L_Ring
L_Pinky1///1.0000, -0.0000, -0.0000, 0.7830,-0.0000, 0.0000, -1.0000, 0.0286,0.0000, 1.0000, 0.0000, 1.4413,0.0000, 0.0000, 0.0000, 1.0000///L_Pinky
L_Pinky2///1.0000, -0.0000, -0.0000, 0.8187,-0.0000, 0.0000, -1.0000, 0.0286,0.0000, 1.0000, 0.0000, 1.4413,0.0000, 0.0000, 0.0000, 1.0000///L_Pinky1
L_Pinky3///1.0000, -0.0000, -0.0000, 0.8349,-0.0000, 0.0000, -1.0000, 0.0286,0.0000, 1.0000, 0.0000, 1.4413,0.0000, 0.0000, 0.0000, 1.0000///L_Pinky2
L_Pinky4__null///1.0000, -0.0000, -0.0000, 0.8572,-0.0000, 0.0000, -1.0000, 0.0286,0.0000, 1.0000, 0.0000, 1.4413,0.0000, 0.0000, 0.0000, 1.0000///L_Pinky3
L_Ring1///1.0000, -0.0000, -0.0000, 0.7928,-0.0000, 0.0000, -1.0000, 0.0107,0.0000, 1.0000, 0.0000, 1.4427,0.0000, 0.0000, 0.0000, 1.0000///L_Ring
L_Ring2///1.0000, -0.0000, -0.0000, 0.8324,-0.0000, 0.0000, -1.0000, 0.0107,0.0000, 1.0000, 0.0000, 1.4427,0.0000, 0.0000, 0.0000, 1.0000///L_Ring1
L_Ring3///1.0000, -0.0000, -0.0000, 0.8557,-0.0000, 0.0000, -1.0000, 0.0107,0.0000, 1.0000, 0.0000, 1.4427,0.0000, 0.0000, 0.0000, 1.0000///L_Ring2
L_Ring4__null///1.0000, -0.0000, -0.0000, 0.8781,-0.0000, 0.0000, -1.0000, 0.0107,0.0000, 1.0000, 0.0000, 1.4427,0.0000, 0.0000, 0.0000, 1.0000///L_Ring3
L_Middle1///1.0000, -0.0000, -0.0000, 0.7955,-0.0000, 0.0000, -1.0000, -0.0095,0.0000, 1.0000, 0.0000, 1.4441,0.0000, 0.0000, 0.0000, 1.0000///L_Middle
L_Middle2///1.0000, -0.0000, -0.0000, 0.8390,-0.0000, 0.0000, -1.0000, -0.0095,0.0000, 1.0000, 0.0000, 1.4441,0.0000, 0.0000, 0.0000, 1.0000///L_Middle1
L_Middle3///1.0000, -0.0000, -0.0000, 0.8643,-0.0000, 0.0000, -1.0000, -0.0095,0.0000, 1.0000, 0.0000, 1.4441,0.0000, 0.0000, 0.0000, 1.0000///L_Middle2
L_Middle4__null///1.0000, -0.0000, -0.0000, 0.8867,-0.0000, 0.0000, -1.0000, -0.0095,0.0000, 1.0000, 0.0000, 1.4441,0.0000, 0.0000, 0.0000, 1.0000///L_Middle3
L_Index1///1.0000, -0.0000, -0.0000, 0.7955,-0.0000, 0.0000, -1.0000, -0.0306,0.0000, 1.0000, 0.0000, 1.4441,0.0000, 0.0000, 0.0000, 1.0000///L_FingerBase
L_Index2///1.0000, -0.0000, -0.0000, 0.8367,-0.0000, 0.0000, -1.0000, -0.0306,0.0000, 1.0000, 0.0000, 1.4441,0.0000, 0.0000, 0.0000, 1.0000///L_Index1
L_Index3///1.0000, -0.0000, -0.0000, 0.8605,-0.0000, 0.0000, -1.0000, -0.0306,0.0000, 1.0000, 0.0000, 1.4441,0.0000, 0.0000, 0.0000, 1.0000///L_Index2
L_Index4__null///1.0000, -0.0000, -0.0000, 0.8829,-0.0000, 0.0000, -1.0000, -0.0306,0.0000, 1.0000, 0.0000, 1.4441,0.0000, 0.0000, 0.0000, 1.0000///L_Index3
L_Thumb1///0.8053, -0.2750, -0.5252, 0.7207,-0.5122, -0.7689, -0.3827, -0.0332,-0.2986, 0.5772, -0.7601, 1.4292,0.0000, 0.0000, 0.0000, 1.0000///L_FingerBase
L_Thumb2///0.8053, -0.2750, -0.5252, 0.7596,-0.5122, -0.7689, -0.3827, -0.0580,-0.2986, 0.5772, -0.7601, 1.4148,0.0000, 0.0000, 0.0000, 1.0000///L_Thumb1
L_Thumb3///0.8053, -0.2750, -0.5252, 0.7831,-0.5122, -0.7689, -0.3827, -0.0729,-0.2986, 0.5772, -0.7600, 1.4061,0.0000, 0.0000, 0.0000, 1.0000///L_Thumb2
L_Thumb4__null///0.8053, -0.2750, -0.5252, 0.8011,-0.5122, -0.7689, -0.3827, -0.0843,-0.2986, 0.5772, -0.7600, 1.3994,0.0000, 0.0000, 0.0000, 1.0000///L_Thumb3
HLP_L_ForeArm_Mid__offset///1.0000, -0.0000, -0.0000, 0.5977,-0.0000, 0.0000, -1.0000, 0.0000,0.0000, 1.0000, 0.0000, 1.4401,0.0000, 0.0000, 0.0000, 1.0000///L_ForeArm
HLP_L_ForeArm_Btm__offset///1.0000, -0.0000, -0.0000, 0.6816,-0.0000, 0.0000, -1.0000, 0.0000,0.0000, 1.0000, 0.0000, 1.4401,0.0000, 0.0000, 0.0000, 1.0000///L_ForeArm
HLP_L_Elbow__offset///1.0000, 0.0000, -0.0000, 0.4613,-0.0000, 1.0000, 0.0000, 0.0256,0.0000, -0.0000, 1.0000, 1.4401,0.0000, 0.0000, 0.0000, 1.0000///L_ForeArm
L_ForeArm_Slide__offset///1.0000, -0.0000, -0.0000, 0.5743,0.0000, 1.0000, 0.0000, 0.0000,0.0000, -0.0000, 1.0000, 1.4401,0.0000, 0.0000, 0.0000, 1.0000///L_ForeArm
L_ForeArm__offset///1.0000, 0.0000, -0.0000, 0.4614,-0.0000, 1.0000, 0.0000, 0.0000,0.0000, -0.0000, 1.0000, 1.4401,0.0000, 0.0000, 0.0000, 1.0000///L_ForeArm
ATH_aza_01///-0.0000, 1.0000, 0.0000, 0.5963,-1.0000, -0.0000, 0.0000, 0.0000,0.0000, 0.0000, 1.0000, 1.4399,0.0000, 0.0000, 0.0000, 1.0000///L_ForeArm
HLP_L_Arm_Top__offset///1.0000, 0.0000, -0.0000, 0.1480,-0.0000, 1.0000, 0.0000, 0.0000,0.0000, 0.0000, 1.0000, 1.4401,0.0000, 0.0000, 0.0000, 1.0000///L_Arm
HLP_L_Arm_Mid__offset///1.0000, -0.0000, -0.0000, 0.2941,0.0000, 1.0000, 0.0000, 0.0000,0.0000, -0.0000, 1.0000, 1.4401,0.0000, 0.0000, 0.0000, 1.0000///L_Arm
L_Bicep_Slide__offset///1.0000, -0.0000, -0.0000, 0.3145,0.0000, 1.0000, 0.0000, -0.0013,0.0000, -0.0000, 1.0000, 1.4401,0.0000, 0.0000, 0.0000, 1.0000///L_Arm
L_Tricep_Slide__offset///1.0000, -0.0000, -0.0000, 0.3145,0.0000, 1.0000, 0.0000, 0.0004,0.0000, -0.0000, 1.0000, 1.4401,0.0000, 0.0000, 0.0000, 1.0000///L_Arm
L_Arm_Btm__offset///1.0000, -0.0000, -0.0000, 0.4612,0.0000, 1.0000, 0.0000, 0.0000,0.0000, -0.0000, 1.0000, 1.4401,0.0000, 0.0000, 0.0000, 1.0000///L_Arm
HLP_L_ShldrBlade__offset///1.0000, -0.0000, -0.0000, 0.1340,0.0000, 1.0000, 0.0000, -0.0008,0.0000, -0.0000, 1.0000, 1.4228,0.0000, 0.0000, 0.0000, 1.0000///L_Shoulder
HLP_L_Shldr_B__offset///1.0000, -0.0000, -0.0000, 0.1479,0.0000, 1.0000, 0.0000, 0.0000,0.0000, -0.0000, 1.0000, 1.4401,0.0000, 0.0000, 0.0000, 1.0000///L_Shoulder
R_Shoulder///-1.0000, -0.0000, -0.0000, -0.0908,0.0000, 0.0000, -1.0000, 0.0000,0.0000, -1.0000, -0.0000, 1.4401,0.0000, 0.0000, 0.0000, 1.0000///Spine2
R_Arm///-1.0000, 0.0000, 0.0000, -0.1480,0.0000, 1.0000, -0.0000, 0.0000,-0.0000, -0.0000, -1.0000, 1.4401,0.0000, 0.0000, 0.0000, 1.0000///R_Shoulder
R_ForeArm///-1.0000, -0.0000, 0.0000, -0.4613,-0.0000, 1.0000, -0.0000, 0.0000,-0.0000, -0.0000, -1.0000, 1.4401,0.0000, 0.0000, 0.0000, 1.0000///R_Arm
R_Hand///-1.0000, 0.0000, 0.0000, -0.7026,-0.0000, -0.0000, -1.0000, 0.0000,0.0000, -1.0000, 0.0000, 1.4401,0.0000, 0.0000, 0.0000, 1.0000///R_ForeArm
R_FingerBase///-1.0000, -0.0000, 0.0000, -0.7063,-0.0000, -0.0000, -1.0000, -0.0149,0.0000, -1.0000, 0.0000, 1.4401,0.0000, 0.0000, 0.0000, 1.0000///R_Hand
R_Middle///-1.0000, -0.0000, 0.0000, -0.7063,-0.0000, -0.0000, -1.0000, -0.0074,0.0000, -1.0000, 0.0000, 1.4401,0.0000, 0.0000, 0.0000, 1.0000///R_FingerBase
R_Ring///-1.0000, -0.0000, 0.0000, -0.7063,-0.0000, -0.0000, -1.0000, 0.0000,0.0000, -1.0000, 0.0000, 1.4401,0.0000, 0.0000, 0.0000, 1.0000///R_Middle
R_Pinky///-1.0000, -0.0000, 0.0000, -0.7063,-0.0000, -0.0000, -1.0000, 0.0074,0.0000, -1.0000, 0.0000, 1.4401,0.0000, 0.0000, 0.0000, 1.0000///R_Ring
R_Pinky1///-1.0000, 0.0000, 0.0000, -0.7829,-0.0000, -0.0000, -1.0000, 0.0287,0.0000, -1.0000, 0.0000, 1.4413,0.0000, 0.0000, 0.0000, 1.0000///R_Pinky
R_Pinky2///-1.0000, 0.0000, 0.0000, -0.8187,-0.0000, -0.0000, -1.0000, 0.0286,0.0000, -1.0000, 0.0000, 1.4413,0.0000, 0.0000, 0.0000, 1.0000///R_Pinky1
R_Pinky3///-1.0000, 0.0000, 0.0000, -0.8349,-0.0000, -0.0000, -1.0000, 0.0286,0.0000, -1.0000, 0.0000, 1.4413,0.0000, 0.0000, 0.0000, 1.0000///R_Pinky2
R_Pinky4__null///-1.0000, 0.0000, 0.0000, -0.8572,-0.0000, -0.0000, -1.0000, 0.0286,0.0000, -1.0000, 0.0000, 1.4413,0.0000, 0.0000, 0.0000, 1.0000///R_Pinky3
R_Ring1///-1.0000, 0.0000, 0.0000, -0.7928,-0.0000, -0.0000, -1.0000, 0.0107,0.0000, -1.0000, 0.0000, 1.4426,0.0000, 0.0000, 0.0000, 1.0000///R_Ring
R_Ring2///-1.0000, 0.0000, 0.0000, -0.8324,-0.0000, -0.0000, -1.0000, 0.0107,0.0000, -1.0000, 0.0000, 1.4426,0.0000, 0.0000, 0.0000, 1.0000///R_Ring1
R_Ring3///-1.0000, 0.0000, 0.0000, -0.8557,-0.0000, -0.0000, -1.0000, 0.0107,0.0000, -1.0000, 0.0000, 1.4426,0.0000, 0.0000, 0.0000, 1.0000///R_Ring2
R_Ring4__null///-1.0000, 0.0000, 0.0000, -0.8780,-0.0000, -0.0000, -1.0000, 0.0107,0.0000, -1.0000, 0.0000, 1.4426,0.0000, 0.0000, 0.0000, 1.0000///R_Ring3
R_Middle1///-1.0000, 0.0000, 0.0000, -0.7955,-0.0000, -0.0000, -1.0000, -0.0095,0.0000, -1.0000, 0.0000, 1.4441,0.0000, 0.0000, 0.0000, 1.0000///R_Middle
R_Middle2///-1.0000, 0.0000, 0.0000, -0.8390,-0.0000, -0.0000, -1.0000, -0.0095,0.0000, -1.0000, 0.0000, 1.4441,0.0000, 0.0000, 0.0000, 1.0000///R_Middle1
R_Middle3///-1.0000, 0.0000, 0.0000, -0.8643,-0.0000, -0.0000, -1.0000, -0.0095,0.0000, -1.0000, 0.0000, 1.4441,0.0000, 0.0000, 0.0000, 1.0000///R_Middle2
R_Middle4__null///-1.0000, 0.0000, 0.0000, -0.8867,-0.0000, -0.0000, -1.0000, -0.0095,0.0000, -1.0000, 0.0000, 1.4441,0.0000, 0.0000, 0.0000, 1.0000///R_Middle3
R_Index1///-1.0000, 0.0000, 0.0000, -0.7955,-0.0000, -0.0000, -1.0000, -0.0306,0.0000, -1.0000, 0.0000, 1.4441,0.0000, 0.0000, 0.0000, 1.0000///R_FingerBase
R_Index2///-1.0000, 0.0000, 0.0000, -0.8367,-0.0000, -0.0000, -1.0000, -0.0306,0.0000, -1.0000, 0.0000, 1.4441,0.0000, 0.0000, 0.0000, 1.0000///R_Index1
R_Index3///-1.0000, 0.0000, 0.0000, -0.8605,-0.0000, -0.0000, -1.0000, -0.0306,0.0000, -1.0000, 0.0000, 1.4441,0.0000, 0.0000, 0.0000, 1.0000///R_Index2
R_Index4__null///-1.0000, 0.0000, 0.0000, -0.8829,-0.0000, -0.0000, -1.0000, -0.0306,0.0000, -1.0000, 0.0000, 1.4441,0.0000, 0.0000, 0.0000, 1.0000///R_Index3
R_Thumb1///-0.8053, -0.2750, 0.5252, -0.7207,-0.5122, 0.7689, -0.3827, -0.0332,-0.2986, -0.5772, -0.7601, 1.4292,0.0000, 0.0000, 0.0000, 1.0000///R_FingerBase
R_Thumb2///-0.8053, -0.2750, 0.5252, -0.7596,-0.5122, 0.7689, -0.3827, -0.0580,-0.2986, -0.5772, -0.7601, 1.4148,0.0000, 0.0000, 0.0000, 1.0000///R_Thumb1
R_Thumb3///-0.8053, -0.2750, 0.5252, -0.7831,-0.5122, 0.7689, -0.3827, -0.0729,-0.2986, -0.5772, -0.7601, 1.4061,0.0000, 0.0000, 0.0000, 1.0000///R_Thumb2
R_Thumb4__null///-0.8053, -0.2750, 0.5252, -0.8011,-0.5122, 0.7689, -0.3827, -0.0843,-0.2986, -0.5772, -0.7601, 1.3994,0.0000, 0.0000, 0.0000, 1.0000///R_Thumb3
HLP_R_ForeArm_Mid__offset///-1.0000, 0.0000, 0.0000, -0.5977,-0.0000, -0.0000, -1.0000, 0.0000,-0.0000, -1.0000, 0.0000, 1.4401,0.0000, 0.0000, 0.0000, 1.0000///R_ForeArm
HLP_R_ForeArm_Btm__offset///-1.0000, 0.0000, 0.0000, -0.6816,-0.0000, -0.0000, -1.0000, 0.0000,0.0000, -1.0000, 0.0000, 1.4401,0.0000, 0.0000, 0.0000, 1.0000///R_ForeArm
HLP_R_Elbow__offset///-1.0000, -0.0000, 0.0000, -0.4613,-0.0000, 1.0000, -0.0000, 0.0256,-0.0000, -0.0000, -1.0000, 1.4401,0.0000, 0.0000, 0.0000, 1.0000///R_ForeArm
R_ForeArm_Slide__offset///-1.0000, 0.0000, 0.0000, -0.5743,-0.0000, -0.0000, -1.0000, 0.0000,-0.0000, -1.0000, 0.0000, 1.4401,0.0000, 0.0000, 0.0000, 1.0000///R_ForeArm
R_ForeArm__offset///-1.0000, -0.0000, 0.0000, -0.4614,-0.0000, 1.0000, -0.0000, 0.0000,-0.0000, -0.0000, -1.0000, 1.4401,0.0000, 0.0000, 0.0000, 1.0000///R_ForeArm
HLP_R_Arm_Top__offset///-1.0000, 0.0000, -0.0000, -0.1480,0.0000, 1.0000, 0.0000, 0.0000,0.0000, 0.0000, -1.0000, 1.4401,0.0000, 0.0000, 0.0000, 1.0000///R_Arm
HLP_R_Arm_Mid__offset///-1.0000, 0.0000, 0.0000, -0.2941,0.0000, 1.0000, -0.0000, 0.0000,-0.0000, -0.0000, -1.0000, 1.4401,0.0000, 0.0000, 0.0000, 1.0000///R_Arm
R_Bicep_Slide__offset///-1.0000, 0.0000, 0.0000, -0.3145,0.0000, 1.0000, -0.0000, -0.0013,-0.0000, -0.0000, -1.0000, 1.4401,0.0000, 0.0000, 0.0000, 1.0000///R_Arm
R_Tricep_Slide__offset///-1.0000, 0.0000, 0.0000, -0.3145,0.0000, 1.0000, -0.0000, 0.0004,-0.0000, -0.0000, -1.0000, 1.4401,0.0000, 0.0000, 0.0000, 1.0000///R_Arm
R_Arm_Btm__offset///-1.0000, 0.0000, 0.0000, -0.4612,0.0000, 1.0000, -0.0000, 0.0000,-0.0000, -0.0000, -1.0000, 1.4401,0.0000, 0.0000, 0.0000, 1.0000///R_Arm
HLP_R_ShldrBlade__offset///-1.0000, 0.0000, 0.0000, -0.1340,0.0000, 1.0000, -0.0000, -0.0008,-0.0000, -0.0000, -1.0000, 1.4228,0.0000, 0.0000, 0.0000, 1.0000///R_Shoulder
HLP_R_Shldr_B__offset///-1.0000, 0.0000, 0.0000, -0.1479,0.0000, 1.0000, -0.0000, 0.0000,-0.0000, -0.0000, -1.0000, 1.4401,0.0000, 0.0000, 0.0000, 1.0000///R_Shoulder
HLP_L_CollarBone__offset///0.9506, -0.0002, 0.3105, 0.0091,0.3105, -0.0001, -0.9506, -0.0454,0.0002, 1.0000, -0.0000, 1.4401,0.0000, 0.0000, 0.0000, 1.0000///Spine2
HLP_L_Shldr_F__offset///0.9713, 0.1528, 0.1821, 0.1237,0.1826, 0.0104, -0.9831, -0.0427,-0.1521, 0.9882, -0.0178, 1.5085,0.0000, 0.0000, 0.0000, 1.0000///HLP_L_CollarBone__offset
L_Shldr_F1__null///0.9713, 0.1528, 0.1821, 0.2119,0.1826, 0.0104, -0.9831, -0.0261,-0.1521, 0.9882, -0.0178, 1.4947,0.0000, 0.0000, 0.0000, 1.0000///HLP_L_Shldr_F__offset
HLP_L_CollarBone_up__offset///0.9506, -0.0002, 0.3105, 0.0090,0.3105, -0.0001, -0.9506, -0.0452,0.0002, 1.0000, -0.0000, 1.4401,0.0000, 0.0000, 0.0000, 1.0000///HLP_L_CollarBone__offset
L_CollarBone1__null///0.9506, -0.0002, 0.3105, 0.1730,0.3105, -0.0001, -0.9506, 0.0082,0.0002, 1.0000, -0.0000, 1.4401,0.0000, 0.0000, 0.0000, 1.0000///HLP_L_CollarBone__offset
HLP_R_CollarBone__offset///-0.9506, -0.0002, -0.3106, -0.0091,0.3106, 0.0001, -0.9506, -0.0454,0.0002, -1.0000, 0.0000, 1.4401,0.0000, 0.0000, 0.0000, 1.0000///Spine2
HLP_R_Shldr_F__offset///-0.9713, -0.1528, 0.1821, -0.1237,0.1827, 0.0104, 0.9831, -0.0427,-0.1521, 0.9882, 0.0178, 1.5085,0.0000, 0.0000, 0.0000, 1.0000///HLP_R_CollarBone__offset
R_Shldr_F1__null///-0.9713, -0.1528, 0.1821, -0.2119,0.1827, 0.0104, 0.9831, -0.0261,-0.1521, 0.9882, 0.0178, 1.4947,0.0000, 0.0000, 0.0000, 1.0000///HLP_R_Shldr_F__offset
HLP_R_CollarBone_up__offset///-0.9506, -0.0002, -0.3106, -0.0091,0.3106, 0.0001, -0.9506, -0.0453,0.0002, -1.0000, 0.0000, 1.4401,0.0000, 0.0000, 0.0000, 1.0000///HLP_R_CollarBone__offset
R_CollarBone1__null///-0.9506, -0.0002, -0.3106, -0.1730,0.3106, 0.0001, -0.9506, 0.0082,0.0002, -1.0000, 0.0000, 1.4401,0.0000, 0.0000, 0.0000, 1.0000///HLP_R_CollarBone__offset
HLP_L_Pectoral__offset///0.9697, -0.2370, 0.0586, 0.0001,0.0569, -0.0139, -0.9983, -0.0172,0.2374, 0.9714, 0.0000, 1.3681,0.0000, 0.0000, 0.0000, 1.0000///Spine2
L_Pectoral__null///0.9697, -0.2370, 0.0586, 0.1761,0.0569, -0.0139, -0.9983, -0.0069,0.2374, 0.9714, 0.0000, 1.4112,0.0000, 0.0000, 0.0000, 1.0000///HLP_L_Pectoral__offset
HLP_L_Pectoral_side__offset///0.9697, -0.2370, 0.0586, 0.0001,0.0569, -0.0139, -0.9983, -0.0172,0.2374, 0.9714, 0.0000, 1.3682,0.0000, 0.0000, 0.0000, 1.0000///HLP_L_Pectoral__offset
HLP_R_Pectoral__offset///-0.9697, 0.2370, 0.0586, -0.0001,0.0569, -0.0139, 0.9983, -0.0172,0.2374, 0.9714, 0.0000, 1.3681,0.0000, 0.0000, 0.0000, 1.0000///Spine2
R_Pectoral__null///-0.9697, 0.2370, 0.0586, -0.1761,0.0569, -0.0139, 0.9983, -0.0069,0.2374, 0.9714, 0.0000, 1.4112,0.0000, 0.0000, 0.0000, 1.0000///HLP_R_Pectoral__offset
HLP_R_Pectoral_side__offset///-0.9697, 0.2370, 0.0586, -0.0001,0.0569, -0.0139, 0.9983, -0.0172,0.2374, 0.9714, 0.0000, 1.3682,0.0000, 0.0000, 0.0000, 1.0000///HLP_R_Pectoral__offset
Spine2__offset///0.0000, -0.0000, 1.0000, 0.0000,-0.0000, -1.0000, -0.0000, 0.0000,1.0000, -0.0000, -0.0000, 1.2403,0.0000, 0.0000, 0.0000, 1.0000///Spine2
Spine2_breast__offset///0.0000, -0.0000, 1.0000, 0.0000,-0.0000, -1.0000, -0.0000, 0.0001,1.0000, -0.0000, -0.0000, 1.2758,0.0000, 0.0000, 0.0000, 1.0000///Spine2__offset
Spine2up__offset///0.0000, -0.0000, 1.0000, 0.0000,-0.0000, -1.0000, -0.0000, 0.0000,1.0000, -0.0000, -0.0000, 1.2404,0.0000, 0.0000, 0.0000, 1.0000///Spine2__offset
Spine2_offset_OPT008///0.0000, 0.0000, 1.0000, -0.0000,0.1420, 0.9899, -0.0000, 0.0837,-0.9899, 0.1420, 0.0000, 1.2695,0.0000, 0.0000, 0.0000, 1.0000///Spine2__offset
Spine2_offset_OPT009end///0.0000, 0.1419, 0.9899, -0.0000,0.0000, -0.9899, 0.1419, 0.0997,1.0000, 0.0000, -0.0000, 1.1582,0.0000, 0.0000, 0.0000, 1.0000///Spine2_offset_OPT008
Spine2_offset_OPT006///-0.0000, -0.0000, 1.0000, -0.0000,0.4495, 0.8933, 0.0000, 0.0719,-0.8933, 0.4495, -0.0000, 1.5218,0.0000, 0.0000, 0.0000, 1.0000///Spine2__offset
Spine2_offset_OPT007///-0.0000, 0.4494, 0.8933, -0.0000,0.0000, -0.8933, 0.4494, 0.1011,1.0000, 0.0000, -0.0000, 1.4638,0.0000, 0.0000, 0.0000, 1.0000///Spine2_offset_OPT006
Spine2side__offset///0.0000, -0.0000, 1.0000, 0.0000,-0.0000, -1.0000, -0.0000, 0.0000,1.0000, -0.0000, -0.0000, 1.2402,0.0000, 0.0000, 0.0000, 1.0000///Spine2
OPT0_bustL///0.3127, -0.0846, -0.9461, 0.0200,-0.9461, 0.0601, -0.3181, 0.0709,0.0838, 0.9946, -0.0612, 1.3021,0.0000, 0.0000, 0.0000, 1.0000///Spine2
OPT1_bustL///-0.3127, -0.0846, 0.9461, 0.1022,0.9461, 0.0601, 0.3181, -0.1778,-0.0838, 0.9946, 0.0612, 1.3241,0.0000, 0.0000, 0.0000, 1.0000///OPT0_bustL
OPT1_bustL_end///0.9983, -0.0464, 0.0341, 0.0704,0.0316, -0.0539, -0.9980, -0.0816,0.0482, 0.9975, -0.0523, 1.3155,0.0000, 0.0000, 0.0000, 1.0000///OPT1_bustL
OPT2_bustR///0.3127, -0.0845, -0.9461, -0.0198,0.9461, -0.0601, 0.3181, 0.0709,-0.0838, -0.9946, 0.0612, 1.3021,0.0000, 0.0000, 0.0000, 1.0000///Spine2
OPT3_bustR///-0.3127, -0.0845, 0.9461, -0.1020,-0.9461, -0.0601, -0.3181, -0.1778,0.0838, -0.9946, -0.0612, 1.3241,0.0000, 0.0000, 0.0000, 1.0000///OPT2_bustR
OPT1_bustR_end///0.9983, -0.0464, 0.0341, -0.0702,-0.0316, 0.0539, 0.9980, -0.0816,-0.0481, -0.9975, 0.0523, 1.3156,0.0000, 0.0000, 0.0000, 1.0000///OPT3_bustR
SWG_OPT0_bustL__swing///0.3127, -0.9139, 0.2588, 0.0200,-0.9461, -0.3238, 0.0000, 0.0709,0.0838, -0.2448, -0.9659, 1.3021,0.0000, 0.0000, 0.0000, 1.0000///Spine2
SWG_OPT1_bustL__swing///-0.3127, 0.2406, 0.9189, 0.1022,0.9461, 0.1642, 0.2790, -0.1778,-0.0838, 0.9566, -0.2790, 1.3241,0.0000, 0.0000, 0.0000, 1.0000///SWG_OPT0_bustL__swing
SWG_OPT_bustL__null///0.3127, -0.2406, 0.9189, 0.0704,-0.9461, -0.1642, 0.2790, -0.0816,0.0838, -0.9566, -0.2790, 1.3155,0.0000, 0.0000, 0.0000, 1.0000///SWG_OPT1_bustL__swing
SWG_OPT2_bustR__swing///-0.3127, -0.9139, -0.2588, -0.0198,-0.9461, 0.3238, 0.0000, 0.0709,0.0838, 0.2448, -0.9659, 1.3021,0.0000, 0.0000, 0.0000, 1.0000///Spine2
SWG_OPT3_bustR__swing///0.3127, -0.2406, 0.9189, -0.1020,0.9461, 0.1642, -0.2790, -0.1778,-0.0838, 0.9566, 0.2790, 1.3241,0.0000, 0.0000, 0.0000, 1.0000///SWG_OPT2_bustR__swing
SWG_OPT_bustR__null///-0.3127, 0.2406, 0.9189, -0.0702,-0.9461, -0.1642, -0.2790, -0.0816,0.0838, -0.9566, 0.2790, 1.3156,0.0000, 0.0000, 0.0000, 1.0000///SWG_OPT3_bustR__swing
Spine1__offset///0.0000, -0.0000, 1.0000, 0.0000,-0.0000, -1.0000, -0.0000, 0.0000,1.0000, -0.0000, -0.0000, 1.1223,0.0000, 0.0000, 0.0000, 1.0000///Spine1
Spine1_front__offset///0.0000, -0.0000, 1.0000, 0.0000,-0.0000, -1.0000, -0.0000, 0.0000,1.0000, -0.0000, -0.0000, 1.1225,0.0000, 0.0000, 0.0000, 1.0000///Spine1
Hip///-0.0000, -0.0000, 1.0000, 0.0000,-0.0000, 1.0000, 0.0000, 0.0000,-1.0000, 0.0000, -0.0000, 1.1224,0.0000, 0.0000, 0.0000, 1.0000///BASE
L_UpLeg///0.0000, 0.0000, 1.0000, 0.0976,-0.0001, 1.0000, -0.0000, -0.0000,-1.0000, -0.0001, 0.0000, 0.9662,0.0000, 0.0000, 0.0000, 1.0000///Hip
L_Leg///0.0000, 0.0000, 1.0000, 0.0976,0.0001, 1.0000, -0.0000, -0.0000,-1.0000, 0.0001, 0.0000, 0.5368,0.0000, 0.0000, 0.0000, 1.0000///L_UpLeg
L_Foot///-0.0000, 0.0000, 1.0000, 0.0976,0.0000, 1.0000, -0.0000, -0.0000,-1.0000, 0.0000, -0.0000, 0.1269,0.0000, 0.0000, 0.0000, 1.0000///L_Leg
L_Toe///-0.0000, -0.0000, 1.0000, 0.0976,-1.0000, 0.0000, -0.0000, -0.1494,0.0000, -1.0000, -0.0000, 0.0295,0.0000, 0.0000, 0.0000, 1.0000///L_Foot
L_Toe1__null///-0.0000, 0.0000, 1.0000, 0.0976,-1.0000, 0.0000, -0.0000, -0.2762,0.0000, -1.0000, 0.0000, 0.0295,0.0000, 0.0000, 0.0000, 1.0000///L_Toe
L_Toe__offset///-0.0000, -0.0000, 1.0000, 0.0976,-1.0000, 0.0000, -0.0000, -0.1495,0.0000, -1.0000, -0.0000, 0.0295,0.0000, 0.0000, 0.0000, 1.0000///L_Toe
ATH_L_Toe_Btm///1.0000, 0.0000, 0.0000, 0.0976,-0.0000, 1.0000, -0.0000, -0.1562,-0.0000, 0.0000, 1.0000, 0.0051,0.0000, 0.0000, 0.0000, 1.0000///L_Toe
L_Foot__offset///-0.0000, 0.0000, 1.0000, 0.0976,0.0000, 1.0000, -0.0000, -0.0000,-1.0000, 0.0000, -0.0000, 0.1268,0.0000, 0.0000, 0.0000, 1.0000///L_Foot
L_Ankle__offset///-0.0000, 0.0000, 1.0000, 0.0976,0.0000, 1.0000, -0.0000, -0.0000,-1.0000, 0.0000, -0.0000, 0.1270,0.0000, 0.0000, 0.0000, 1.0000///L_Foot
ATH_L_Foot_Btm///1.0000, 0.0000, 0.0000, 0.0976,-0.0000, 1.0000, 0.0000, -0.0000,-0.0000, -0.0000, 1.0000, -0.0000,0.0000, 0.0000, 0.0000, 1.0000///L_Foot
L_Calf_Slide__offset///1.0000, -0.0000, -0.0000, 0.0976,-0.0000, -0.0001, -1.0000, -0.0000,0.0000, 1.0000, -0.0001, 0.3318,0.0000, 0.0000, 0.0000, 1.0000///L_Leg
L_Leg__offset///0.0000, 0.0000, 1.0000, 0.0976,0.0001, 1.0000, -0.0000, -0.0000,-1.0000, 0.0001, 0.0000, 0.5367,0.0000, 0.0000, 0.0000, 1.0000///L_Leg
HLP_L_Knee__offset///0.0000, 0.0000, 1.0000, 0.0976,0.0000, 1.0000, -0.0000, -0.0196,-1.0000, 0.0000, 0.0000, 0.5368,0.0000, 0.0000, 0.0000, 1.0000///L_UpLeg
HLP_L_UpLeg_Top__offset///0.0000, -0.0000, 1.0000, 0.0976,0.0000, 1.0000, 0.0000, -0.0000,-1.0000, 0.0000, 0.0000, 0.9663,0.0000, 0.0000, 0.0000, 1.0000///L_UpLeg
HLP_L_UpLeg_Mid__offset///0.0000, 0.0000, 1.0000, 0.0976,-0.0000, 1.0000, -0.0000, -0.0000,-1.0000, -0.0000, 0.0000, 0.7710,0.0000, 0.0000, 0.0000, 1.0000///L_UpLeg
L_Thigh_Slide__offset///1.0000, -0.0000, -0.0000, 0.0976,-0.0000, 0.0001, -1.0000, -0.0010,0.0000, 1.0000, 0.0001, 0.7515,0.0000, 0.0000, 0.0000, 1.0000///L_UpLeg
L_UpLeg__offset///0.0000, 0.0000, 1.0000, 0.0976,-0.0001, 1.0000, -0.0000, -0.0000,-1.0000, -0.0001, 0.0000, 0.9661,0.0000, 0.0000, 0.0000, 1.0000///L_UpLeg
R_UpLeg///0.0000, 0.0000, 1.0000, -0.0976,-0.0001, 1.0000, 0.0000, -0.0000,-1.0000, -0.0001, 0.0000, 0.9662,0.0000, 0.0000, 0.0000, 1.0000///Hip
R_Leg///0.0000, 0.0000, 1.0000, -0.0976,0.0001, 1.0000, -0.0000, -0.0000,-1.0000, 0.0001, 0.0000, 0.5368,0.0000, 0.0000, 0.0000, 1.0000///R_UpLeg
R_Foot///0.0013, 0.0000, 1.0000, -0.0976,0.0000, 1.0000, -0.0000, -0.0000,-1.0000, 0.0000, 0.0013, 0.1269,0.0000, 0.0000, 0.0000, 1.0000///R_Leg
R_Toe///-0.0000, 0.0013, 1.0000, -0.0975,-1.0000, 0.0000, -0.0000, -0.1494,-0.0000, -1.0000, 0.0013, 0.0295,0.0000, 0.0000, 0.0000, 1.0000///R_Foot
R_Toe1__null///-0.0000, 0.0013, 1.0000, -0.0975,-1.0000, 0.0000, -0.0000, -0.2762,0.0000, -1.0000, 0.0013, 0.0295,0.0000, 0.0000, 0.0000, 1.0000///R_Toe
R_Toe__offset///-0.0000, 0.0013, 1.0000, -0.0975,-1.0000, 0.0000, -0.0000, -0.1495,-0.0000, -1.0000, 0.0013, 0.0295,0.0000, 0.0000, 0.0000, 1.0000///R_Toe
ATH_R_Toe_Btm///1.0000, 0.0000, 0.0000, -0.0974,-0.0000, 1.0000, 0.0000, -0.1562,-0.0000, -0.0000, 1.0000, 0.0051,0.0000, 0.0000, 0.0000, 1.0000///R_Toe
R_Foot__offset///0.0013, 0.0000, 1.0000, -0.0976,0.0000, 1.0000, -0.0000, -0.0000,-1.0000, 0.0000, 0.0013, 0.1268,0.0000, 0.0000, 0.0000, 1.0000///R_Foot
R_Ankle__offset///-0.0013, 0.0000, 1.0000, -0.0976,-0.0000, -1.0000, -0.0000, -0.0000,1.0000, -0.0000, 0.0013, 0.1270,0.0000, 0.0000, 0.0000, 1.0000///R_Foot
ATH_R_Foot_Btm///1.0000, 0.0000, 0.0000, -0.0974,-0.0000, 1.0000, 0.0000, -0.0000,-0.0000, -0.0000, 1.0000, 0.0000,0.0000, 0.0000, 0.0000, 1.0000///R_Foot
R_Calf_Slide__offset///1.0000, -0.0000, 0.0000, -0.0976,0.0000, -0.0001, -1.0000, -0.0000,0.0000, 1.0000, -0.0001, 0.3318,0.0000, 0.0000, 0.0000, 1.0000///R_Leg
R_Leg__offset///0.0000, 0.0000, 1.0000, -0.0976,0.0001, 1.0000, -0.0000, -0.0000,-1.0000, 0.0001, 0.0000, 0.5367,0.0000, 0.0000, 0.0000, 1.0000///R_Leg
HLP_R_Knee__offset///0.0000, 0.0000, 1.0000, -0.0976,0.0000, 1.0000, -0.0000, -0.0196,-1.0000, 0.0000, 0.0000, 0.5368,0.0000, 0.0000, 0.0000, 1.0000///R_UpLeg
HLP_R_UpLeg_Top__offset///0.0000, -0.0000, 1.0000, -0.0976,0.0000, 1.0000, 0.0000, -0.0000,-1.0000, 0.0000, 0.0000, 0.9663,0.0000, 0.0000, 0.0000, 1.0000///R_UpLeg
HLP_R_UpLeg_Mid__offset///0.0000, -0.0000, 1.0000, -0.0976,-0.0000, 1.0000, 0.0000, -0.0000,-1.0000, -0.0000, 0.0000, 0.7710,0.0000, 0.0000, 0.0000, 1.0000///R_UpLeg
R_Thigh_Slide__offset///1.0000, -0.0000, 0.0000, -0.0976,0.0000, 0.0001, -1.0000, -0.0010,0.0000, 1.0000, 0.0001, 0.7515,0.0000, 0.0000, 0.0000, 1.0000///R_UpLeg
R_UpLeg__offset///0.0000, 0.0000, 1.0000, -0.0976,-0.0001, 1.0000, 0.0000, -0.0000,-1.0000, -0.0001, 0.0000, 0.9661,0.0000, 0.0000, 0.0000, 1.0000///R_UpLeg
HLP_L_Butt__offset///0.0000, -0.0000, 1.0000, 0.0977,0.0000, 1.0000, 0.0000, 0.0001,-1.0000, 0.0000, 0.0000, 0.9661,0.0000, 0.0000, 0.0000, 1.0000///Hip
HLP_R_Butt__offset///0.0000, -0.0000, 1.0000, -0.0977,0.0000, 1.0000, 0.0000, 0.0001,-1.0000, 0.0000, 0.0000, 0.9661,0.0000, 0.0000, 0.0000, 1.0000///Hip
HLP_L_Inguinal__offset///-0.1165, -0.0101, -0.9932, 0.1630,0.0867, -0.9962, -0.0000, -0.0487,-0.9894, -0.0861, 0.1169, 1.0921,0.0000, 0.0000, 0.0000, 1.0000///Hip
L_Inguinal1__null///-0.1165, -0.0101, -0.9932, 0.1289,0.0867, -0.9962, -0.0000, -0.0233,-0.9894, -0.0861, 0.1169, 0.8024,0.0000, 0.0000, 0.0000, 1.0000///HLP_L_Inguinal__offset
HLP_R_Inguinal__offset///0.1165, 0.0101, -0.9932, -0.1630,0.0867, -0.9962, -0.0000, -0.0487,-0.9894, -0.0861, -0.1169, 1.0921,0.0000, 0.0000, 0.0000, 1.0000///Hip
R_Inguinal__null///0.1165, 0.0101, -0.9932, -0.1289,0.0867, -0.9962, -0.0000, -0.0233,-0.9894, -0.0861, -0.1169, 0.8024,0.0000, 0.0000, 0.0000, 1.0000///HLP_R_Inguinal__offset
Hip__offset///-0.0000, -0.0000, 1.0000, 0.0000,-0.0000, 1.0000, 0.0000, 0.0000,-1.0000, 0.0000, -0.0000, 1.1225,0.0000, 0.0000, 0.0000, 1.0000///Hip
Hip_front__offset///-0.0000, -0.0000, 1.0000, -0.0000,-0.0000, 1.0000, 0.0000, 0.0000,-1.0000, 0.0000, -0.0000, 1.1223,0.0000, 0.0000, 0.0000, 1.0000///Hip
EDIT__null///1.0000, 0.0000, 0.0000, 0.0014,0.0000, 1.0000, 0.0000, 0.0000,0.0000, 0.0000, 1.0000, -0.0000,0.0000, 0.0000, 0.0000, 1.0000///MODEL_00
Deform__null///1.0000, 0.0000, 0.0000, 0.0083,0.0000, 1.0000, 0.0000, 0.0015,0.0000, 0.0000, 1.0000, -0.0002,0.0000, 0.0000, 0.0000, 1.0000///EDIT__null
