MODEL_00///1.0000, 0.0000, 0.0000, 0.0000,0.0000, 1.0000, -0.0000, 0.0000,0.0000, 0.0000, 1.0000, 0.0000,0.0000, 0.0000, 0.0000, 1.0000///
BODY_SCALE__group///1.0000, 0.0000, 0.0000, 0.0000,0.0000, 0.0000, -1.0000, 0.0000,0.0000, 1.0000, 0.0000, 0.0000,0.0000, 0.0000, 0.0000, 1.0000///MODEL_00
Base///1.0000, 0.0000, 0.0000, 0.0000,0.0000, 0.0000, -1.0000, 0.0000,0.0000, 1.0000, 0.0000, 1.1500,0.0000, 0.0000, 0.0000, 1.0000///BODY_SCALE__group
Spine1///0.0000, -0.0000, 1.0000, 0.0000,-0.0000, -1.0000, -0.0000, 0.0000,1.0000, -0.0000, -0.0000, 1.1500,0.0000, 0.0000, 0.0000, 1.0000///Base
Spine2///0.0000, -0.0000, 1.0000, 0.0000,-0.0000, -1.0000, -0.0000, 0.0000,1.0000, -0.0000, -0.0000, 1.2774,0.0000, 0.0000, 0.0000, 1.0000///Spine1
Neck///0.0000, -0.0000, 1.0000, 0.0000,-0.0000, -1.0000, -0.0000, 0.0000,1.0000, -0.0000, -0.0000, 1.5126,0.0000, 0.0000, 0.0000, 1.0000///Spine2
HEAD///0.0000, 1.0000, -0.0000, 0.0000,-1.0000, 0.0000, -0.0000, 0.0000,-0.0000, 0.0000, 1.0000, 1.6449,0.0000, 0.0000, 0.0000, 1.0000///Neck
Head__offset///-0.0000, 1.0000, -0.0000, 0.0000,-1.0000, -0.0000, 0.0003, 0.0000,0.0003, 0.0000, 1.0000, 1.6450,0.0000, 0.0000, 0.0000, 1.0000///HEAD
ATH_Head_Top///1.0000, 0.0000, 0.0000, -0.0000,-0.0000, 1.0000, -0.0000, 0.0000,-0.0000, 0.0000, 1.0000, 1.8182,0.0000, 0.0000, 0.0000, 1.0000///HEAD
L_Mayu2_Joint///1.0000, 0.0000, -0.0000, 0.0395,-0.0000, 0.0000, -1.0000, -0.1166,0.0000, 1.0000, 0.0000, 1.7068,0.0000, 0.0000, 0.0000, 1.0000///HEAD
L_Mayu3_Joint///1.0000, 0.0000, -0.0000, 0.0581,-0.0000, 0.0000, -1.0000, -0.0978,-0.0000, 1.0000, 0.0000, 1.7056,0.0000, 0.0000, 0.0000, 1.0000///HEAD
L_Mayu1_Joint///1.0000, 0.0000, -0.0000, 0.0140,-0.0000, 0.0000, -1.0000, -0.1220,-0.0000, 1.0000, 0.0000, 1.6986,0.0000, 0.0000, 0.0000, 1.0000///HEAD
R_Mayu3_Joint///1.0000, 0.0000, -0.0000, -0.0581,-0.0000, 0.0000, -1.0000, -0.0978,0.0000, 1.0000, 0.0000, 1.7056,0.0000, 0.0000, 0.0000, 1.0000///HEAD
R_Mayu2_Joint///1.0000, 0.0000, -0.0000, -0.0395,-0.0000, 0.0000, -1.0000, -0.1166,0.0000, 1.0000, 0.0000, 1.7068,0.0000, 0.0000, 0.0000, 1.0000///HEAD
R_Mayu1_Joint///1.0000, 0.0000, -0.0000, -0.0140,-0.0000, 0.0000, -1.0000, -0.1220,-0.0000, 1.0000, 0.0000, 1.6986,0.0000, 0.0000, 0.0000, 1.0000///HEAD
R_Eyecorner///1.0000, 0.0000, -0.0000, -0.0484,-0.0000, 0.0000, -1.0000, -0.1011,0.0000, 1.0000, 0.0000, 1.6882,0.0000, 0.0000, 0.0000, 1.0000///HEAD
R_UwaMabuta_Joint///1.0000, 0.0000, -0.0000, -0.0295,-0.0000, 0.0000, -1.0000, -0.0944,-0.0000, 1.0000, 0.0000, 1.6845,0.0000, 0.0000, 0.0000, 1.0000///HEAD
R_UpEyelid1///1.0000, 0.0000, -0.0000, -0.0249,-0.0000, 0.0000, -1.0000, -0.1120,-0.0000, 1.0000, 0.0000, 1.6889,0.0000, 0.0000, 0.0000, 1.0000///R_UwaMabuta_Joint
R_UpEyelid2///1.0000, 0.0000, -0.0000, -0.0401,-0.0000, 0.0000, -1.0000, -0.1087,-0.0000, 1.0000, 0.0000, 1.6896,0.0000, 0.0000, 0.0000, 1.0000///R_UwaMabuta_Joint
L_UwaMabuta_Joint///1.0000, 0.0000, -0.0000, 0.0295,-0.0000, -0.0000, -1.0000, -0.0944,-0.0000, 1.0000, -0.0000, 1.6845,0.0000, 0.0000, 0.0000, 1.0000///HEAD
L_UpEyelid2///1.0000, 0.0000, 0.0000, 0.0401,0.0000, -0.0000, -1.0000, -0.1087,-0.0000, 1.0000, -0.0000, 1.6896,0.0000, 0.0000, 0.0000, 1.0000///L_UwaMabuta_Joint
L_UpEyelid1///1.0000, 0.0000, 0.0000, 0.0249,0.0000, -0.0000, -1.0000, -0.1120,-0.0000, 1.0000, -0.0000, 1.6889,0.0000, 0.0000, 0.0000, 1.0000///L_UwaMabuta_Joint
L_Eyecorner///1.0000, 0.0000, -0.0000, 0.0484,-0.0000, 0.0000, -1.0000, -0.1011,0.0000, 1.0000, 0.0000, 1.6882,0.0000, 0.0000, 0.0000, 1.0000///HEAD
L_Eye_Joint///1.0000, 0.0000, -0.0000, 0.0295,-0.0000, -0.0000, -1.0000, -0.0944,-0.0000, 1.0000, -0.0000, 1.6844,0.0000, 0.0000, 0.0000, 1.0000///HEAD
R_Eye_Joint///1.0000, 0.0000, -0.0000, -0.0295,-0.0000, 0.0000, -1.0000, -0.0944,-0.0000, 1.0000, 0.0000, 1.6844,0.0000, 0.0000, 0.0000, 1.0000///HEAD
R_SitaMabuta_Joint///1.0000, 0.0000, -0.0000, -0.0295,-0.0000, 0.0000, -1.0000, -0.0944,-0.0000, 1.0000, 0.0000, 1.6837,0.0000, 0.0000, 0.0000, 1.0000///HEAD
R_LowEyelid1///1.0000, 0.0000, -0.0000, -0.0271,-0.0000, 0.0000, -1.0000, -0.1108,-0.0000, 1.0000, 0.0000, 1.6772,0.0000, 0.0000, 0.0000, 1.0000///R_SitaMabuta_Joint
R_LowEyelid2///1.0000, 0.0000, -0.0000, -0.0415,-0.0000, 0.0000, -1.0000, -0.1069,-0.0000, 1.0000, 0.0000, 1.6796,0.0000, 0.0000, 0.0000, 1.0000///R_SitaMabuta_Joint
L_SitaMabuta_Joint///1.0000, 0.0000, -0.0000, 0.0295,-0.0000, 0.0000, -1.0000, -0.0944,-0.0000, 1.0000, 0.0000, 1.6837,0.0000, 0.0000, 0.0000, 1.0000///HEAD
L_LowEyelid2///1.0000, 0.0000, -0.0000, 0.0415,-0.0000, 0.0000, -1.0000, -0.1069,-0.0000, 1.0000, 0.0000, 1.6796,0.0000, 0.0000, 0.0000, 1.0000///L_SitaMabuta_Joint
L_LowEyelid1///1.0000, 0.0000, -0.0000, 0.0270,-0.0000, 0.0000, -1.0000, -0.1108,-0.0000, 1.0000, 0.0000, 1.6771,0.0000, 0.0000, 0.0000, 1.0000///L_SitaMabuta_Joint
L_Hoho_Joint///1.0000, 0.0000, -0.0000, 0.0544,-0.0000, 0.0000, -1.0000, -0.0998,0.0000, 1.0000, 0.0000, 1.6643,0.0000, 0.0000, 0.0000, 1.0000///HEAD
L_Hana_Joint///1.0000, 0.0000, -0.0000, 0.0144,-0.0000, 0.0000, -1.0000, -0.1161,-0.0000, 1.0000, 0.0000, 1.6642,0.0000, 0.0000, 0.0000, 1.0000///HEAD
R_Hana_Joint///1.0000, 0.0000, -0.0000, -0.0144,-0.0000, 0.0000, -1.0000, -0.1161,-0.0000, 1.0000, 0.0000, 1.6642,0.0000, 0.0000, 0.0000, 1.0000///HEAD
R_Hoho_Joint///1.0000, 0.0000, -0.0000, -0.0544,-0.0000, 0.0000, -1.0000, -0.0998,0.0000, 1.0000, 0.0000, 1.6643,0.0000, 0.0000, 0.0000, 1.0000///HEAD
L_Kobana_Joint///1.0000, 0.0000, -0.0000, 0.0111,-0.0000, 0.0000, -1.0000, -0.1192,-0.0000, 1.0000, 0.0000, 1.6465,0.0000, 0.0000, 0.0000, 1.0000///HEAD
R_Kobana_Joint///1.0000, 0.0000, -0.0000, -0.0111,-0.0000, 0.0000, -1.0000, -0.1192,-0.0000, 1.0000, 0.0000, 1.6465,0.0000, 0.0000, 0.0000, 1.0000///HEAD
L_Chobo_Joint///1.0000, 0.0000, -0.0000, 0.0562,-0.0000, 0.0000, -1.0000, -0.0747,0.0000, 1.0000, 0.0000, 1.6327,0.0000, 0.0000, 0.0000, 1.0000///HEAD
R_Chobo_Joint///1.0000, 0.0000, -0.0000, -0.0562,-0.0000, 0.0000, -1.0000, -0.0747,0.0000, 1.0000, 0.0000, 1.6327,0.0000, 0.0000, 0.0000, 1.0000///HEAD
L_LipU_Joint///1.0000, 0.0000, -0.0000, 0.0142,-0.0000, 0.0000, -1.0000, -0.1135,-0.0000, 1.0000, 0.0000, 1.6296,0.0000, 0.0000, 0.0000, 1.0000///HEAD
R_LipU_Joint///1.0000, 0.0000, -0.0000, -0.0142,-0.0000, 0.0000, -1.0000, -0.1135,-0.0000, 1.0000, 0.0000, 1.6296,0.0000, 0.0000, 0.0000, 1.0000///HEAD
M_LipU_Joint///1.0000, 0.0000, -0.0000, -0.0000,-0.0000, 0.0000, -1.0000, -0.1182,-0.0000, 1.0000, 0.0000, 1.6302,0.0000, 0.0000, 0.0000, 1.0000///HEAD
Jaw_Joint///1.0000, 0.0000, -0.0000, -0.0000,-0.0000, 0.0000, -1.0000, -0.0424,-0.0000, 1.0000, 0.0000, 1.6478,0.0000, 0.0000, 0.0000, 1.0000///HEAD
L_LipD_Joint///1.0000, 0.0000, -0.0000, 0.0135,-0.0000, 0.0000, -1.0000, -0.1093,-0.0000, 1.0000, 0.0000, 1.6129,0.0000, 0.0000, 0.0000, 1.0000///Jaw_Joint
R_LipD_Joint///1.0000, 0.0000, -0.0000, -0.0135,-0.0000, 0.0000, -1.0000, -0.1093,-0.0000, 1.0000, 0.0000, 1.6129,0.0000, 0.0000, 0.0000, 1.0000///Jaw_Joint
M_LipD_Joint///1.0000, 0.0000, -0.0000, -0.0000,-0.0000, 0.0000, -1.0000, -0.1134,-0.0000, 1.0000, 0.0000, 1.6121,0.0000, 0.0000, 0.0000, 1.0000///Jaw_Joint
L_LipE_Joint///1.0000, 0.0000, -0.0000, 0.0221,-0.0000, 0.0000, -1.0000, -0.1050,-0.0000, 1.0000, 0.0000, 1.6199,0.0000, 0.0000, 0.0000, 1.0000///Jaw_Joint
R_LipE_Joint///1.0000, -0.0000, -0.0000, -0.0221,-0.0000, 0.0000, -1.0000, -0.1050,0.0000, 1.0000, -0.0000, 1.6199,0.0000, 0.0000, 0.0000, 1.0000///Jaw_Joint
Bero1_Joint///-0.0002, 0.0008, -1.0000, -0.0000,-0.9772, -0.2124, 0.0000, -0.0661,-0.2124, 0.9772, 0.0008, 1.6249,0.0000, 0.0000, 0.0000, 1.0000///Jaw_Joint
Bero1_Joint_pos///-0.0000, 0.0000, -1.0000, -0.0000,-0.9588, -0.2841, -0.0000, -0.0841,-0.2841, 0.9588, 0.0000, 1.6224,0.0000, 0.0000, 0.0000, 1.0000///Bero1_Joint
Bero2_Joint///-0.0000, 0.0000, -1.0000, -0.0000,-0.9588, -0.2841, -0.0000, -0.0841,-0.2841, 0.9588, 0.0000, 1.6224,0.0000, 0.0000, 0.0000, 1.0000///Bero1_Joint_pos
Bero3_Joint///-0.0000, 0.0000, -1.0000, -0.0000,-0.9588, -0.2841, -0.0000, -0.1031,-0.2841, 0.9588, 0.0000, 1.6168,0.0000, 0.0000, 0.0000, 1.0000///Bero2_Joint
Neck__offset///0.0000, -0.0000, 1.0000, 0.0000,-0.0000, -1.0000, -0.0000, 0.0000,1.0000, -0.0000, -0.0000, 1.5125,0.0000, 0.0000, 0.0000, 1.0000///Neck
Neck_back__offset///0.0000, -0.0001, 1.0000, 0.0000,0.0001, -1.0000, -0.0001, 0.0000,1.0000, 0.0001, -0.0000, 1.5127,0.0000, 0.0000, 0.0000, 1.0000///Neck
L_Shoulder///1.0000, 0.0000, -0.0000, 0.0980,-0.0000, 0.0000, -1.0000, 0.0000,-0.0000, 1.0000, -0.0000, 1.4930,0.0000, 0.0000, 0.0000, 1.0000///Spine2
L_Arm///1.0000, -0.0000, -0.0000, 0.1995,0.0000, 1.0000, 0.0000, 0.0000,0.0000, -0.0000, 1.0000, 1.4930,0.0000, 0.0000, 0.0000, 1.0000///L_Shoulder
L_ForeArm///1.0000, 0.0000, -0.0000, 0.4935,-0.0000, 1.0000, 0.0000, 0.0000,0.0000, -0.0000, 1.0000, 1.4930,0.0000, 0.0000, 0.0000, 1.0000///L_Arm
L_Hand///1.0000, 0.0000, -0.0000, 0.7189,-0.0000, 0.0000, -1.0000, 0.0000,0.0000, 1.0000, 0.0000, 1.4930,0.0000, 0.0000, 0.0000, 1.0000///L_ForeArm
L_FingerBase///1.0000, 0.0000, -0.0000, 0.7234,-0.0000, 0.0000, -1.0000, -0.0178,0.0000, 1.0000, 0.0000, 1.4930,0.0000, 0.0000, 0.0000, 1.0000///L_Hand
L_Middle///1.0000, 0.0000, -0.0000, 0.7234,-0.0000, 0.0000, -1.0000, -0.0089,0.0000, 1.0000, 0.0000, 1.4930,0.0000, 0.0000, 0.0000, 1.0000///L_FingerBase
L_Ring///1.0000, 0.0000, -0.0000, 0.7234,-0.0000, 0.0000, -1.0000, 0.0000,0.0000, 1.0000, 0.0000, 1.4930,0.0000, 0.0000, 0.0000, 1.0000///L_Middle
L_Pinky///1.0000, 0.0000, -0.0000, 0.7234,-0.0000, 0.0000, -1.0000, 0.0089,0.0000, 1.0000, 0.0000, 1.4930,0.0000, 0.0000, 0.0000, 1.0000///L_Ring
L_Pinky1///1.0000, 0.0000, -0.0000, 0.8152,-0.0000, 0.0000, -1.0000, 0.0343,0.0000, 1.0000, 0.0000, 1.4944,0.0000, 0.0000, 0.0000, 1.0000///L_Pinky
L_Pinky2///1.0000, 0.0000, -0.0000, 0.8580,-0.0000, 0.0000, -1.0000, 0.0343,0.0000, 1.0000, 0.0000, 1.4944,0.0000, 0.0000, 0.0000, 1.0000///L_Pinky1
L_Pinky3///1.0000, 0.0000, -0.0000, 0.8774,-0.0000, 0.0000, -1.0000, 0.0343,0.0000, 1.0000, 0.0000, 1.4944,0.0000, 0.0000, 0.0000, 1.0000///L_Pinky2
L_Pinky4__null///1.0000, 0.0000, -0.0000, 0.9041,-0.0000, 0.0000, -1.0000, 0.0343,0.0000, 1.0000, 0.0000, 1.4944,0.0000, 0.0000, 0.0000, 1.0000///L_Pinky3
L_Ring1///1.0000, 0.0000, -0.0000, 0.8270,-0.0000, 0.0000, -1.0000, 0.0128,0.0000, 1.0000, 0.0000, 1.4961,0.0000, 0.0000, 0.0000, 1.0000///L_Ring
L_Ring2///1.0000, 0.0000, -0.0000, 0.8744,-0.0000, 0.0000, -1.0000, 0.0128,0.0000, 1.0000, 0.0000, 1.4961,0.0000, 0.0000, 0.0000, 1.0000///L_Ring1
L_Ring3///1.0000, 0.0000, -0.0000, 0.9024,-0.0000, 0.0000, -1.0000, 0.0128,0.0000, 1.0000, 0.0000, 1.4961,0.0000, 0.0000, 0.0000, 1.0000///L_Ring2
L_Ring4__null///1.0000, 0.0000, -0.0000, 0.9291,-0.0000, 0.0000, -1.0000, 0.0128,0.0000, 1.0000, 0.0000, 1.4961,0.0000, 0.0000, 0.0000, 1.0000///L_Ring3
L_Middle1///1.0000, 0.0000, -0.0000, 0.8302,-0.0000, 0.0000, -1.0000, -0.0114,0.0000, 1.0000, 0.0000, 1.4978,0.0000, 0.0000, 0.0000, 1.0000///L_Middle
L_Middle2///1.0000, 0.0000, -0.0000, 0.8823,-0.0000, 0.0000, -1.0000, -0.0114,0.0000, 1.0000, 0.0000, 1.4978,0.0000, 0.0000, 0.0000, 1.0000///L_Middle1
L_Middle3///1.0000, 0.0000, -0.0000, 0.9127,-0.0000, 0.0000, -1.0000, -0.0114,0.0000, 1.0000, 0.0000, 1.4978,0.0000, 0.0000, 0.0000, 1.0000///L_Middle2
L_Middle4__null///1.0000, 0.0000, -0.0000, 0.9394,-0.0000, 0.0000, -1.0000, -0.0114,0.0000, 1.0000, 0.0000, 1.4978,0.0000, 0.0000, 0.0000, 1.0000///L_Middle3
L_Index1///1.0000, 0.0000, -0.0000, 0.8302,-0.0000, 0.0000, -1.0000, -0.0367,0.0000, 1.0000, 0.0000, 1.4978,0.0000, 0.0000, 0.0000, 1.0000///L_FingerBase
L_Index2///1.0000, 0.0000, -0.0000, 0.8796,-0.0000, 0.0000, -1.0000, -0.0367,0.0000, 1.0000, 0.0000, 1.4978,0.0000, 0.0000, 0.0000, 1.0000///L_Index1
L_Index3///1.0000, 0.0000, -0.0000, 0.9081,-0.0000, 0.0000, -1.0000, -0.0367,0.0000, 1.0000, 0.0000, 1.4978,0.0000, 0.0000, 0.0000, 1.0000///L_Index2
L_Index4__null///1.0000, 0.0000, -0.0000, 0.9349,-0.0000, 0.0000, -1.0000, -0.0367,0.0000, 1.0000, 0.0000, 1.4978,0.0000, 0.0000, 0.0000, 1.0000///L_Index3
L_Thumb1///0.8053, -0.2750, -0.5252, 0.7406,-0.5122, -0.7689, -0.3827, -0.0398,-0.2986, 0.5772, -0.7600, 1.4800,0.0000, 0.0000, 0.0000, 1.0000///L_FingerBase
L_Thumb2///0.8053, -0.2750, -0.5252, 0.7872,-0.5122, -0.7689, -0.3827, -0.0694,-0.2986, 0.5772, -0.7600, 1.4627,0.0000, 0.0000, 0.0000, 1.0000///L_Thumb1
L_Thumb3///0.8053, -0.2750, -0.5252, 0.8153,-0.5122, -0.7689, -0.3827, -0.0873,-0.2986, 0.5772, -0.7600, 1.4523,0.0000, 0.0000, 0.0000, 1.0000///L_Thumb2
L_Thumb4__null///0.8053, -0.2750, -0.5252, 0.8369,-0.5122, -0.7689, -0.3827, -0.1010,-0.2986, 0.5772, -0.7600, 1.4443,0.0000, 0.0000, 0.0000, 1.0000///L_Thumb3
HLP_L_ForeArm_Mid__offset///1.0000, -0.0000, -0.0000, 0.6209,-0.0000, 0.0000, -1.0000, 0.0000,0.0000, 1.0000, 0.0000, 1.4930,0.0000, 0.0000, 0.0000, 1.0000///L_ForeArm
HLP_L_ForeArm_Btm__offset///1.0000, 0.0000, -0.0000, 0.6993,-0.0000, 0.0000, -1.0000, 0.0000,0.0000, 1.0000, 0.0000, 1.4930,0.0000, 0.0000, 0.0000, 1.0000///L_ForeArm
HLP_L_Elbow__offset///1.0000, 0.0000, -0.0000, 0.4935,-0.0000, 1.0000, 0.0000, 0.0276,0.0000, -0.0000, 1.0000, 1.4930,0.0000, 0.0000, 0.0000, 1.0000///L_ForeArm
L_ForeArm_Slide__offset///1.0000, -0.0000, -0.0000, 0.5991,0.0000, 1.0000, 0.0000, 0.0000,0.0000, -0.0000, 1.0000, 1.4930,0.0000, 0.0000, 0.0000, 1.0000///L_ForeArm
L_ForeArm__offset///1.0000, 0.0000, -0.0000, 0.4936,-0.0000, 1.0000, 0.0000, 0.0000,0.0000, -0.0000, 1.0000, 1.4930,0.0000, 0.0000, 0.0000, 1.0000///L_ForeArm
HLP_L_Arm_Top__offset///1.0000, 0.0000, 0.0000, 0.1996,0.0000, 1.0000, 0.0000, 0.0000,-0.0000, 0.0000, 1.0000, 1.4930,0.0000, 0.0000, 0.0000, 1.0000///L_Arm
HLP_L_Arm_Mid__offset///1.0000, -0.0000, -0.0000, 0.3366,0.0000, 1.0000, 0.0000, 0.0000,0.0000, -0.0000, 1.0000, 1.4930,0.0000, 0.0000, 0.0000, 1.0000///L_Arm
L_Bicep_Slide__offset///1.0000, -0.0000, -0.0000, 0.3558,0.0000, 1.0000, 0.0000, -0.0014,0.0000, -0.0000, 1.0000, 1.4930,0.0000, 0.0000, 0.0000, 1.0000///L_Arm
L_Tricep_Slide__offset///1.0000, -0.0000, -0.0000, 0.3558,0.0000, 1.0000, 0.0000, 0.0004,0.0000, -0.0000, 1.0000, 1.4930,0.0000, 0.0000, 0.0000, 1.0000///L_Arm
L_Arm_Btm__offset///1.0000, -0.0000, -0.0000, 0.4934,0.0000, 1.0000, 0.0000, 0.0000,0.0000, -0.0000, 1.0000, 1.4930,0.0000, 0.0000, 0.0000, 1.0000///L_Arm
HLP_L_ShldrBlade__offset///1.0000, -0.0000, -0.0000, 0.1446,0.0000, 1.0000, 0.0000, -0.0009,0.0000, -0.0000, 1.0000, 1.4744,0.0000, 0.0000, 0.0000, 1.0000///L_Shoulder
HLP_L_Shldr_B__offset///1.0000, -0.0000, -0.0000, 0.1995,0.0000, 1.0000, 0.0000, 0.0000,0.0000, -0.0000, 1.0000, 1.4930,0.0000, 0.0000, 0.0000, 1.0000///L_Shoulder
R_Shoulder///-1.0000, -0.0000, -0.0000, -0.0980,0.0000, 0.0000, -1.0000, 0.0000,0.0000, -1.0000, -0.0000, 1.4930,0.0000, 0.0000, 0.0000, 1.0000///Spine2
R_Arm///-1.0000, 0.0000, 0.0000, -0.1995,0.0000, 1.0000, -0.0000, 0.0000,-0.0000, -0.0000, -1.0000, 1.4930,0.0000, 0.0000, 0.0000, 1.0000///R_Shoulder
R_ForeArm///-1.0000, -0.0000, 0.0000, -0.4935,-0.0000, 1.0000, -0.0000, 0.0000,-0.0000, -0.0000, -1.0000, 1.4930,0.0000, 0.0000, 0.0000, 1.0000///R_Arm
R_Hand///-1.0000, 0.0000, 0.0000, -0.7189,-0.0000, -0.0000, -1.0000, 0.0000,0.0000, -1.0000, 0.0000, 1.4930,0.0000, 0.0000, 0.0000, 1.0000///R_ForeArm
R_FingerBase///-1.0000, -0.0000, 0.0000, -0.7234,-0.0000, -0.0000, -1.0000, -0.0178,0.0000, -1.0000, 0.0000, 1.4930,0.0000, 0.0000, 0.0000, 1.0000///R_Hand
R_Middle///-1.0000, -0.0000, 0.0000, -0.7234,-0.0000, -0.0000, -1.0000, -0.0089,0.0000, -1.0000, 0.0000, 1.4930,0.0000, 0.0000, 0.0000, 1.0000///R_FingerBase
R_Ring///-1.0000, -0.0000, 0.0000, -0.7234,-0.0000, -0.0000, -1.0000, 0.0000,0.0000, -1.0000, 0.0000, 1.4930,0.0000, 0.0000, 0.0000, 1.0000///R_Middle
R_Pinky///-1.0000, -0.0000, 0.0000, -0.7234,-0.0000, -0.0000, -1.0000, 0.0089,0.0000, -1.0000, 0.0000, 1.4930,0.0000, 0.0000, 0.0000, 1.0000///R_Ring
R_Pinky1///-1.0000, 0.0000, 0.0000, -0.8152,-0.0000, -0.0000, -1.0000, 0.0343,0.0000, -1.0000, 0.0000, 1.4944,0.0000, 0.0000, 0.0000, 1.0000///R_Pinky
R_Pinky2///-1.0000, 0.0000, 0.0000, -0.8580,-0.0000, -0.0000, -1.0000, 0.0343,0.0000, -1.0000, 0.0000, 1.4944,0.0000, 0.0000, 0.0000, 1.0000///R_Pinky1
R_Pinky3///-1.0000, 0.0000, 0.0000, -0.8774,-0.0000, -0.0000, -1.0000, 0.0343,0.0000, -1.0000, 0.0000, 1.4944,0.0000, 0.0000, 0.0000, 1.0000///R_Pinky2
R_Pinky4__null///-1.0000, 0.0000, 0.0000, -0.9041,-0.0000, -0.0000, -1.0000, 0.0343,0.0000, -1.0000, 0.0000, 1.4944,0.0000, 0.0000, 0.0000, 1.0000///R_Pinky3
R_Ring1///-1.0000, 0.0000, 0.0000, -0.8270,-0.0000, -0.0000, -1.0000, 0.0128,0.0000, -1.0000, 0.0000, 1.4961,0.0000, 0.0000, 0.0000, 1.0000///R_Ring
R_Ring2///-1.0000, 0.0000, 0.0000, -0.8744,-0.0000, -0.0000, -1.0000, 0.0128,0.0000, -1.0000, 0.0000, 1.4961,0.0000, 0.0000, 0.0000, 1.0000///R_Ring1
R_Ring3///-1.0000, 0.0000, 0.0000, -0.9024,-0.0000, -0.0000, -1.0000, 0.0128,0.0000, -1.0000, 0.0000, 1.4961,0.0000, 0.0000, 0.0000, 1.0000///R_Ring2
R_Ring4__null///-1.0000, 0.0000, 0.0000, -0.9291,-0.0000, -0.0000, -1.0000, 0.0128,0.0000, -1.0000, 0.0000, 1.4961,0.0000, 0.0000, 0.0000, 1.0000///R_Ring3
R_Middle1///-1.0000, 0.0000, 0.0000, -0.8302,-0.0000, -0.0000, -1.0000, -0.0114,0.0000, -1.0000, 0.0000, 1.4977,0.0000, 0.0000, 0.0000, 1.0000///R_Middle
R_Middle2///-1.0000, 0.0000, 0.0000, -0.8823,-0.0000, -0.0000, -1.0000, -0.0114,0.0000, -1.0000, 0.0000, 1.4977,0.0000, 0.0000, 0.0000, 1.0000///R_Middle1
R_Middle3///-1.0000, 0.0000, 0.0000, -0.9127,-0.0000, -0.0000, -1.0000, -0.0114,0.0000, -1.0000, 0.0000, 1.4977,0.0000, 0.0000, 0.0000, 1.0000///R_Middle2
R_Middle4__null///-1.0000, 0.0000, 0.0000, -0.9394,-0.0000, -0.0000, -1.0000, -0.0114,0.0000, -1.0000, 0.0000, 1.4977,0.0000, 0.0000, 0.0000, 1.0000///R_Middle3
R_Index1///-1.0000, 0.0000, 0.0000, -0.8302,-0.0000, -0.0000, -1.0000, -0.0367,0.0000, -1.0000, 0.0000, 1.4977,0.0000, 0.0000, 0.0000, 1.0000///R_FingerBase
R_Index2///-1.0000, 0.0000, 0.0000, -0.8796,-0.0000, -0.0000, -1.0000, -0.0367,0.0000, -1.0000, 0.0000, 1.4977,0.0000, 0.0000, 0.0000, 1.0000///R_Index1
R_Index3///-1.0000, 0.0000, 0.0000, -0.9081,-0.0000, -0.0000, -1.0000, -0.0367,0.0000, -1.0000, 0.0000, 1.4977,0.0000, 0.0000, 0.0000, 1.0000///R_Index2
R_Index4__null///-1.0000, 0.0000, 0.0000, -0.9349,-0.0000, -0.0000, -1.0000, -0.0367,0.0000, -1.0000, 0.0000, 1.4977,0.0000, 0.0000, 0.0000, 1.0000///R_Index3
R_Thumb1///-0.8053, -0.2750, 0.5252, -0.7406,-0.5122, 0.7689, -0.3827, -0.0398,-0.2986, -0.5772, -0.7601, 1.4799,0.0000, 0.0000, 0.0000, 1.0000///R_FingerBase
R_Thumb2///-0.8053, -0.2750, 0.5252, -0.7872,-0.5122, 0.7689, -0.3827, -0.0694,-0.2986, -0.5772, -0.7601, 1.4627,0.0000, 0.0000, 0.0000, 1.0000///R_Thumb1
R_Thumb3///-0.8053, -0.2750, 0.5252, -0.8153,-0.5122, 0.7689, -0.3827, -0.0873,-0.2986, -0.5772, -0.7601, 1.4523,0.0000, 0.0000, 0.0000, 1.0000///R_Thumb2
R_Thumb4__null///-0.8053, -0.2750, 0.5252, -0.8369,-0.5122, 0.7689, -0.3827, -0.1010,-0.2986, -0.5772, -0.7601, 1.4443,0.0000, 0.0000, 0.0000, 1.0000///R_Thumb3
HLP_R_ForeArm_Mid__offset///-1.0000, 0.0000, 0.0000, -0.6209,-0.0000, -0.0000, -1.0000, 0.0000,-0.0000, -1.0000, 0.0000, 1.4930,0.0000, 0.0000, 0.0000, 1.0000///R_ForeArm
HLP_R_ForeArm_Btm__offset///-1.0000, 0.0000, 0.0000, -0.6993,-0.0000, -0.0000, -1.0000, -0.0000,0.0000, -1.0000, 0.0000, 1.4930,0.0000, 0.0000, 0.0000, 1.0000///R_ForeArm
HLP_R_Elbow__offset///-1.0000, -0.0000, 0.0000, -0.4935,-0.0000, 1.0000, -0.0000, 0.0276,-0.0000, -0.0000, -1.0000, 1.4930,0.0000, 0.0000, 0.0000, 1.0000///R_ForeArm
R_ForeArm_Slide__offset///-1.0000, 0.0000, 0.0000, -0.5991,-0.0000, -0.0000, -1.0000, 0.0000,-0.0000, -1.0000, 0.0000, 1.4930,0.0000, 0.0000, 0.0000, 1.0000///R_ForeArm
R_ForeArm__offset///-1.0000, -0.0000, 0.0000, -0.4936,-0.0000, 1.0000, -0.0000, 0.0000,-0.0000, -0.0000, -1.0000, 1.4930,0.0000, 0.0000, 0.0000, 1.0000///R_ForeArm
HLP_R_Arm_Top__offset///-1.0000, 0.0000, -0.0000, -0.1996,0.0000, 1.0000, 0.0000, 0.0000,0.0000, 0.0000, -1.0000, 1.4930,0.0000, 0.0000, 0.0000, 1.0000///R_Arm
HLP_R_Arm_Mid__offset///-1.0000, 0.0000, 0.0000, -0.3366,0.0000, 1.0000, -0.0000, 0.0000,-0.0000, -0.0000, -1.0000, 1.4930,0.0000, 0.0000, 0.0000, 1.0000///R_Arm
R_Bicep_Slide__offset///-1.0000, 0.0000, 0.0000, -0.3558,0.0000, 1.0000, -0.0000, -0.0014,-0.0000, -0.0000, -1.0000, 1.4930,0.0000, 0.0000, 0.0000, 1.0000///R_Arm
R_Tricep_Slide__offset///-1.0000, 0.0000, 0.0000, -0.3558,0.0000, 1.0000, -0.0000, 0.0004,-0.0000, -0.0000, -1.0000, 1.4930,0.0000, 0.0000, 0.0000, 1.0000///R_Arm
R_Arm_Btm__offset///-1.0000, 0.0000, 0.0000, -0.4934,0.0000, 1.0000, -0.0000, 0.0000,-0.0000, -0.0000, -1.0000, 1.4930,0.0000, 0.0000, 0.0000, 1.0000///R_Arm
HLP_R_ShldrBlade__offset///-1.0000, 0.0000, 0.0000, -0.1446,-0.0000, 1.0000, -0.0000, -0.0009,-0.0000, -0.0000, -1.0000, 1.4744,0.0000, 0.0000, 0.0000, 1.0000///R_Shoulder
HLP_R_Shldr_B__offset///-1.0000, 0.0000, 0.0000, -0.1995,0.0000, 1.0000, -0.0000, 0.0000,-0.0000, -0.0000, -1.0000, 1.4930,0.0000, 0.0000, 0.0000, 1.0000///R_Shoulder
HLP_L_CollarBone__offset///0.9683, -0.0002, 0.2500, 0.0098,0.2500, -0.0000, -0.9683, -0.0490,0.0002, 1.0000, 0.0000, 1.4930,0.0000, 0.0000, 0.0000, 1.0000///Spine2
HLP_L_Shldr_F__offset///0.9774, 0.1511, 0.1479, 0.1318,0.1470, 0.0174, -0.9890, -0.0473,-0.1520, 0.9884, -0.0052, 1.5562,0.0000, 0.0000, 0.0000, 1.0000///HLP_L_CollarBone__offset
L_Shldr_F1__null///0.9774, 0.1511, 0.1479, 0.2275,0.1470, 0.0174, -0.9890, -0.0329,-0.1520, 0.9884, -0.0052, 1.5413,0.0000, 0.0000, 0.0000, 1.0000///HLP_L_Shldr_F__offset
HLP_L_CollarBone_up__offset///0.9683, -0.0002, 0.2500, 0.0098,0.2500, -0.0000, -0.9683, -0.0489,0.0002, 1.0000, -0.0000, 1.4930,0.0000, 0.0000, 0.0000, 1.0000///HLP_L_CollarBone__offset
L_CollarBone1__null///0.9683, -0.0002, 0.2500, 0.1901,0.2500, -0.0000, -0.9683, -0.0024,0.0002, 1.0000, -0.0000, 1.4930,0.0000, 0.0000, 0.0000, 1.0000///HLP_L_CollarBone__offset
HLP_R_CollarBone__offset///-0.9682, -0.0002, -0.2500, -0.0098,0.2500, 0.0000, -0.9682, -0.0490,0.0002, -1.0000, -0.0000, 1.4930,0.0000, 0.0000, 0.0000, 1.0000///Spine2
HLP_R_Shldr_F__offset///-0.9774, -0.1511, 0.1480, -0.1318,0.1470, 0.0174, 0.9890, -0.0473,-0.1520, 0.9884, 0.0052, 1.5562,0.0000, 0.0000, 0.0000, 1.0000///HLP_R_CollarBone__offset
R_Shldr_F1__null///-0.9774, -0.1511, 0.1480, -0.2275,0.1470, 0.0174, 0.9890, -0.0329,-0.1520, 0.9884, 0.0052, 1.5413,0.0000, 0.0000, 0.0000, 1.0000///HLP_R_Shldr_F__offset
HLP_R_CollarBone_up__offset///-0.9682, -0.0002, -0.2500, -0.0098,0.2500, 0.0000, -0.9682, -0.0489,0.0002, -1.0000, -0.0000, 1.4930,0.0000, 0.0000, 0.0000, 1.0000///HLP_R_CollarBone__offset
R_CollarBone1__null///-0.9682, -0.0002, -0.2500, -0.1901,0.2500, 0.0000, -0.9682, -0.0024,0.0002, -1.0000, -0.0000, 1.4930,0.0000, 0.0000, 0.0000, 1.0000///HLP_R_CollarBone__offset
HLP_L_Pectoral__offset///0.9729, -0.2243, 0.0552, 0.0001,0.0538, -0.0124, -0.9985, -0.0186,0.2247, 0.9744, 0.0000, 1.4153,0.0000, 0.0000, 0.0000, 1.0000///Spine2
L_Pectoral__null///0.9729, -0.2243, 0.0552, 0.1908,0.0538, -0.0124, -0.9985, -0.0081,0.2247, 0.9744, -0.0000, 1.4593,0.0000, 0.0000, 0.0000, 1.0000///HLP_L_Pectoral__offset
HLP_L_Pectoral_side__offset///0.9729, -0.2243, 0.0552, 0.0001,0.0538, -0.0124, -0.9985, -0.0186,0.2247, 0.9744, -0.0000, 1.4154,0.0000, 0.0000, 0.0000, 1.0000///HLP_L_Pectoral__offset
HLP_R_Pectoral__offset///-0.9729, 0.2243, 0.0552, -0.0001,0.0538, -0.0124, 0.9985, -0.0186,0.2247, 0.9744, -0.0000, 1.4153,0.0000, 0.0000, 0.0000, 1.0000///Spine2
R_Pectoral__null///-0.9729, 0.2243, 0.0552, -0.1908,0.0538, -0.0124, 0.9985, -0.0081,0.2247, 0.9744, -0.0000, 1.4593,0.0000, 0.0000, 0.0000, 1.0000///HLP_R_Pectoral__offset
HLP_R_Pectoral_side__offset///-0.9729, 0.2243, 0.0552, -0.0001,0.0538, -0.0124, 0.9985, -0.0186,0.2247, 0.9744, -0.0000, 1.4154,0.0000, 0.0000, 0.0000, 1.0000///HLP_R_Pectoral__offset
Spine2__offset///0.0000, -0.0000, 1.0000, 0.0000,-0.0000, -1.0000, -0.0000, 0.0000,1.0000, -0.0000, -0.0000, 1.2773,0.0000, 0.0000, 0.0000, 1.0000///Spine2
Spine2_breast__offset///0.0000, -0.0000, 1.0000, 0.0000,-0.0000, -1.0000, -0.0000, 0.0001,1.0000, -0.0000, -0.0000, 1.3156,0.0000, 0.0000, 0.0000, 1.0000///Spine2__offset
Spine2up__offset///0.0000, -0.0000, 1.0000, 0.0000,-0.0000, -1.0000, -0.0000, 0.0000,1.0000, -0.0000, -0.0000, 1.2774,0.0000, 0.0000, 0.0000, 1.0000///Spine2__offset
Spine2side__offset///0.0000, -0.0000, 1.0000, 0.0000,-0.0000, -1.0000, -0.0000, 0.0000,1.0000, -0.0000, -0.0000, 1.2772,0.0000, 0.0000, 0.0000, 1.0000///Spine2
OPT0_bustL///0.3127, -0.0846, -0.9461, 0.0216,-0.9461, 0.0601, -0.3181, 0.0765,0.0838, 0.9946, -0.0612, 1.3440,0.0000, 0.0000, 0.0000, 1.0000///Spine2
OPT1_bustL///-0.3127, -0.0846, 0.9461, 0.1062,0.9461, 0.0601, 0.3181, -0.1796,-0.0838, 0.9946, 0.0612, 1.3666,0.0000, 0.0000, 0.0000, 1.0000///OPT0_bustL
OPT1_bustL_end///0.9983, -0.0464, 0.0341, 0.0779,0.0316, -0.0539, -0.9980, -0.0939,0.0482, 0.9975, -0.0523, 1.3591,0.0000, 0.0000, 0.0000, 1.0000///OPT1_bustL
OPT2_bustR///0.3127, -0.0845, -0.9461, -0.0214,0.9461, -0.0601, 0.3181, 0.0765,-0.0838, -0.9946, 0.0612, 1.3440,0.0000, 0.0000, 0.0000, 1.0000///Spine2
OPT3_bustR///-0.3127, -0.0845, 0.9461, -0.1060,-0.9461, -0.0601, -0.3181, -0.1796,0.0838, -0.9946, -0.0612, 1.3667,0.0000, 0.0000, 0.0000, 1.0000///OPT2_bustR
OPT1_bustR_end///0.9983, -0.0464, 0.0341, -0.0777,-0.0316, 0.0539, 0.9980, -0.0939,-0.0481, -0.9975, 0.0523, 1.3591,0.0000, 0.0000, 0.0000, 1.0000///OPT3_bustR
Spine1__offset///0.0000, -0.0000, 1.0000, 0.0000,-0.0000, -1.0000, -0.0000, 0.0000,1.0000, -0.0000, -0.0000, 1.1499,0.0000, 0.0000, 0.0000, 1.0000///Spine1
Spine1_front__offset///0.0000, -0.0000, 1.0000, 0.0000,-0.0000, -1.0000, -0.0000, 0.0000,1.0000, -0.0000, -0.0000, 1.1501,0.0000, 0.0000, 0.0000, 1.0000///Spine1
Hip///-0.0000, -0.0000, 1.0000, 0.0000,-0.0000, 1.0000, 0.0000, 0.0000,-1.0000, 0.0000, -0.0000, 1.1500,0.0000, 0.0000, 0.0000, 1.0000///Base
L_UpLeg///0.0000, 0.0000, 1.0000, 0.1000,-0.0001, 1.0000, -0.0000, -0.0000,-1.0000, -0.0001, 0.0000, 0.9900,0.0000, 0.0000, 0.0000, 1.0000///Hip
L_Leg///0.0000, 0.0000, 1.0000, 0.1000,0.0001, 1.0000, -0.0000, -0.0000,-1.0000, 0.0001, 0.0000, 0.5500,0.0000, 0.0000, 0.0000, 1.0000///L_UpLeg
L_Foot///0.0000, 0.0000, 1.0000, 0.1000,-0.0000, 1.0000, -0.0000, -0.0000,-1.0000, 0.0000, 0.0000, 0.1300,0.0000, 0.0000, 0.0000, 1.0000///L_Leg
L_Toe///-0.0000, 0.0000, 1.0000, 0.1000,-1.0000, 0.0000, -0.0000, -0.1530,-0.0000, -1.0000, 0.0000, 0.0302,0.0000, 0.0000, 0.0000, 1.0000///L_Foot
L_Toe1__null///-0.0000, 0.0000, 1.0000, 0.1000,-1.0000, 0.0000, -0.0000, -0.2830,-0.0000, -1.0000, 0.0000, 0.0302,0.0000, 0.0000, 0.0000, 1.0000///L_Toe
L_Toe__offset///-0.0000, 0.0000, 1.0000, 0.1000,-1.0000, 0.0000, -0.0000, -0.1531,-0.0000, -1.0000, 0.0000, 0.0302,0.0000, 0.0000, 0.0000, 1.0000///L_Toe
ATH_L_Toe_Btm///1.0000, 0.0000, -0.0000, 0.1000,-0.0000, 1.0000, -0.0000, -0.1600,0.0000, 0.0000, 1.0000, -0.0000,0.0000, 0.0000, 0.0000, 1.0000///L_Toe
L_Foot__offset///0.0000, 0.0000, 1.0000, 0.1000,-0.0000, 1.0000, -0.0000, -0.0000,-1.0000, 0.0000, 0.0000, 0.1299,0.0000, 0.0000, 0.0000, 1.0000///L_Foot
L_Ankle__offset///0.0000, 0.0000, 1.0000, 0.1000,-0.0000, 1.0000, -0.0000, -0.0000,-1.0000, 0.0000, 0.0000, 0.1301,0.0000, 0.0000, 0.0000, 1.0000///L_Foot
ATH_L_Foot_Btm///1.0000, 0.0000, -0.0000, 0.1000,-0.0000, 1.0000, -0.0000, -0.0000,0.0000, 0.0000, 1.0000, -0.0000,0.0000, 0.0000, 0.0000, 1.0000///L_Foot
L_Calf_Slide__offset///1.0000, -0.0000, -0.0000, 0.1000,-0.0000, -0.0001, -1.0000, -0.0000,0.0000, 1.0000, -0.0001, 0.3400,0.0000, 0.0000, 0.0000, 1.0000///L_Leg
L_Leg__offset///0.0000, 0.0000, 1.0000, 0.1000,0.0001, 1.0000, -0.0000, -0.0000,-1.0000, 0.0001, 0.0000, 0.5499,0.0000, 0.0000, 0.0000, 1.0000///L_Leg
HLP_L_Knee__offset///0.0000, 0.0000, 1.0000, 0.1000,0.0000, 1.0000, -0.0000, -0.0201,-1.0000, 0.0000, 0.0000, 0.5500,0.0000, 0.0000, 0.0000, 1.0000///L_UpLeg
HLP_L_UpLeg_Top__offset///0.0000, 0.0000, 1.0000, 0.1000,0.0000, 1.0000, 0.0000, -0.0000,-1.0000, 0.0000, 0.0000, 0.9901,0.0000, 0.0000, 0.0000, 1.0000///L_UpLeg
HLP_L_UpLeg_Mid__offset///0.0000, 0.0000, 1.0000, 0.1000,-0.0000, 1.0000, -0.0000, -0.0000,-1.0000, -0.0000, 0.0000, 0.7900,0.0000, 0.0000, 0.0000, 1.0000///L_UpLeg
L_Thigh_Slide__offset///1.0000, -0.0000, -0.0000, 0.1000,-0.0000, 0.0001, -1.0000, -0.0010,0.0000, 1.0000, 0.0001, 0.7700,0.0000, 0.0000, 0.0000, 1.0000///L_UpLeg
L_UpLeg__offset///0.0000, 0.0000, 1.0000, 0.1000,-0.0001, 1.0000, -0.0000, -0.0000,-1.0000, -0.0001, 0.0000, 0.9899,0.0000, 0.0000, 0.0000, 1.0000///L_UpLeg
R_UpLeg///0.0000, 0.0000, 1.0000, -0.1000,-0.0001, 1.0000, -0.0000, -0.0000,-1.0000, -0.0001, 0.0000, 0.9900,0.0000, 0.0000, 0.0000, 1.0000///Hip
R_Leg///0.0000, 0.0000, 1.0000, -0.1000,0.0001, 1.0000, -0.0000, -0.0000,-1.0000, 0.0001, 0.0000, 0.5500,0.0000, 0.0000, 0.0000, 1.0000///R_UpLeg
R_Foot///0.0013, 0.0000, 1.0000, -0.1000,0.0000, 1.0000, -0.0000, -0.0000,-1.0000, 0.0000, 0.0013, 0.1300,0.0000, 0.0000, 0.0000, 1.0000///R_Leg
R_Toe///-0.0000, 0.0013, 1.0000, -0.0999,-1.0000, 0.0000, -0.0000, -0.1530,-0.0000, -1.0000, 0.0013, 0.0302,0.0000, 0.0000, 0.0000, 1.0000///R_Foot
R_Toe1__null///-0.0000, 0.0013, 1.0000, -0.0999,-1.0000, 0.0000, -0.0000, -0.2830,-0.0000, -1.0000, 0.0013, 0.0302,0.0000, 0.0000, 0.0000, 1.0000///R_Toe
R_Toe__offset///-0.0000, 0.0013, 1.0000, -0.0999,-1.0000, 0.0000, -0.0000, -0.1531,-0.0000, -1.0000, 0.0013, 0.0302,0.0000, 0.0000, 0.0000, 1.0000///R_Toe
ATH_R_Toe_Btm///1.0000, 0.0000, -0.0013, -0.0998,-0.0000, 1.0000, -0.0000, -0.1600,0.0013, 0.0000, 1.0000, -0.0000,0.0000, 0.0000, 0.0000, 1.0000///R_Toe
R_Foot__offset///0.0013, 0.0000, 1.0000, -0.1000,0.0000, 1.0000, -0.0000, -0.0000,-1.0000, 0.0000, 0.0013, 0.1299,0.0000, 0.0000, 0.0000, 1.0000///R_Foot
R_Ankle__offset///-0.0013, -0.0000, 1.0000, -0.1000,-0.0000, -1.0000, -0.0000, -0.0000,1.0000, -0.0000, 0.0013, 0.1301,0.0000, 0.0000, 0.0000, 1.0000///R_Foot
ATH_R_Foot_Btm///1.0000, 0.0000, -0.0013, -0.0998,-0.0000, 1.0000, -0.0000, -0.0000,0.0013, 0.0000, 1.0000, 0.0000,0.0000, 0.0000, 0.0000, 1.0000///R_Foot
R_Calf_Slide__offset///1.0000, -0.0000, 0.0000, -0.1000,0.0000, -0.0001, -1.0000, -0.0000,0.0000, 1.0000, -0.0001, 0.3400,0.0000, 0.0000, 0.0000, 1.0000///R_Leg
R_Leg__offset///0.0000, 0.0000, 1.0000, -0.1000,0.0001, 1.0000, -0.0000, -0.0000,-1.0000, 0.0001, 0.0000, 0.5499,0.0000, 0.0000, 0.0000, 1.0000///R_Leg
HLP_R_Knee__offset///0.0000, 0.0000, 1.0000, -0.1000,0.0000, 1.0000, -0.0000, -0.0201,-1.0000, 0.0000, 0.0000, 0.5500,0.0000, 0.0000, 0.0000, 1.0000///R_UpLeg
HLP_R_UpLeg_Top__offset///0.0000, 0.0000, 1.0000, -0.1000,0.0000, 1.0000, 0.0000, -0.0000,-1.0000, 0.0000, 0.0000, 0.9901,0.0000, 0.0000, 0.0000, 1.0000///R_UpLeg
HLP_R_UpLeg_Mid__offset///0.0000, 0.0000, 1.0000, -0.1000,-0.0000, 1.0000, 0.0000, -0.0000,-1.0000, -0.0000, 0.0000, 0.7900,0.0000, 0.0000, 0.0000, 1.0000///R_UpLeg
R_Thigh_Slide__offset///1.0000, -0.0000, 0.0000, -0.1000,0.0000, 0.0001, -1.0000, -0.0010,0.0000, 1.0000, 0.0001, 0.7700,0.0000, 0.0000, 0.0000, 1.0000///R_UpLeg
R_UpLeg__offset///0.0000, 0.0000, 1.0000, -0.1000,-0.0001, 1.0000, -0.0000, -0.0000,-1.0000, -0.0001, 0.0000, 0.9899,0.0000, 0.0000, 0.0000, 1.0000///R_UpLeg
HLP_L_Butt__offset///0.0000, 0.0000, 1.0000, 0.1001,0.0000, 1.0000, 0.0000, 0.0001,-1.0000, 0.0000, 0.0000, 0.9899,0.0000, 0.0000, 0.0000, 1.0000///Hip
HLP_R_Butt__offset///0.0000, 0.0000, 1.0000, -0.1001,0.0000, 1.0000, 0.0000, 0.0001,-1.0000, 0.0000, 0.0000, 0.9899,0.0000, 0.0000, 0.0000, 1.0000///Hip
HLP_L_Inguinal__offset///-0.1165, -0.0101, -0.9932, 0.1670,0.0867, -0.9962, -0.0000, -0.0499,-0.9894, -0.0861, 0.1169, 1.1190,0.0000, 0.0000, 0.0000, 1.0000///Hip
L_Inguinal1__null///-0.1165, -0.0101, -0.9932, 0.1320,0.0867, -0.9962, -0.0000, -0.0239,-0.9894, -0.0861, 0.1169, 0.8222,0.0000, 0.0000, 0.0000, 1.0000///HLP_L_Inguinal__offset
HLP_R_Inguinal__offset///0.1165, 0.0101, -0.9931, -0.1670,0.0867, -0.9962, 0.0000, -0.0499,-0.9894, -0.0861, -0.1169, 1.1190,0.0000, 0.0000, 0.0000, 1.0000///Hip
R_Inguinal__null///0.1165, 0.0101, -0.9931, -0.1320,0.0867, -0.9962, 0.0000, -0.0239,-0.9894, -0.0861, -0.1169, 0.8222,0.0000, 0.0000, 0.0000, 1.0000///HLP_R_Inguinal__offset
Hip__offset///-0.0000, -0.0000, 1.0000, 0.0000,-0.0000, 1.0000, 0.0000, 0.0000,-1.0000, 0.0000, -0.0000, 1.1501,0.0000, 0.0000, 0.0000, 1.0000///Hip
Hip_front__offset///-0.0000, -0.0000, 1.0000, -0.0000,-0.0000, 1.0000, 0.0000, 0.0000,-1.0000, 0.0000, -0.0000, 1.1499,0.0000, 0.0000, 0.0000, 1.0000///Hip
EDIT__null///1.0000, 0.0000, 0.0000, 0.0014,0.0000, 1.0000, 0.0000, 0.0000,0.0000, 0.0000, 1.0000, -0.0000,0.0000, 0.0000, 0.0000, 1.0000///MODEL_00
Deform__null///1.0000, 0.0000, 0.0000, 0.0083,0.0000, 1.0000, 0.0000, 0.0015,0.0000, 0.0000, 1.0000, -0.0002,0.0000, 0.0000, 0.0000, 1.0000///EDIT__null
