MODEL_00///1.0000, 0.0000, 0.0000, 0.0000,0.0000, 1.0000, -0.0000, -0.0000,0.0000, 0.0000, 1.0000, 0.0000,0.0000, 0.0000, 0.0000, 1.0000///
BODY_SCALE__group///1.0000, 0.0000, 0.0000, 0.0000,0.0000, 0.0000, -1.0000, 0.0000,0.0000, 1.0000, 0.0000, 0.0000,0.0000, 0.0000, 0.0000, 1.0000///MODEL_00
BASE///1.0000, 0.0000, 0.0000, 0.0000,0.0000, -0.0000, -1.0000, 0.0000,0.0000, 1.0000, -0.0000, 1.1270,0.0000, 0.0000, 0.0000, 1.0000///BODY_SCALE__group
Spine1///0.0000, -0.0000, 1.0000, 0.0000,-0.0000, -1.0000, -0.0000, 0.0000,1.0000, -0.0000, -0.0000, 1.1270,0.0000, 0.0000, 0.0000, 1.0000///BASE
Spine2///0.0000, -0.0000, 1.0000, 0.0000,-0.0000, -1.0000, -0.0000, 0.0000,1.0000, -0.0000, -0.0000, 1.2595,0.0000, 0.0000, 0.0000, 1.0000///Spine1
Neck///0.0000, -0.0000, 1.0000, 0.0000,-0.0000, -1.0000, -0.0000, 0.0000,1.0000, -0.0000, -0.0000, 1.5143,0.0000, 0.0000, 0.0000, 1.0000///Spine2
Head///-0.0000, 1.0000, -0.0000, 0.0000,-1.0000, -0.0000, -0.0000, 0.0000,-0.0000, 0.0000, 1.0000, 1.6570,0.0000, 0.0000, 0.0000, 1.0000///Neck
Head__offset///-0.0000, 1.0000, -0.0000, 0.0000,-1.0000, -0.0000, 0.0003, 0.0000,0.0003, 0.0000, 1.0000, 1.6571,0.0000, 0.0000, 0.0000, 1.0000///Head
ATH_Head_Top///1.0000, 0.0000, -0.0000, -0.0000,-0.0000, 1.0000, 0.0000, 0.0000,0.0000, 0.0000, 1.0000, 1.8543,0.0000, 0.0000, 0.0000, 1.0000///Head
L_Mayu2_Joint///1.0000, -0.0000, -0.0000, 0.0432,-0.0000, -0.0000, -1.0000, -0.1237,0.0000, 1.0000, -0.0000, 1.7207,0.0000, 0.0000, 0.0000, 1.0000///Head
L_Mayu3_Joint///1.0000, 0.0000, -0.0000, 0.0618,-0.0000, -0.0000, -1.0000, -0.0981,-0.0000, 1.0000, -0.0000, 1.7189,0.0000, 0.0000, 0.0000, 1.0000///Head
L_Mayu1_Joint///1.0000, -0.0000, -0.0000, 0.0224,-0.0000, -0.0000, -1.0000, -0.1322,0.0000, 1.0000, -0.0000, 1.7095,0.0000, 0.0000, 0.0000, 1.0000///Head
R_Mayu3_Joint///1.0000, -0.0000, -0.0000, -0.0618,-0.0000, -0.0000, -1.0000, -0.0981,0.0000, 1.0000, -0.0000, 1.7189,0.0000, 0.0000, 0.0000, 1.0000///Head
R_Mayu2_Joint///1.0000, -0.0000, -0.0000, -0.0432,-0.0000, -0.0000, -1.0000, -0.1237,0.0000, 1.0000, -0.0000, 1.7207,0.0000, 0.0000, 0.0000, 1.0000///Head
R_Mayu1_Joint///1.0000, -0.0000, -0.0000, -0.0224,-0.0000, -0.0000, -1.0000, -0.1322,0.0000, 1.0000, -0.0000, 1.7095,0.0000, 0.0000, 0.0000, 1.0000///Head
R_Eyecorner///1.0000, -0.0000, -0.0000, -0.0502,-0.0000, -0.0000, -1.0000, -0.0909,0.0000, 1.0000, -0.0000, 1.7102,0.0000, 0.0000, 0.0000, 1.0000///Head
R_UwaMabuta_Joint///1.0000, -0.0000, -0.0000, -0.0329,-0.0000, -0.0000, -1.0000, -0.0865,0.0000, 1.0000, -0.0000, 1.7110,0.0000, 0.0000, 0.0000, 1.0000///Head
R_UpEyelid1///1.0000, -0.0000, -0.0000, -0.0285,-0.0000, -0.0000, -1.0000, -0.1053,0.0000, 1.0000, -0.0000, 1.7128,0.0000, 0.0000, 0.0000, 1.0000///R_UwaMabuta_Joint
R_UpEyelid2///1.0000, -0.0000, -0.0000, -0.0450,-0.0000, -0.0000, -1.0000, -0.0997,0.0000, 1.0000, -0.0000, 1.7153,0.0000, 0.0000, 0.0000, 1.0000///R_UwaMabuta_Joint
L_UwaMabuta_Joint///1.0000, -0.0000, 0.0000, 0.0329,0.0000, -0.0000, -1.0000, -0.0865,0.0000, 1.0000, -0.0000, 1.7110,0.0000, 0.0000, 0.0000, 1.0000///Head
L_UpEyelid2///1.0000, -0.0000, 0.0000, 0.0450,0.0000, -0.0000, -1.0000, -0.0997,0.0000, 1.0000, -0.0000, 1.7153,0.0000, 0.0000, 0.0000, 1.0000///L_UwaMabuta_Joint
L_UpEyelid1///1.0000, -0.0000, 0.0000, 0.0285,0.0000, -0.0000, -1.0000, -0.1053,0.0000, 1.0000, -0.0000, 1.7128,0.0000, 0.0000, 0.0000, 1.0000///L_UwaMabuta_Joint
L_Eyecorner///1.0000, -0.0000, -0.0000, 0.0502,-0.0000, -0.0000, -1.0000, -0.0909,0.0000, 1.0000, -0.0000, 1.7102,0.0000, 0.0000, 0.0000, 1.0000///Head
L_Eye_Joint///1.0000, -0.0000, 0.0000, 0.0329,0.0000, -0.0000, -1.0000, -0.0865,0.0000, 1.0000, -0.0000, 1.7110,0.0000, 0.0000, 0.0000, 1.0000///Head
R_Eye_Joint///1.0000, -0.0000, -0.0000, -0.0329,-0.0000, -0.0000, -1.0000, -0.0865,0.0000, 1.0000, -0.0000, 1.7110,0.0000, 0.0000, 0.0000, 1.0000///Head
R_SitaMabuta_Joint///1.0000, -0.0000, -0.0000, -0.0329,-0.0000, -0.0000, -1.0000, -0.0865,0.0000, 1.0000, -0.0000, 1.7106,0.0000, 0.0000, 0.0000, 1.0000///Head
R_LowEyelid1///1.0000, -0.0000, -0.0000, -0.0306,-0.0000, -0.0000, -1.0000, -0.1036,0.0000, 1.0000, -0.0000, 1.7044,0.0000, 0.0000, 0.0000, 1.0000///R_SitaMabuta_Joint
R_LowEyelid2///1.0000, -0.0000, -0.0000, -0.0444,-0.0000, -0.0000, -1.0000, -0.0984,0.0000, 1.0000, -0.0000, 1.7049,0.0000, 0.0000, 0.0000, 1.0000///R_SitaMabuta_Joint
L_SitaMabuta_Joint///1.0000, -0.0000, -0.0000, 0.0329,-0.0000, -0.0000, -1.0000, -0.0865,0.0000, 1.0000, -0.0000, 1.7106,0.0000, 0.0000, 0.0000, 1.0000///Head
L_LowEyelid2///1.0000, -0.0000, -0.0000, 0.0444,-0.0000, -0.0000, -1.0000, -0.0984,0.0000, 1.0000, -0.0000, 1.7049,0.0000, 0.0000, 0.0000, 1.0000///L_SitaMabuta_Joint
L_LowEyelid1///1.0000, -0.0000, -0.0000, 0.0306,-0.0000, -0.0000, -1.0000, -0.1036,0.0000, 1.0000, -0.0000, 1.7044,0.0000, 0.0000, 0.0000, 1.0000///L_SitaMabuta_Joint
L_Hoho_Joint///1.0000, -0.0000, -0.0000, 0.0620,-0.0000, -0.0000, -1.0000, -0.0960,0.0000, 1.0000, -0.0000, 1.6899,0.0000, 0.0000, 0.0000, 1.0000///Head
L_Hana_Joint///1.0000, -0.0000, -0.0000, 0.0205,-0.0000, -0.0000, -1.0000, -0.1231,0.0000, 1.0000, -0.0000, 1.6879,0.0000, 0.0000, 0.0000, 1.0000///Head
R_Hana_Joint///1.0000, -0.0000, -0.0000, -0.0205,-0.0000, -0.0000, -1.0000, -0.1231,0.0000, 1.0000, -0.0000, 1.6879,0.0000, 0.0000, 0.0000, 1.0000///Head
R_Hoho_Joint///1.0000, -0.0000, -0.0000, -0.0620,-0.0000, -0.0000, -1.0000, -0.0960,0.0000, 1.0000, -0.0000, 1.6899,0.0000, 0.0000, 0.0000, 1.0000///Head
L_Kobana_Joint///1.0000, -0.0000, -0.0000, 0.0128,-0.0000, -0.0000, -1.0000, -0.1130,0.0000, 1.0000, -0.0000, 1.6704,0.0000, 0.0000, 0.0000, 1.0000///Head
R_Kobana_Joint///1.0000, -0.0000, -0.0000, -0.0128,-0.0000, -0.0000, -1.0000, -0.1130,0.0000, 1.0000, -0.0000, 1.6704,0.0000, 0.0000, 0.0000, 1.0000///Head
L_Chobo_Joint///1.0000, 0.0000, -0.0000, 0.0659,-0.0000, -0.0000, -1.0000, -0.0720,-0.0000, 1.0000, -0.0000, 1.6550,0.0000, 0.0000, 0.0000, 1.0000///Head
R_Chobo_Joint///1.0000, 0.0000, -0.0000, -0.0659,-0.0000, -0.0000, -1.0000, -0.0720,-0.0000, 1.0000, -0.0000, 1.6550,0.0000, 0.0000, 0.0000, 1.0000///Head
L_LipU_Joint///1.0000, -0.0000, -0.0000, 0.0173,-0.0000, -0.0000, -1.0000, -0.1231,0.0000, 1.0000, -0.0000, 1.6525,0.0000, 0.0000, 0.0000, 1.0000///Head
R_LipU_Joint///1.0000, -0.0000, -0.0000, -0.0173,-0.0000, -0.0000, -1.0000, -0.1231,0.0000, 1.0000, -0.0000, 1.6525,0.0000, 0.0000, 0.0000, 1.0000///Head
M_LipU_Joint///1.0000, -0.0000, -0.0000, -0.0000,-0.0000, -0.0000, -1.0000, -0.1299,0.0000, 1.0000, -0.0000, 1.6540,0.0000, 0.0000, 0.0000, 1.0000///Head
Jaw_Joint///1.0000, -0.0000, -0.0000, -0.0000,-0.0000, -0.0000, -1.0000, -0.0340,0.0000, 1.0000, -0.0000, 1.6514,0.0000, 0.0000, 0.0000, 1.0000///Head
L_LipD_Joint///1.0000, -0.0000, -0.0000, 0.0168,-0.0000, -0.0000, -1.0000, -0.1284,0.0000, 1.0000, -0.0000, 1.6423,0.0000, 0.0000, 0.0000, 1.0000///Jaw_Joint
R_LipD_Joint///1.0000, -0.0000, -0.0000, -0.0168,-0.0000, -0.0000, -1.0000, -0.1284,0.0000, 1.0000, -0.0000, 1.6423,0.0000, 0.0000, 0.0000, 1.0000///Jaw_Joint
M_LipD_Joint///1.0000, -0.0000, -0.0000, -0.0000,-0.0000, -0.0000, -1.0000, -0.1330,0.0000, 1.0000, -0.0000, 1.6434,0.0000, 0.0000, 0.0000, 1.0000///Jaw_Joint
L_LipE_Joint///1.0000, -0.0000, -0.0000, 0.0332,-0.0000, -0.0000, -1.0000, -0.1098,0.0000, 1.0000, -0.0000, 1.6397,0.0000, 0.0000, 0.0000, 1.0000///Jaw_Joint
R_LipE_Joint///1.0000, -0.0000, -0.0000, -0.0332,-0.0000, -0.0000, -1.0000, -0.1098,0.0000, 1.0000, -0.0000, 1.6397,0.0000, 0.0000, 0.0000, 1.0000///Jaw_Joint
Bero1_Joint///-0.0002, 0.0008, -1.0000, 0.0000,-0.9772, -0.2124, 0.0000, -0.0681,-0.2124, 0.9772, 0.0008, 1.6497,0.0000, 0.0000, 0.0000, 1.0000///Jaw_Joint
Bero1_Joint_pos///-0.0000, 0.0000, -1.0000, 0.0000,-0.9588, -0.2841, -0.0000, -0.0858,-0.2841, 0.9588, 0.0000, 1.6486,0.0000, 0.0000, 0.0000, 1.0000///Bero1_Joint
Bero2_Joint///-0.0000, 0.0000, -1.0000, 0.0000,-0.9588, -0.2841, -0.0000, -0.0858,-0.2841, 0.9588, 0.0000, 1.6486,0.0000, 0.0000, 0.0000, 1.0000///Bero1_Joint_pos
Bero3_Joint///-0.0000, 0.0000, -1.0000, 0.0000,-0.9588, -0.2841, -0.0000, -0.1039,-0.2841, 0.9588, 0.0000, 1.6433,0.0000, 0.0000, 0.0000, 1.0000///Bero2_Joint
Neck__offset///0.0000, -0.0001, 1.0000, 0.0000,0.0001, -1.0000, -0.0001, 0.0000,1.0000, 0.0001, -0.0000, 1.5142,0.0000, 0.0000, 0.0000, 1.0000///Neck
Neck_back__offset///0.0000, -0.0001, 1.0000, 0.0000,0.0001, -1.0000, -0.0001, 0.0000,1.0000, 0.0001, -0.0000, 1.5144,0.0000, 0.0000, 0.0000, 1.0000///Neck
L_Shoulder///1.0000, -0.0000, -0.0000, 0.1019,-0.0000, -0.0000, -1.0000, 0.0000,0.0000, 1.0000, -0.0000, 1.4837,0.0000, 0.0000, 0.0000, 1.0000///Spine2
L_Arm///1.0000, -0.0000, -0.0000, 0.2731,0.0000, 1.0000, 0.0000, 0.0000,0.0000, -0.0000, 1.0000, 1.4837,0.0000, 0.0000, 0.0000, 1.0000///L_Shoulder
L_ForeArm///1.0000, 0.0000, -0.0000, 0.5636,-0.0000, 1.0000, 0.0000, 0.0000,0.0000, -0.0000, 1.0000, 1.4837,0.0000, 0.0000, 0.0000, 1.0000///L_Arm
L_Hand///1.0000, -0.0000, -0.0000, 0.7863,-0.0000, 0.0000, -1.0000, 0.0000,0.0000, 1.0000, 0.0000, 1.4837,0.0000, 0.0000, 0.0000, 1.0000///L_ForeArm
L_FingerBase///1.0000, -0.0000, -0.0000, 0.7921,-0.0000, 0.0000, -1.0000, -0.0230,0.0000, 1.0000, 0.0000, 1.4837,0.0000, 0.0000, 0.0000, 1.0000///L_Hand
L_Middle///1.0000, -0.0000, -0.0000, 0.7921,-0.0000, 0.0000, -1.0000, -0.0115,0.0000, 1.0000, 0.0000, 1.4837,0.0000, 0.0000, 0.0000, 1.0000///L_FingerBase
L_Ring///1.0000, -0.0000, -0.0000, 0.7921,-0.0000, 0.0000, -1.0000, 0.0000,0.0000, 1.0000, 0.0000, 1.4837,0.0000, 0.0000, 0.0000, 1.0000///L_Middle
L_Pinky///1.0000, -0.0000, -0.0000, 0.7921,-0.0000, 0.0000, -1.0000, 0.0115,0.0000, 1.0000, 0.0000, 1.4837,0.0000, 0.0000, 0.0000, 1.0000///L_Ring
L_Pinky1///1.0000, -0.0000, -0.0000, 0.9106,-0.0000, 0.0000, -1.0000, 0.0443,0.0000, 1.0000, 0.0000, 1.4856,0.0000, 0.0000, 0.0000, 1.0000///L_Pinky
L_Pinky2///1.0000, -0.0000, -0.0000, 0.9659,-0.0000, 0.0000, -1.0000, 0.0443,0.0000, 1.0000, 0.0000, 1.4856,0.0000, 0.0000, 0.0000, 1.0000///L_Pinky1
L_Pinky3///1.0000, -0.0000, -0.0000, 0.9909,-0.0000, 0.0000, -1.0000, 0.0443,0.0000, 1.0000, 0.0000, 1.4856,0.0000, 0.0000, 0.0000, 1.0000///L_Pinky2
L_Pinky4__null///1.0000, 0.0000, -0.0000, 1.0255,-0.0000, 0.0000, -1.0000, 0.0443,0.0000, 1.0000, 0.0000, 1.4856,0.0000, 0.0000, 0.0000, 1.0000///L_Pinky3
L_Ring1///1.0000, -0.0000, -0.0000, 0.9259,-0.0000, 0.0000, -1.0000, 0.0165,0.0000, 1.0000, 0.0000, 1.4877,0.0000, 0.0000, 0.0000, 1.0000///L_Ring
L_Ring2///1.0000, -0.0000, -0.0000, 0.9871,-0.0000, 0.0000, -1.0000, 0.0165,0.0000, 1.0000, 0.0000, 1.4877,0.0000, 0.0000, 0.0000, 1.0000///L_Ring1
L_Ring3///1.0000, 0.0000, -0.0000, 1.0232,-0.0000, 0.0000, -1.0000, 0.0165,0.0000, 1.0000, 0.0000, 1.4877,0.0000, 0.0000, 0.0000, 1.0000///L_Ring2
L_Ring4__null///1.0000, 0.0000, -0.0000, 1.0578,-0.0000, 0.0000, -1.0000, 0.0165,0.0000, 1.0000, 0.0000, 1.4877,0.0000, 0.0000, 0.0000, 1.0000///L_Ring3
L_Middle1///1.0000, -0.0000, -0.0000, 0.9300,-0.0000, 0.0000, -1.0000, -0.0147,0.0000, 1.0000, 0.0000, 1.4899,0.0000, 0.0000, 0.0000, 1.0000///L_Middle
L_Middle2///1.0000, -0.0000, -0.0000, 0.9973,-0.0000, 0.0000, -1.0000, -0.0147,0.0000, 1.0000, 0.0000, 1.4899,0.0000, 0.0000, 0.0000, 1.0000///L_Middle1
L_Middle3///1.0000, 0.0000, -0.0000, 1.0365,-0.0000, 0.0000, -1.0000, -0.0147,0.0000, 1.0000, 0.0000, 1.4899,0.0000, 0.0000, 0.0000, 1.0000///L_Middle2
L_Middle4__null///1.0000, 0.0000, -0.0000, 1.0711,-0.0000, 0.0000, -1.0000, -0.0147,0.0000, 1.0000, 0.0000, 1.4899,0.0000, 0.0000, 0.0000, 1.0000///L_Middle3
L_Index1///1.0000, -0.0000, -0.0000, 0.9300,-0.0000, 0.0000, -1.0000, -0.0474,0.0000, 1.0000, 0.0000, 1.4899,0.0000, 0.0000, 0.0000, 1.0000///L_FingerBase
L_Index2///1.0000, -0.0000, -0.0000, 0.9938,-0.0000, 0.0000, -1.0000, -0.0474,0.0000, 1.0000, 0.0000, 1.4899,0.0000, 0.0000, 0.0000, 1.0000///L_Index1
L_Index3///1.0000, 0.0000, -0.0000, 1.0307,-0.0000, 0.0000, -1.0000, -0.0474,0.0000, 1.0000, 0.0000, 1.4899,0.0000, 0.0000, 0.0000, 1.0000///L_Index2
L_Index4__null///1.0000, 0.0000, -0.0000, 1.0652,-0.0000, 0.0000, -1.0000, -0.0474,0.0000, 1.0000, 0.0000, 1.4899,0.0000, 0.0000, 0.0000, 1.0000///L_Index3
L_Thumb1///0.8053, -0.2750, -0.5252, 0.8144,-0.5122, -0.7689, -0.3827, -0.0514,-0.2986, 0.5772, -0.7600, 1.4669,0.0000, 0.0000, 0.0000, 1.0000///L_FingerBase
L_Thumb2///0.8053, -0.2750, -0.5252, 0.8745,-0.5122, -0.7689, -0.3827, -0.0897,-0.2986, 0.5772, -0.7601, 1.4446,0.0000, 0.0000, 0.0000, 1.0000///L_Thumb1
L_Thumb3///0.8053, -0.2750, -0.5252, 0.9108,-0.5122, -0.7689, -0.3827, -0.1128,-0.2986, 0.5772, -0.7600, 1.4311,0.0000, 0.0000, 0.0000, 1.0000///L_Thumb2
L_Thumb4__null///0.8053, -0.2750, -0.5252, 0.9386,-0.5122, -0.7689, -0.3827, -0.1305,-0.2986, 0.5772, -0.7601, 1.4208,0.0000, 0.0000, 0.0000, 1.0000///L_Thumb3
HLP_L_ForeArm_Mid__offset///1.0000, -0.0000, -0.0000, 0.6895,-0.0000, 0.0000, -1.0000, 0.0000,0.0000, 1.0000, 0.0000, 1.4837,0.0000, 0.0000, 0.0000, 1.0000///L_ForeArm
HLP_L_ForeArm_Btm__offset///1.0000, -0.0000, -0.0000, 0.7669,-0.0000, 0.0000, -1.0000, 0.0000,0.0000, 1.0000, 0.0000, 1.4837,0.0000, 0.0000, 0.0000, 1.0000///L_ForeArm
HLP_L_Elbow__offset///1.0000, 0.0000, -0.0000, 0.5636,-0.0000, 1.0000, 0.0000, 0.0287,0.0000, -0.0000, 1.0000, 1.4837,0.0000, 0.0000, 0.0000, 1.0000///L_ForeArm
L_ForeArm_Slide__offset///1.0000, -0.0000, -0.0000, 0.6679,0.0000, 1.0000, 0.0000, 0.0000,0.0000, -0.0000, 1.0000, 1.4837,0.0000, 0.0000, 0.0000, 1.0000///L_ForeArm
L_ForeArm__offset///1.0000, 0.0000, -0.0000, 0.5637,-0.0000, 1.0000, 0.0000, 0.0000,0.0000, -0.0000, 1.0000, 1.4837,0.0000, 0.0000, 0.0000, 1.0000///L_ForeArm
HLP_L_Arm_Top__offset///1.0000, 0.0000, -0.0000, 0.2732,0.0000, 1.0000, 0.0000, 0.0000,0.0000, 0.0000, 1.0000, 1.4837,0.0000, 0.0000, 0.0000, 1.0000///L_Arm
HLP_L_Arm_Mid__offset///1.0000, -0.0000, -0.0000, 0.4086,0.0000, 1.0000, 0.0000, 0.0000,0.0000, -0.0000, 1.0000, 1.4837,0.0000, 0.0000, 0.0000, 1.0000///L_Arm
L_Bicep_Slide__offset///1.0000, -0.0000, -0.0000, 0.4276,0.0000, 1.0000, 0.0000, -0.0015,0.0000, -0.0000, 1.0000, 1.4837,0.0000, 0.0000, 0.0000, 1.0000///L_Arm
L_Tricep_Slide__offset///1.0000, -0.0000, -0.0000, 0.4276,0.0000, 1.0000, 0.0000, 0.0004,0.0000, -0.0000, 1.0000, 1.4837,0.0000, 0.0000, 0.0000, 1.0000///L_Arm
L_Arm_Btm__offset///1.0000, -0.0000, -0.0000, 0.5635,0.0000, 1.0000, 0.0000, 0.0000,0.0000, -0.0000, 1.0000, 1.4837,0.0000, 0.0000, 0.0000, 1.0000///L_Arm
HLP_L_ShldrBlade__offset///1.0000, -0.0000, -0.0000, 0.1504,0.0000, 1.0000, 0.0000, -0.0009,0.0000, -0.0000, 1.0000, 1.4644,0.0000, 0.0000, 0.0000, 1.0000///L_Shoulder
HLP_L_Shldr_B__offset///1.0000, -0.0000, -0.0000, 0.2730,0.0000, 1.0000, 0.0000, 0.0000,0.0000, -0.0000, 1.0000, 1.4837,0.0000, 0.0000, 0.0000, 1.0000///L_Shoulder
R_Shoulder///-1.0000, -0.0000, -0.0000, -0.1019,0.0000, 0.0000, -1.0000, 0.0000,0.0000, -1.0000, -0.0000, 1.4837,0.0000, 0.0000, 0.0000, 1.0000///Spine2
R_Arm///-1.0000, 0.0000, 0.0000, -0.2731,0.0000, 1.0000, -0.0000, 0.0000,-0.0000, -0.0000, -1.0000, 1.4837,0.0000, 0.0000, 0.0000, 1.0000///R_Shoulder
R_ForeArm///-1.0000, -0.0000, 0.0000, -0.5636,-0.0000, 1.0000, -0.0000, 0.0000,-0.0000, -0.0000, -1.0000, 1.4837,0.0000, 0.0000, 0.0000, 1.0000///R_Arm
R_Hand///-1.0000, 0.0000, 0.0000, -0.7863,-0.0000, -0.0000, -1.0000, 0.0000,0.0000, -1.0000, 0.0000, 1.4837,0.0000, 0.0000, 0.0000, 1.0000///R_ForeArm
R_FingerBase///-1.0000, -0.0000, 0.0000, -0.7921,-0.0000, -0.0000, -1.0000, -0.0230,0.0000, -1.0000, 0.0000, 1.4837,0.0000, 0.0000, 0.0000, 1.0000///R_Hand
R_Middle///-1.0000, -0.0000, 0.0000, -0.7921,-0.0000, -0.0000, -1.0000, -0.0115,0.0000, -1.0000, 0.0000, 1.4837,0.0000, 0.0000, 0.0000, 1.0000///R_FingerBase
R_Ring///-1.0000, -0.0000, 0.0000, -0.7921,-0.0000, -0.0000, -1.0000, 0.0000,0.0000, -1.0000, 0.0000, 1.4837,0.0000, 0.0000, 0.0000, 1.0000///R_Middle
R_Pinky///-1.0000, -0.0000, 0.0000, -0.7921,-0.0000, -0.0000, -1.0000, 0.0115,0.0000, -1.0000, 0.0000, 1.4837,0.0000, 0.0000, 0.0000, 1.0000///R_Ring
R_Pinky1///-1.0000, 0.0000, 0.0000, -0.9106,-0.0000, -0.0000, -1.0000, 0.0443,0.0000, -1.0000, 0.0000, 1.4855,0.0000, 0.0000, 0.0000, 1.0000///R_Pinky
R_Pinky2///-1.0000, 0.0000, 0.0000, -0.9659,-0.0000, -0.0000, -1.0000, 0.0443,0.0000, -1.0000, 0.0000, 1.4855,0.0000, 0.0000, 0.0000, 1.0000///R_Pinky1
R_Pinky3///-1.0000, 0.0000, 0.0000, -0.9909,-0.0000, -0.0000, -1.0000, 0.0443,0.0000, -1.0000, 0.0000, 1.4855,0.0000, 0.0000, 0.0000, 1.0000///R_Pinky2
R_Pinky4__null///-1.0000, 0.0000, 0.0000, -1.0255,-0.0000, -0.0000, -1.0000, 0.0443,0.0000, -1.0000, 0.0000, 1.4855,0.0000, 0.0000, 0.0000, 1.0000///R_Pinky3
R_Ring1///-1.0000, 0.0000, 0.0000, -0.9259,-0.0000, -0.0000, -1.0000, 0.0165,0.0000, -1.0000, 0.0000, 1.4877,0.0000, 0.0000, 0.0000, 1.0000///R_Ring
R_Ring2///-1.0000, 0.0000, 0.0000, -0.9871,-0.0000, -0.0000, -1.0000, 0.0165,0.0000, -1.0000, 0.0000, 1.4877,0.0000, 0.0000, 0.0000, 1.0000///R_Ring1
R_Ring3///-1.0000, 0.0000, 0.0000, -1.0232,-0.0000, -0.0000, -1.0000, 0.0165,0.0000, -1.0000, 0.0000, 1.4877,0.0000, 0.0000, 0.0000, 1.0000///R_Ring2
R_Ring4__null///-1.0000, 0.0000, 0.0000, -1.0578,-0.0000, -0.0000, -1.0000, 0.0165,0.0000, -1.0000, 0.0000, 1.4877,0.0000, 0.0000, 0.0000, 1.0000///R_Ring3
R_Middle1///-1.0000, 0.0000, 0.0000, -0.9300,-0.0000, -0.0000, -1.0000, -0.0147,0.0000, -1.0000, 0.0000, 1.4899,0.0000, 0.0000, 0.0000, 1.0000///R_Middle
R_Middle2///-1.0000, 0.0000, 0.0000, -0.9973,-0.0000, -0.0000, -1.0000, -0.0147,0.0000, -1.0000, 0.0000, 1.4899,0.0000, 0.0000, 0.0000, 1.0000///R_Middle1
R_Middle3///-1.0000, 0.0000, 0.0000, -1.0365,-0.0000, -0.0000, -1.0000, -0.0147,0.0000, -1.0000, 0.0000, 1.4899,0.0000, 0.0000, 0.0000, 1.0000///R_Middle2
R_Middle4__null///-1.0000, 0.0000, 0.0000, -1.0711,-0.0000, -0.0000, -1.0000, -0.0147,0.0000, -1.0000, 0.0000, 1.4899,0.0000, 0.0000, 0.0000, 1.0000///R_Middle3
R_Index1///-1.0000, 0.0000, 0.0000, -0.9300,-0.0000, -0.0000, -1.0000, -0.0474,0.0000, -1.0000, 0.0000, 1.4899,0.0000, 0.0000, 0.0000, 1.0000///R_FingerBase
R_Index2///-1.0000, 0.0000, 0.0000, -0.9938,-0.0000, -0.0000, -1.0000, -0.0474,0.0000, -1.0000, 0.0000, 1.4899,0.0000, 0.0000, 0.0000, 1.0000///R_Index1
R_Index3///-1.0000, 0.0000, 0.0000, -1.0307,-0.0000, -0.0000, -1.0000, -0.0474,0.0000, -1.0000, 0.0000, 1.4899,0.0000, 0.0000, 0.0000, 1.0000///R_Index2
R_Index4__null///-1.0000, 0.0000, 0.0000, -1.0652,-0.0000, -0.0000, -1.0000, -0.0474,0.0000, -1.0000, 0.0000, 1.4899,0.0000, 0.0000, 0.0000, 1.0000///R_Index3
R_Thumb1///-0.8053, -0.2750, 0.5252, -0.8144,-0.5122, 0.7689, -0.3827, -0.0514,-0.2986, -0.5772, -0.7601, 1.4669,0.0000, 0.0000, 0.0000, 1.0000///R_FingerBase
R_Thumb2///-0.8053, -0.2750, 0.5252, -0.8745,-0.5122, 0.7689, -0.3827, -0.0897,-0.2986, -0.5772, -0.7601, 1.4446,0.0000, 0.0000, 0.0000, 1.0000///R_Thumb1
R_Thumb3///-0.8053, -0.2750, 0.5252, -0.9108,-0.5122, 0.7689, -0.3827, -0.1127,-0.2986, -0.5772, -0.7601, 1.4311,0.0000, 0.0000, 0.0000, 1.0000///R_Thumb2
R_Thumb4__null///-0.8053, -0.2750, 0.5252, -0.9386,-0.5122, 0.7689, -0.3827, -0.1304,-0.2986, -0.5772, -0.7601, 1.4208,0.0000, 0.0000, 0.0000, 1.0000///R_Thumb3
HLP_R_ForeArm_Mid__offset///-1.0000, 0.0000, 0.0000, -0.6895,-0.0000, -0.0000, -1.0000, 0.0000,-0.0000, -1.0000, 0.0000, 1.4837,0.0000, 0.0000, 0.0000, 1.0000///R_ForeArm
HLP_R_ForeArm_Btm__offset///-1.0000, 0.0000, 0.0000, -0.7669,-0.0000, -0.0000, -1.0000, 0.0000,0.0000, -1.0000, 0.0000, 1.4837,0.0000, 0.0000, 0.0000, 1.0000///R_ForeArm
HLP_R_Elbow__offset///-1.0000, -0.0000, 0.0000, -0.5636,-0.0000, 1.0000, -0.0000, 0.0287,-0.0000, -0.0000, -1.0000, 1.4837,0.0000, 0.0000, 0.0000, 1.0000///R_ForeArm
R_ForeArm_Slide__offset///-1.0000, 0.0000, 0.0000, -0.6679,-0.0000, -0.0000, -1.0000, 0.0000,-0.0000, -1.0000, 0.0000, 1.4837,0.0000, 0.0000, 0.0000, 1.0000///R_ForeArm
R_ForeArm__offset///-1.0000, -0.0000, 0.0000, -0.5637,-0.0000, 1.0000, -0.0000, 0.0000,-0.0000, -0.0000, -1.0000, 1.4837,0.0000, 0.0000, 0.0000, 1.0000///R_ForeArm
HLP_R_Arm_Top__offset///-1.0000, 0.0000, -0.0000, -0.2732,0.0000, 1.0000, 0.0000, 0.0000,0.0000, 0.0000, -1.0000, 1.4837,0.0000, 0.0000, 0.0000, 1.0000///R_Arm
HLP_R_Arm_Mid__offset///-1.0000, 0.0000, 0.0000, -0.4086,0.0000, 1.0000, -0.0000, 0.0000,-0.0000, -0.0000, -1.0000, 1.4837,0.0000, 0.0000, 0.0000, 1.0000///R_Arm
R_Bicep_Slide__offset///-1.0000, 0.0000, 0.0000, -0.4276,0.0000, 1.0000, -0.0000, -0.0015,-0.0000, -0.0000, -1.0000, 1.4837,0.0000, 0.0000, 0.0000, 1.0000///R_Arm
R_Tricep_Slide__offset///-1.0000, 0.0000, 0.0000, -0.4276,0.0000, 1.0000, -0.0000, 0.0004,-0.0000, -0.0000, -1.0000, 1.4837,0.0000, 0.0000, 0.0000, 1.0000///R_Arm
R_Arm_Btm__offset///-1.0000, 0.0000, 0.0000, -0.5635,0.0000, 1.0000, -0.0000, 0.0000,-0.0000, -0.0000, -1.0000, 1.4837,0.0000, 0.0000, 0.0000, 1.0000///R_Arm
HLP_R_ShldrBlade__offset///-1.0000, 0.0000, 0.0000, -0.1504,0.0000, 1.0000, -0.0000, -0.0009,-0.0000, -0.0000, -1.0000, 1.4644,0.0000, 0.0000, 0.0000, 1.0000///R_Shoulder
HLP_R_Shldr_B__offset///-1.0000, 0.0000, 0.0000, -0.2730,0.0000, 1.0000, -0.0000, 0.0000,-0.0000, -0.0000, -1.0000, 1.4837,0.0000, 0.0000, 0.0000, 1.0000///R_Shoulder
HLP_L_CollarBone__offset///0.9817, -0.0001, 0.1902, 0.0102,0.1902, -0.0000, -0.9817, -0.0509,0.0001, 1.0000, -0.0000, 1.4837,0.0000, 0.0000, 0.0000, 1.0000///Spine2
HLP_L_Shldr_F__offset///0.9792, 0.1331, 0.1534, 0.1376,0.1524, 0.0174, -0.9882, -0.0608,-0.1342, 0.9910, -0.0032, 1.5557,0.0000, 0.0000, 0.0000, 1.0000///HLP_L_CollarBone__offset
L_Shldr_F1__null///0.9792, 0.1331, 0.1534, 0.2374,0.1524, 0.0174, -0.9882, -0.0453,-0.1342, 0.9910, -0.0032, 1.5420,0.0000, 0.0000, 0.0000, 1.0000///HLP_L_Shldr_F__offset
HLP_L_CollarBone_up__offset///0.9817, -0.0001, 0.1902, 0.0102,0.1902, -0.0000, -0.9817, -0.0508,0.0001, 1.0000, -0.0000, 1.4837,0.0000, 0.0000, 0.0000, 1.0000///HLP_L_CollarBone__offset
L_CollarBone1__null///0.9817, -0.0001, 0.1902, 0.2003,0.1902, -0.0000, -0.9817, -0.0141,0.0001, 1.0000, -0.0000, 1.4837,0.0000, 0.0000, 0.0000, 1.0000///HLP_L_CollarBone__offset
HLP_R_CollarBone__offset///-0.9817, -0.0001, -0.1902, -0.0102,0.1902, 0.0000, -0.9817, -0.0509,0.0001, -1.0000, -0.0000, 1.4837,0.0000, 0.0000, 0.0000, 1.0000///Spine2
HLP_R_Shldr_F__offset///-0.9792, -0.1331, 0.1534, -0.1376,0.1524, 0.0174, 0.9882, -0.0608,-0.1342, 0.9910, 0.0032, 1.5557,0.0000, 0.0000, 0.0000, 1.0000///HLP_R_CollarBone__offset
R_Shldr_F1__null///-0.9792, -0.1331, 0.1534, -0.2374,0.1524, 0.0174, 0.9882, -0.0453,-0.1342, 0.9910, 0.0032, 1.5420,0.0000, 0.0000, 0.0000, 1.0000///HLP_R_Shldr_F__offset
HLP_R_CollarBone_up__offset///-0.9817, -0.0001, -0.1902, -0.0102,0.1902, 0.0000, -0.9817, -0.0508,0.0001, -1.0000, -0.0000, 1.4837,0.0000, 0.0000, 0.0000, 1.0000///HLP_R_CollarBone__offset
R_CollarBone1__null///-0.9817, -0.0001, -0.1902, -0.2003,0.1902, 0.0000, -0.9817, -0.0141,0.0001, -1.0000, -0.0000, 1.4837,0.0000, 0.0000, 0.0000, 1.0000///HLP_R_CollarBone__offset
HLP_L_Pectoral__offset///0.9799, -0.1937, 0.0474, 0.0001,0.0465, -0.0092, -0.9989, -0.0194,0.1939, 0.9810, 0.0000, 1.4029,0.0000, 0.0000, 0.0000, 1.0000///Spine2
L_Pectoral__null///0.9799, -0.1937, 0.0474, 0.1998,0.0465, -0.0092, -0.9989, -0.0099,0.1939, 0.9810, -0.0000, 1.4424,0.0000, 0.0000, 0.0000, 1.0000///HLP_L_Pectoral__offset
HLP_L_Pectoral_side__offset///0.9799, -0.1937, 0.0474, 0.0001,0.0465, -0.0092, -0.9989, -0.0194,0.1939, 0.9810, -0.0000, 1.4030,0.0000, 0.0000, 0.0000, 1.0000///HLP_L_Pectoral__offset
HLP_R_Pectoral__offset///-0.9799, 0.1937, 0.0474, -0.0001,0.0465, -0.0092, 0.9989, -0.0194,0.1939, 0.9810, -0.0000, 1.4029,0.0000, 0.0000, 0.0000, 1.0000///Spine2
R_Pectoral__null///-0.9799, 0.1937, 0.0474, -0.1998,0.0465, -0.0092, 0.9989, -0.0099,0.1939, 0.9810, -0.0000, 1.4424,0.0000, 0.0000, 0.0000, 1.0000///HLP_R_Pectoral__offset
HLP_R_Pectoral_side__offset///-0.9799, 0.1937, 0.0474, -0.0001,0.0465, -0.0092, 0.9989, -0.0194,0.1939, 0.9810, 0.0000, 1.4030,0.0000, 0.0000, 0.0000, 1.0000///HLP_R_Pectoral__offset
Spine2__offset///0.0000, -0.0000, 1.0000, 0.0000,-0.0000, -1.0000, -0.0000, 0.0000,1.0000, -0.0000, -0.0000, 1.2594,0.0000, 0.0000, 0.0000, 1.0000///Spine2
Spine2_breast__offset///0.0000, -0.0000, 1.0000, 0.0000,-0.0000, -1.0000, -0.0000, 0.0001,1.0000, -0.0000, -0.0000, 1.2505,0.0000, 0.0000, 0.0000, 1.0000///Spine2__offset
Spine2up__offset///0.0000, -0.0000, 1.0000, 0.0000,-0.0000, -1.0000, -0.0000, 0.0000,1.0000, -0.0000, -0.0000, 1.2595,0.0000, 0.0000, 0.0000, 1.0000///Spine2__offset
Spine2side__offset///0.0000, -0.0000, 1.0000, 0.0000,-0.0000, -1.0000, -0.0000, 0.0000,1.0000, -0.0000, -0.0000, 1.2593,0.0000, 0.0000, 0.0000, 1.0000///Spine2
OPT0_bustL///0.3127, -0.0846, -0.9461, 0.0224,-0.9461, 0.0601, -0.3181, 0.0796,0.0838, 0.9946, -0.0612, 1.3287,0.0000, 0.0000, 0.0000, 1.0000///Spine2
OPT1_bustL///-0.3127, -0.0846, 0.9461, 0.1066,0.9461, 0.0601, 0.3181, -0.1750,-0.0838, 0.9946, 0.0612, 1.3513,0.0000, 0.0000, 0.0000, 1.0000///OPT0_bustL
OPT1_bustL_end///0.9983, -0.0464, 0.0341, 0.0825,0.0316, -0.0539, -0.9980, -0.1022,0.0482, 0.9975, -0.0523, 1.3448,0.0000, 0.0000, 0.0000, 1.0000///OPT1_bustL
OPT2_bustR///0.3127, -0.0845, -0.9461, -0.0222,0.9461, -0.0601, 0.3181, 0.0796,-0.0838, -0.9946, 0.0612, 1.3287,0.0000, 0.0000, 0.0000, 1.0000///Spine2
OPT3_bustR///-0.3127, -0.0845, 0.9461, -0.1064,-0.9461, -0.0601, -0.3181, -0.1750,0.0838, -0.9946, -0.0612, 1.3513,0.0000, 0.0000, 0.0000, 1.0000///OPT2_bustR
OPT1_bustR_end///0.9983, -0.0464, 0.0341, -0.0823,-0.0316, 0.0539, 0.9980, -0.1022,-0.0481, -0.9975, 0.0523, 1.3448,0.0000, 0.0000, 0.0000, 1.0000///OPT3_bustR
Spine1__offset///0.0000, -0.0000, 1.0000, 0.0000,-0.0000, -1.0000, -0.0000, 0.0000,1.0000, -0.0000, -0.0000, 1.1269,0.0000, 0.0000, 0.0000, 1.0000///Spine1
Spine1_front__offset///0.0000, -0.0000, 1.0000, 0.0000,-0.0000, -1.0000, -0.0000, 0.0000,1.0000, -0.0000, -0.0000, 1.1271,0.0000, 0.0000, 0.0000, 1.0000///Spine1
Hip///-0.0000, -0.0000, 1.0000, 0.0000,-0.0000, 1.0000, 0.0000, 0.0000,-1.0000, 0.0000, -0.0000, 1.1270,0.0000, 0.0000, 0.0000, 1.0000///BASE
L_UpLeg///0.0000, 0.0000, 1.0000, 0.0980,-0.0001, 1.0000, -0.0000, -0.0000,-1.0000, -0.0001, 0.0000, 0.9702,0.0000, 0.0000, 0.0000, 1.0000///Hip
L_Leg///0.0000, 0.0000, 1.0000, 0.0980,0.0001, 1.0000, -0.0000, -0.0000,-1.0000, 0.0001, 0.0000, 0.5390,0.0000, 0.0000, 0.0000, 1.0000///L_UpLeg
L_Foot///-0.0000, 0.0000, 1.0000, 0.0980,0.0000, 1.0000, -0.0000, -0.0000,-1.0000, 0.0000, -0.0000, 0.1274,0.0000, 0.0000, 0.0000, 1.0000///L_Leg
L_Toe///-0.0000, 0.0000, 1.0000, 0.0980,-1.0000, 0.0000, -0.0000, -0.1500,0.0000, -1.0000, 0.0000, 0.0296,0.0000, 0.0000, 0.0000, 1.0000///L_Foot
L_Toe1__null///-0.0000, 0.0000, 1.0000, 0.0980,-1.0000, 0.0000, -0.0000, -0.2774,-0.0000, -1.0000, 0.0000, 0.0296,0.0000, 0.0000, 0.0000, 1.0000///L_Toe
L_Toe__offset///-0.0000, 0.0000, 1.0000, 0.0980,-1.0000, 0.0000, -0.0000, -0.1616,0.0000, -1.0000, 0.0000, 0.0296,0.0000, 0.0000, 0.0000, 1.0000///L_Toe
ATH_L_Toe_Btm///1.0000, 0.0000, -0.0000, 0.0980,-0.0000, 1.0000, -0.0000, -0.1568,0.0000, 0.0000, 1.0000, -0.0000,0.0000, 0.0000, 0.0000, 1.0000///L_Toe
L_Foot__offset///-0.0000, 0.0000, 1.0000, 0.0980,0.0000, 1.0000, -0.0000, -0.0000,-1.0000, 0.0000, -0.0000, 0.1273,0.0000, 0.0000, 0.0000, 1.0000///L_Foot
L_Ankle__offset///-0.0000, 0.0000, 1.0000, 0.0980,0.0000, 1.0000, -0.0000, -0.0000,-1.0000, 0.0000, -0.0000, 0.1275,0.0000, 0.0000, 0.0000, 1.0000///L_Foot
ATH_L_Foot_Btm///1.0000, 0.0000, 0.0000, 0.0980,-0.0000, 1.0000, 0.0000, -0.0000,-0.0000, -0.0000, 1.0000, 0.0000,0.0000, 0.0000, 0.0000, 1.0000///L_Foot
L_Calf_Slide__offset///1.0000, -0.0000, -0.0000, 0.0980,-0.0000, -0.0001, -1.0000, -0.0000,0.0000, 1.0000, -0.0001, 0.3332,0.0000, 0.0000, 0.0000, 1.0000///L_Leg
L_Leg__offset///0.0000, 0.0000, 1.0000, 0.0980,0.0001, 1.0000, -0.0000, -0.0000,-1.0000, 0.0001, 0.0000, 0.5389,0.0000, 0.0000, 0.0000, 1.0000///L_Leg
HLP_L_Knee__offset///0.0000, 0.0000, 1.0000, 0.0980,0.0000, 1.0000, -0.0000, -0.0197,-1.0000, 0.0000, 0.0000, 0.5390,0.0000, 0.0000, 0.0000, 1.0000///L_UpLeg
HLP_L_UpLeg_Top__offset///0.0000, -0.0000, 1.0000, 0.0980,0.0000, 1.0000, 0.0000, -0.0000,-1.0000, 0.0000, 0.0000, 0.9703,0.0000, 0.0000, 0.0000, 1.0000///L_UpLeg
HLP_L_UpLeg_Mid__offset///0.0000, 0.0000, 1.0000, 0.0980,-0.0000, 1.0000, -0.0000, -0.0000,-1.0000, -0.0000, 0.0000, 0.7742,0.0000, 0.0000, 0.0000, 1.0000///L_UpLeg
L_Thigh_Slide__offset///1.0000, -0.0000, -0.0000, 0.0980,-0.0000, 0.0001, -1.0000, -0.0010,0.0000, 1.0000, 0.0001, 0.7546,0.0000, 0.0000, 0.0000, 1.0000///L_UpLeg
L_UpLeg__offset///0.0000, 0.0000, 1.0000, 0.0980,-0.0001, 1.0000, -0.0000, -0.0000,-1.0000, -0.0001, 0.0000, 0.9701,0.0000, 0.0000, 0.0000, 1.0000///L_UpLeg
R_UpLeg///0.0000, 0.0000, 1.0000, -0.0980,-0.0001, 1.0000, 0.0000, -0.0000,-1.0000, -0.0001, 0.0000, 0.9702,0.0000, 0.0000, 0.0000, 1.0000///Hip
R_Leg///0.0000, 0.0000, 1.0000, -0.0980,0.0001, 1.0000, -0.0000, -0.0000,-1.0000, 0.0001, 0.0000, 0.5390,0.0000, 0.0000, 0.0000, 1.0000///R_UpLeg
R_Foot///0.0013, 0.0000, 1.0000, -0.0980,0.0000, 1.0000, -0.0000, -0.0000,-1.0000, 0.0000, 0.0013, 0.1274,0.0000, 0.0000, 0.0000, 1.0000///R_Leg
R_Toe///-0.0000, 0.0013, 1.0000, -0.0979,-1.0000, 0.0000, -0.0000, -0.1500,-0.0000, -1.0000, 0.0013, 0.0296,0.0000, 0.0000, 0.0000, 1.0000///R_Foot
R_Toe1__null///-0.0000, 0.0013, 1.0000, -0.0979,-1.0000, 0.0000, -0.0000, -0.2774,0.0000, -1.0000, 0.0013, 0.0296,0.0000, 0.0000, 0.0000, 1.0000///R_Toe
R_Toe__offset///-0.0000, 0.0013, 1.0000, -0.0979,-1.0000, 0.0000, -0.0000, -0.1616,-0.0000, -1.0000, 0.0013, 0.0296,0.0000, 0.0000, 0.0000, 1.0000///R_Toe
ATH_R_Toe_Btm///1.0000, 0.0000, 0.0000, -0.0978,-0.0000, 1.0000, 0.0000, -0.1568,-0.0000, -0.0000, 1.0000, -0.0000,0.0000, 0.0000, 0.0000, 1.0000///R_Toe
R_Foot__offset///0.0013, 0.0000, 1.0000, -0.0980,0.0000, 1.0000, -0.0000, -0.0000,-1.0000, 0.0000, 0.0013, 0.1273,0.0000, 0.0000, 0.0000, 1.0000///R_Foot
R_Ankle__offset///-0.0013, 0.0000, 1.0000, -0.0980,-0.0000, -1.0000, -0.0000, -0.0000,1.0000, -0.0000, 0.0013, 0.1275,0.0000, 0.0000, 0.0000, 1.0000///R_Foot
ATH_R_Foot_Btm///1.0000, 0.0000, 0.0000, -0.0978,-0.0000, 1.0000, 0.0000, -0.0000,-0.0000, -0.0000, 1.0000, 0.0000,0.0000, 0.0000, 0.0000, 1.0000///R_Foot
R_Calf_Slide__offset///1.0000, -0.0000, 0.0000, -0.0980,0.0000, -0.0001, -1.0000, -0.0000,0.0000, 1.0000, -0.0001, 0.3332,0.0000, 0.0000, 0.0000, 1.0000///R_Leg
R_Leg__offset///0.0000, 0.0000, 1.0000, -0.0980,0.0001, 1.0000, -0.0000, -0.0000,-1.0000, 0.0001, 0.0000, 0.5389,0.0000, 0.0000, 0.0000, 1.0000///R_Leg
HLP_R_Knee__offset///0.0000, 0.0000, 1.0000, -0.0980,0.0000, 1.0000, -0.0000, -0.0197,-1.0000, 0.0000, 0.0000, 0.5390,0.0000, 0.0000, 0.0000, 1.0000///R_UpLeg
HLP_R_UpLeg_Top__offset///0.0000, -0.0000, 1.0000, -0.0980,0.0000, 1.0000, 0.0000, -0.0000,-1.0000, 0.0000, 0.0000, 0.9703,0.0000, 0.0000, 0.0000, 1.0000///R_UpLeg
HLP_R_UpLeg_Mid__offset///0.0000, -0.0000, 1.0000, -0.0980,-0.0000, 1.0000, 0.0000, -0.0000,-1.0000, -0.0000, 0.0000, 0.7742,0.0000, 0.0000, 0.0000, 1.0000///R_UpLeg
R_Thigh_Slide__offset///1.0000, -0.0000, 0.0000, -0.0980,0.0000, 0.0001, -1.0000, -0.0010,0.0000, 1.0000, 0.0001, 0.7546,0.0000, 0.0000, 0.0000, 1.0000///R_UpLeg
R_UpLeg__offset///0.0000, 0.0000, 1.0000, -0.0980,-0.0001, 1.0000, 0.0000, -0.0000,-1.0000, -0.0001, 0.0000, 0.9701,0.0000, 0.0000, 0.0000, 1.0000///R_UpLeg
HLP_L_Butt__offset///0.0000, -0.0000, 1.0000, 0.0981,0.0000, 1.0000, 0.0000, 0.0001,-1.0000, 0.0000, 0.0000, 0.9701,0.0000, 0.0000, 0.0000, 1.0000///Hip
HLP_R_Butt__offset///0.0000, -0.0000, 1.0000, -0.0981,0.0000, 1.0000, 0.0000, 0.0001,-1.0000, 0.0000, 0.0000, 0.9701,0.0000, 0.0000, 0.0000, 1.0000///Hip
HLP_L_Inguinal__offset///-0.1165, -0.0101, -0.9932, 0.1637,0.0867, -0.9962, -0.0000, -0.0489,-0.9894, -0.0861, 0.1169, 1.0966,0.0000, 0.0000, 0.0000, 1.0000///Hip
L_Inguinal1__null///-0.1165, -0.0101, -0.9932, 0.1294,0.0867, -0.9962, -0.0000, -0.0234,-0.9894, -0.0861, 0.1169, 0.8057,0.0000, 0.0000, 0.0000, 1.0000///HLP_L_Inguinal__offset
HLP_R_Inguinal__offset///0.1165, 0.0101, -0.9932, -0.1637,0.0867, -0.9962, -0.0000, -0.0489,-0.9894, -0.0861, -0.1169, 1.0966,0.0000, 0.0000, 0.0000, 1.0000///Hip
R_Inguinal__null///0.1165, 0.0101, -0.9932, -0.1294,0.0867, -0.9962, -0.0000, -0.0234,-0.9894, -0.0861, -0.1169, 0.8057,0.0000, 0.0000, 0.0000, 1.0000///HLP_R_Inguinal__offset
Hip__offset///-0.0000, -0.0000, 1.0000, 0.0000,-0.0000, 1.0000, 0.0000, 0.0000,-1.0000, 0.0000, -0.0000, 1.1271,0.0000, 0.0000, 0.0000, 1.0000///Hip
Hip_front__offset///-0.0000, -0.0000, 1.0000, -0.0000,-0.0000, 1.0000, 0.0000, 0.0000,-1.0000, 0.0000, -0.0000, 1.1269,0.0000, 0.0000, 0.0000, 1.0000///Hip
EDIT__null///1.0000, 0.0000, 0.0000, 0.0014,0.0000, 1.0000, 0.0000, 0.0000,0.0000, 0.0000, 1.0000, -0.0000,0.0000, 0.0000, 0.0000, 1.0000///MODEL_00
Deform__null///1.0000, 0.0000, 0.0000, 0.0083,0.0000, 1.0000, 0.0000, 0.0015,0.0000, 0.0000, 1.0000, -0.0002,0.0000, 0.0000, 0.0000, 1.0000///EDIT__null
