MODEL_00///1.0000, 0.0000, 0.0000, 0.0000,0.0000, 1.0000, 0.0000, -0.0000,0.0000, 0.0000, 1.0000, 0.0000,0.0000, 0.0000, 0.0000, 1.0000///
BODY_SCALE__group///1.0000, 0.0000, 0.0000, 0.0000,0.0000, 0.0000, -1.0000, 0.0000,0.0000, 1.0000, 0.0000, 0.0000,0.0000, 0.0000, 0.0000, 1.0000///MODEL_00
BASE///1.0000, 0.0000, 0.0000, 0.0000,0.0000, -0.0000, -1.0000, 0.0000,0.0000, 1.0000, -0.0000, 1.0810,0.0000, 0.0000, 0.0000, 1.0000///BODY_SCALE__group
Spine1///0.0000, -0.0000, 1.0000, 0.0000,-0.0000, -1.0000, -0.0000, 0.0000,1.0000, -0.0000, -0.0000, 1.0810,0.0000, 0.0000, 0.0000, 1.0000///BASE
Spine2///0.0000, -0.0000, 1.0000, 0.0000,-0.0000, -1.0000, -0.0000, 0.0000,1.0000, -0.0000, -0.0000, 1.1971,0.0000, 0.0000, 0.0000, 1.0000///Spine1
Neck///0.0000, -0.0000, 1.0000, 0.0000,-0.0000, -1.0000, -0.0000, 0.0000,1.0000, -0.0000, -0.0000, 1.4382,0.0000, 0.0000, 0.0000, 1.0000///Spine2
Head///-0.0000, 1.0000, -0.0000, 0.0000,-1.0000, -0.0000, -0.0000, 0.0000,-0.0000, 0.0000, 1.0000, 1.5454,0.0000, 0.0000, 0.0000, 1.0000///Neck
Head__offset///-0.0000, 1.0000, -0.0000, 0.0000,-1.0000, -0.0000, 0.0003, 0.0000,0.0003, 0.0000, 1.0000, 1.5455,0.0000, 0.0000, 0.0000, 1.0000///Head
ATH_Head_Top///1.0000, -0.0000, 0.0000, -0.0000,0.0000, 1.0000, 0.0000, 0.0000,-0.0000, 0.0000, 1.0000, 1.7045,0.0000, 0.0000, 0.0000, 1.0000///Head
L_Mayu2_Joint///1.0000, 0.0000, -0.0000, 0.0361,-0.0000, -0.0000, -1.0000, -0.1073,-0.0000, 1.0000, -0.0000, 1.5985,0.0000, 0.0000, 0.0000, 1.0000///Head
L_Mayu3_Joint///1.0000, 0.0000, -0.0000, 0.0527,-0.0000, -0.0000, -1.0000, -0.0897,-0.0000, 1.0000, -0.0000, 1.5982,0.0000, 0.0000, 0.0000, 1.0000///Head
L_Mayu1_Joint///1.0000, 0.0000, -0.0000, 0.0159,-0.0000, -0.0000, -1.0000, -0.1108,-0.0000, 1.0000, -0.0000, 1.5896,0.0000, 0.0000, 0.0000, 1.0000///Head
R_Mayu3_Joint///1.0000, 0.0000, -0.0000, -0.0527,-0.0000, -0.0000, -1.0000, -0.0897,-0.0000, 1.0000, -0.0000, 1.5983,0.0000, 0.0000, 0.0000, 1.0000///Head
R_Mayu2_Joint///1.0000, 0.0000, -0.0000, -0.0361,-0.0000, -0.0000, -1.0000, -0.1073,-0.0000, 1.0000, -0.0000, 1.5985,0.0000, 0.0000, 0.0000, 1.0000///Head
R_Mayu1_Joint///1.0000, 0.0000, -0.0000, -0.0159,-0.0000, -0.0000, -1.0000, -0.1108,-0.0000, 1.0000, -0.0000, 1.5896,0.0000, 0.0000, 0.0000, 1.0000///Head
R_Eyecorner///1.0000, 0.0000, -0.0000, -0.0483,-0.0000, -0.0000, -1.0000, -0.0952,-0.0000, 1.0000, -0.0000, 1.5857,0.0000, 0.0000, 0.0000, 1.0000///Head
R_UwaMabuta_Joint///1.0000, 0.0000, -0.0000, -0.0300,-0.0000, -0.0000, -1.0000, -0.0780,-0.0000, 1.0000, -0.0000, 1.5839,0.0000, 0.0000, 0.0000, 1.0000///Head
R_UpEyelid1///1.0000, 0.0000, -0.0000, -0.0289,-0.0000, -0.0000, -1.0000, -0.1051,-0.0000, 1.0000, -0.0000, 1.5878,0.0000, 0.0000, 0.0000, 1.0000///R_UwaMabuta_Joint
R_UpEyelid2///1.0000, 0.0000, -0.0000, -0.0401,-0.0000, -0.0000, -1.0000, -0.1020,-0.0000, 1.0000, -0.0000, 1.5885,0.0000, 0.0000, 0.0000, 1.0000///R_UwaMabuta_Joint
L_UwaMabuta_Joint///1.0000, 0.0000, 0.0000, 0.0300,0.0000, -0.0000, -1.0000, -0.0780,-0.0000, 1.0000, -0.0000, 1.5839,0.0000, 0.0000, 0.0000, 1.0000///Head
L_UpEyelid2///1.0000, 0.0000, 0.0000, 0.0401,0.0000, -0.0000, -1.0000, -0.1020,0.0000, 1.0000, -0.0000, 1.5885,0.0000, 0.0000, 0.0000, 1.0000///L_UwaMabuta_Joint
L_UpEyelid1///1.0000, 0.0000, 0.0000, 0.0289,0.0000, -0.0000, -1.0000, -0.1051,-0.0000, 1.0000, -0.0000, 1.5878,0.0000, 0.0000, 0.0000, 1.0000///L_UwaMabuta_Joint
L_Eyecorner///1.0000, 0.0000, -0.0000, 0.0483,-0.0000, -0.0000, -1.0000, -0.0952,-0.0000, 1.0000, -0.0000, 1.5857,0.0000, 0.0000, 0.0000, 1.0000///Head
L_Eye_Joint///1.0000, 0.0000, 0.0000, 0.0321,0.0000, -0.0000, -1.0000, -0.0875,0.0000, 1.0000, -0.0000, 1.5848,0.0000, 0.0000, 0.0000, 1.0000///Head
R_Eye_Joint///1.0000, 0.0000, -0.0000, -0.0321,-0.0000, -0.0000, -1.0000, -0.0875,-0.0000, 1.0000, -0.0000, 1.5848,0.0000, 0.0000, 0.0000, 1.0000///Head
R_SitaMabuta_Joint///1.0000, 0.0000, -0.0000, -0.0300,-0.0000, -0.0000, -1.0000, -0.0780,-0.0000, 1.0000, -0.0000, 1.5838,0.0000, 0.0000, 0.0000, 1.0000///Head
R_LowEyelid1///1.0000, 0.0000, -0.0000, -0.0276,-0.0000, -0.0000, -1.0000, -0.1032,-0.0000, 1.0000, -0.0000, 1.5781,0.0000, 0.0000, 0.0000, 1.0000///R_SitaMabuta_Joint
R_LowEyelid2///1.0000, 0.0000, -0.0000, -0.0415,-0.0000, -0.0000, -1.0000, -0.1016,-0.0000, 1.0000, -0.0000, 1.5789,0.0000, 0.0000, 0.0000, 1.0000///R_SitaMabuta_Joint
L_SitaMabuta_Joint///1.0000, 0.0000, -0.0000, 0.0300,-0.0000, -0.0000, -1.0000, -0.0780,-0.0000, 1.0000, -0.0000, 1.5838,0.0000, 0.0000, 0.0000, 1.0000///Head
L_LowEyelid2///1.0000, 0.0000, -0.0000, 0.0415,-0.0000, -0.0000, -1.0000, -0.1016,-0.0000, 1.0000, -0.0000, 1.5789,0.0000, 0.0000, 0.0000, 1.0000///L_SitaMabuta_Joint
L_LowEyelid1///1.0000, 0.0000, -0.0000, 0.0276,-0.0000, -0.0000, -1.0000, -0.1032,-0.0000, 1.0000, -0.0000, 1.5781,0.0000, 0.0000, 0.0000, 1.0000///L_SitaMabuta_Joint
L_Hoho_Joint///1.0000, 0.0000, -0.0000, 0.0537,-0.0000, -0.0000, -1.0000, -0.0990,-0.0000, 1.0000, -0.0000, 1.5643,0.0000, 0.0000, 0.0000, 1.0000///Head
L_Hana_Joint///1.0000, 0.0000, -0.0000, 0.0160,-0.0000, -0.0000, -1.0000, -0.1148,-0.0000, 1.0000, -0.0000, 1.5661,0.0000, 0.0000, 0.0000, 1.0000///Head
R_Hana_Joint///1.0000, 0.0000, -0.0000, -0.0160,-0.0000, -0.0000, -1.0000, -0.1148,-0.0000, 1.0000, -0.0000, 1.5661,0.0000, 0.0000, 0.0000, 1.0000///Head
R_Hoho_Joint///1.0000, 0.0000, -0.0000, -0.0537,-0.0000, -0.0000, -1.0000, -0.0990,-0.0000, 1.0000, -0.0000, 1.5643,0.0000, 0.0000, 0.0000, 1.0000///Head
L_Kobana_Joint///1.0000, 0.0000, -0.0000, 0.0119,-0.0000, -0.0000, -1.0000, -0.1164,-0.0000, 1.0000, -0.0000, 1.5449,0.0000, 0.0000, 0.0000, 1.0000///Head
R_Kobana_Joint///1.0000, 0.0000, -0.0000, -0.0119,-0.0000, -0.0000, -1.0000, -0.1164,-0.0000, 1.0000, -0.0000, 1.5449,0.0000, 0.0000, 0.0000, 1.0000///Head
L_Chobo_Joint///1.0000, 0.0000, -0.0000, 0.0563,-0.0000, -0.0000, -1.0000, -0.0753,-0.0000, 1.0000, -0.0000, 1.5313,0.0000, 0.0000, 0.0000, 1.0000///Head
R_Chobo_Joint///1.0000, 0.0000, -0.0000, -0.0563,-0.0000, -0.0000, -1.0000, -0.0753,-0.0000, 1.0000, -0.0000, 1.5313,0.0000, 0.0000, 0.0000, 1.0000///Head
L_LipU_Joint///1.0000, 0.0000, -0.0000, 0.0132,-0.0000, -0.0000, -1.0000, -0.1120,-0.0000, 1.0000, -0.0000, 1.5256,0.0000, 0.0000, 0.0000, 1.0000///Head
R_LipU_Joint///1.0000, 0.0000, -0.0000, -0.0132,-0.0000, -0.0000, -1.0000, -0.1120,-0.0000, 1.0000, -0.0000, 1.5257,0.0000, 0.0000, 0.0000, 1.0000///Head
M_LipU_Joint///1.0000, 0.0000, -0.0000, -0.0000,-0.0000, -0.0000, -1.0000, -0.1181,-0.0000, 1.0000, -0.0000, 1.5266,0.0000, 0.0000, 0.0000, 1.0000///Head
Jaw_Joint///1.0000, 0.0000, -0.0000, -0.0000,-0.0000, -0.0000, -1.0000, -0.0407,-0.0000, 1.0000, -0.0000, 1.5471,0.0000, 0.0000, 0.0000, 1.0000///Head
L_LipD_Joint///1.0000, 0.0000, -0.0000, 0.0117,-0.0000, -0.0000, -1.0000, -0.1103,-0.0000, 1.0000, -0.0000, 1.5146,0.0000, 0.0000, 0.0000, 1.0000///Jaw_Joint
R_LipD_Joint///1.0000, 0.0000, -0.0000, -0.0117,-0.0000, -0.0000, -1.0000, -0.1103,-0.0000, 1.0000, -0.0000, 1.5146,0.0000, 0.0000, 0.0000, 1.0000///Jaw_Joint
M_LipD_Joint///1.0000, 0.0000, -0.0000, -0.0000,-0.0000, -0.0000, -1.0000, -0.1118,-0.0000, 1.0000, -0.0000, 1.5125,0.0000, 0.0000, 0.0000, 1.0000///Jaw_Joint
L_LipE_Joint///1.0000, 0.0000, -0.0000, 0.0209,-0.0000, -0.0000, -1.0000, -0.1014,-0.0000, 1.0000, -0.0000, 1.5206,0.0000, 0.0000, 0.0000, 1.0000///Jaw_Joint
R_LipE_Joint///1.0000, -0.0000, -0.0000, -0.0209,-0.0000, -0.0000, -1.0000, -0.1014,0.0000, 1.0000, -0.0000, 1.5206,0.0000, 0.0000, 0.0000, 1.0000///Jaw_Joint
Bero1_Joint///0.0000, -0.0000, -1.0000, -0.0000,-1.0000, -0.0000, -0.0000, -0.0660,-0.0000, 1.0000, -0.0000, 1.5255,0.0000, 0.0000, 0.0000, 1.0000///Jaw_Joint
Bero1_Joint_pos///1.0000, -0.0000, 0.0000, -0.0000,0.0000, 0.0000, -1.0000, -0.0847,0.0000, 1.0000, 0.0000, 1.5214,0.0000, 0.0000, 0.0000, 1.0000///Bero1_Joint
Bero2_Joint///-0.0000, 0.0001, -1.0000, -0.0000,-0.9158, -0.4016, -0.0000, -0.0847,-0.4016, 0.9158, 0.0001, 1.5214,0.0000, 0.0000, 0.0000, 1.0000///Bero1_Joint_pos
Bero3_Joint///1.0000, 0.0001, 0.0000, -0.0000,0.0000, 0.0000, -1.0000, -0.1035,-0.0001, 1.0000, -0.0000, 1.5159,0.0000, 0.0000, 0.0000, 1.0000///Bero2_Joint
ATH_Head_mask_knm///-0.0000, 1.0000, 0.0000, -0.0000,-1.0000, -0.0000, 0.0000, -0.1630,0.0000, 0.0000, 1.0000, 1.5798,0.0000, 0.0000, 0.0000, 1.0000///Head
Neck__offset///0.0000, -0.0000, 1.0000, 0.0000,-0.0000, -1.0000, -0.0000, 0.0000,1.0000, -0.0000, -0.0000, 1.4381,0.0000, 0.0000, 0.0000, 1.0000///Neck
Neck_back__offset///0.0000, -0.0001, 1.0000, 0.0000,0.0001, -1.0000, -0.0001, 0.0000,1.0000, 0.0001, -0.0000, 1.4383,0.0000, 0.0000, 0.0000, 1.0000///Neck
L_Shoulder///1.0000, -0.0000, -0.0000, 0.0893,-0.0000, -0.0000, -1.0000, 0.0000,0.0000, 1.0000, -0.0000, 1.3935,0.0000, 0.0000, 0.0000, 1.0000///Spine2
L_Arm///1.0000, -0.0000, -0.0000, 0.1456,0.0000, 1.0000, 0.0000, 0.0000,0.0000, -0.0000, 1.0000, 1.3935,0.0000, 0.0000, 0.0000, 1.0000///L_Shoulder
L_ForeArm///1.0000, 0.0000, -0.0000, 0.4436,-0.0000, 1.0000, 0.0000, 0.0000,0.0000, -0.0000, 1.0000, 1.3936,0.0000, 0.0000, 0.0000, 1.0000///L_Arm
L_Hand///1.0000, -0.0000, -0.0000, 0.6567,-0.0000, 0.0000, -1.0000, 0.0000,0.0000, 1.0000, 0.0000, 1.3936,0.0000, 0.0000, 0.0000, 1.0000///L_ForeArm
L_FingerBase///1.0000, -0.0000, -0.0000, 0.6607,-0.0000, 0.0000, -1.0000, -0.0161,0.0000, 1.0000, 0.0000, 1.3936,0.0000, 0.0000, 0.0000, 1.0000///L_Hand
L_Middle///1.0000, -0.0000, -0.0000, 0.6607,-0.0000, 0.0000, -1.0000, -0.0080,0.0000, 1.0000, 0.0000, 1.3936,0.0000, 0.0000, 0.0000, 1.0000///L_FingerBase
L_Ring///1.0000, -0.0000, -0.0000, 0.6607,-0.0000, 0.0000, -1.0000, 0.0000,0.0000, 1.0000, 0.0000, 1.3936,0.0000, 0.0000, 0.0000, 1.0000///L_Middle
L_Pinky///1.0000, -0.0000, -0.0000, 0.6607,-0.0000, 0.0000, -1.0000, 0.0080,0.0000, 1.0000, 0.0000, 1.3936,0.0000, 0.0000, 0.0000, 1.0000///L_Ring
L_Pinky1///1.0000, -0.0000, -0.0000, 0.7434,-0.0000, 0.0000, -1.0000, 0.0309,0.0000, 1.0000, 0.0000, 1.3948,0.0000, 0.0000, 0.0000, 1.0000///L_Pinky
L_Pinky2///1.0000, -0.0000, -0.0000, 0.7820,-0.0000, 0.0000, -1.0000, 0.0309,0.0000, 1.0000, 0.0000, 1.3948,0.0000, 0.0000, 0.0000, 1.0000///L_Pinky1
L_Pinky3///1.0000, -0.0000, -0.0000, 0.7995,-0.0000, 0.0000, -1.0000, 0.0309,0.0000, 1.0000, 0.0000, 1.3948,0.0000, 0.0000, 0.0000, 1.0000///L_Pinky2
L_Pinky4__null///1.0000, -0.0000, -0.0000, 0.8236,-0.0000, 0.0000, -1.0000, 0.0309,0.0000, 1.0000, 0.0000, 1.3948,0.0000, 0.0000, 0.0000, 1.0000///L_Pinky3
L_Ring1///1.0000, -0.0000, -0.0000, 0.7541,-0.0000, 0.0000, -1.0000, 0.0115,0.0000, 1.0000, 0.0000, 1.3963,0.0000, 0.0000, 0.0000, 1.0000///L_Ring
L_Ring2///1.0000, -0.0000, -0.0000, 0.7969,-0.0000, 0.0000, -1.0000, 0.0115,0.0000, 1.0000, 0.0000, 1.3963,0.0000, 0.0000, 0.0000, 1.0000///L_Ring1
L_Ring3///1.0000, -0.0000, -0.0000, 0.8220,-0.0000, 0.0000, -1.0000, 0.0115,0.0000, 1.0000, 0.0000, 1.3963,0.0000, 0.0000, 0.0000, 1.0000///L_Ring2
L_Ring4__null///1.0000, -0.0000, -0.0000, 0.8461,-0.0000, 0.0000, -1.0000, 0.0115,0.0000, 1.0000, 0.0000, 1.3963,0.0000, 0.0000, 0.0000, 1.0000///L_Ring3
L_Middle1///1.0000, -0.0000, -0.0000, 0.7570,-0.0000, 0.0000, -1.0000, -0.0103,0.0000, 1.0000, 0.0000, 1.3978,0.0000, 0.0000, 0.0000, 1.0000///L_Middle
L_Middle2///1.0000, -0.0000, -0.0000, 0.8039,-0.0000, 0.0000, -1.0000, -0.0103,0.0000, 1.0000, 0.0000, 1.3978,0.0000, 0.0000, 0.0000, 1.0000///L_Middle1
L_Middle3///1.0000, -0.0000, -0.0000, 0.8313,-0.0000, 0.0000, -1.0000, -0.0103,0.0000, 1.0000, 0.0000, 1.3978,0.0000, 0.0000, 0.0000, 1.0000///L_Middle2
L_Middle4__null///1.0000, -0.0000, -0.0000, 0.8554,-0.0000, 0.0000, -1.0000, -0.0103,0.0000, 1.0000, 0.0000, 1.3978,0.0000, 0.0000, 0.0000, 1.0000///L_Middle3
L_Index1///1.0000, -0.0000, -0.0000, 0.7570,-0.0000, 0.0000, -1.0000, -0.0331,0.0000, 1.0000, 0.0000, 1.3978,0.0000, 0.0000, 0.0000, 1.0000///L_FingerBase
L_Index2///1.0000, -0.0000, -0.0000, 0.8015,-0.0000, 0.0000, -1.0000, -0.0331,0.0000, 1.0000, 0.0000, 1.3978,0.0000, 0.0000, 0.0000, 1.0000///L_Index1
L_Index3///1.0000, -0.0000, -0.0000, 0.8272,-0.0000, 0.0000, -1.0000, -0.0331,0.0000, 1.0000, 0.0000, 1.3978,0.0000, 0.0000, 0.0000, 1.0000///L_Index2
L_Index4__null///1.0000, -0.0000, -0.0000, 0.8513,-0.0000, 0.0000, -1.0000, -0.0331,0.0000, 1.0000, 0.0000, 1.3978,0.0000, 0.0000, 0.0000, 1.0000///L_Index3
L_Thumb1///0.8053, -0.2750, -0.5252, 0.6763,-0.5122, -0.7689, -0.3827, -0.0359,-0.2986, 0.5772, -0.7600, 1.3818,0.0000, 0.0000, 0.0000, 1.0000///L_FingerBase
L_Thumb2///0.8053, -0.2750, -0.5252, 0.7183,-0.5122, -0.7689, -0.3827, -0.0626,-0.2986, 0.5772, -0.7601, 1.3662,0.0000, 0.0000, 0.0000, 1.0000///L_Thumb1
L_Thumb3///0.8053, -0.2750, -0.5252, 0.7436,-0.5122, -0.7689, -0.3827, -0.0787,-0.2986, 0.5772, -0.7600, 1.3568,0.0000, 0.0000, 0.0000, 1.0000///L_Thumb2
L_Thumb4__null///0.8053, -0.2750, -0.5252, 0.7630,-0.5122, -0.7689, -0.3827, -0.0910,-0.2986, 0.5772, -0.7601, 1.3496,0.0000, 0.0000, 0.0000, 1.0000///L_Thumb3
ATH_L_hand_mask_knm///-0.0029, 0.0004, 1.0000, 0.7513,0.0000, -1.0000, 0.0003, 0.0006,1.0000, 0.0000, 0.0029, 1.3766,0.0000, 0.0000, 0.0000, 1.0000///L_Hand
ATH_L_weapon002///0.0004, -0.0001, 1.0000, 0.7452,-1.0000, -0.0000, 0.0004, 0.0006,0.0000, -1.0000, -0.0001, 1.3581,0.0000, 0.0000, 0.0000, 1.0000///L_Hand
ATH_L_weapon001///-0.0000, 1.0000, -0.0000, 0.7464,-0.9996, -0.0000, -0.0291, 0.0145,-0.0291, 0.0000, 0.9996, 1.3581,0.0000, 0.0000, 0.0000, 1.0000///L_Hand
ATH_L_weapon001_hilp///-0.0000, 1.0000, -0.0000, 0.7638,-0.9996, -0.0000, -0.0291, -0.0655,-0.0291, 0.0000, 0.9996, 1.3558,0.0000, 0.0000, 0.0000, 1.0000///ATH_L_weapon001
ATH_L_weapon001_top///-0.0000, 1.0000, -0.0000, 0.7638,-0.9996, -0.0000, -0.0291, -0.4935,-0.0291, 0.0000, 0.9996, 1.3433,0.0000, 0.0000, 0.0000, 1.0000///ATH_L_weapon001
HLP_L_ForeArm_Mid__offset///1.0000, -0.0000, -0.0000, 0.5640,-0.0000, 0.0000, -1.0000, 0.0000,0.0000, 1.0000, 0.0000, 1.3936,0.0000, 0.0000, 0.0000, 1.0000///L_ForeArm
HLP_L_ForeArm_Btm__offset///1.0000, -0.0000, -0.0000, 0.6382,-0.0000, 0.0000, -1.0000, 0.0000,0.0000, 1.0000, 0.0000, 1.3936,0.0000, 0.0000, 0.0000, 1.0000///L_ForeArm
HLP_L_Elbow__offset///1.0000, 0.0000, -0.0000, 0.4436,-0.0000, 1.0000, 0.0000, 0.0252,0.0000, -0.0000, 1.0000, 1.3936,0.0000, 0.0000, 0.0000, 1.0000///L_ForeArm
L_ForeArm_Slide__offset///1.0000, -0.0000, -0.0000, 0.5434,0.0000, 1.0000, 0.0000, 0.0000,0.0000, -0.0000, 1.0000, 1.3936,0.0000, 0.0000, 0.0000, 1.0000///L_ForeArm
L_ForeArm__offset///1.0000, 0.0000, -0.0000, 0.4437,-0.0000, 1.0000, 0.0000, 0.0000,0.0000, -0.0000, 1.0000, 1.3936,0.0000, 0.0000, 0.0000, 1.0000///L_ForeArm
HLP_L_Arm_Top__offset///1.0000, 0.0000, -0.0000, 0.1456,0.0000, 1.0000, 0.0000, 0.0000,0.0000, 0.0000, 1.0000, 1.3935,0.0000, 0.0000, 0.0000, 1.0000///L_Arm
HLP_L_Arm_Mid__offset///1.0000, -0.0000, -0.0000, 0.2845,0.0000, 1.0000, 0.0000, 0.0000,0.0000, -0.0000, 1.0000, 1.3936,0.0000, 0.0000, 0.0000, 1.0000///L_Arm
L_Bicep_Slide__offset///1.0000, -0.0000, -0.0000, 0.3040,0.0000, 1.0000, 0.0000, -0.0013,0.0000, -0.0000, 1.0000, 1.3936,0.0000, 0.0000, 0.0000, 1.0000///L_Arm
L_Tricep_Slide__offset///1.0000, -0.0000, -0.0000, 0.3040,0.0000, 1.0000, 0.0000, 0.0004,0.0000, -0.0000, 1.0000, 1.3936,0.0000, 0.0000, 0.0000, 1.0000///L_Arm
L_Arm_Btm__offset///1.0000, -0.0000, -0.0000, 0.4435,0.0000, 1.0000, 0.0000, 0.0000,0.0000, -0.0000, 1.0000, 1.3936,0.0000, 0.0000, 0.0000, 1.0000///L_Arm
HLP_L_ShldrBlade__offset///1.0000, -0.0000, -0.0000, 0.1318,0.0000, 1.0000, 0.0000, -0.0008,0.0000, -0.0000, 1.0000, 1.3766,0.0000, 0.0000, 0.0000, 1.0000///L_Shoulder
HLP_L_Shldr_B__offset///1.0000, -0.0000, -0.0000, 0.1455,0.0000, 1.0000, 0.0000, 0.0000,0.0000, -0.0000, 1.0000, 1.3935,0.0000, 0.0000, 0.0000, 1.0000///L_Shoulder
R_Shoulder///-1.0000, -0.0000, -0.0000, -0.0893,0.0000, 0.0000, -1.0000, 0.0000,0.0000, -1.0000, -0.0000, 1.3935,0.0000, 0.0000, 0.0000, 1.0000///Spine2
R_Arm///-1.0000, 0.0000, 0.0000, -0.1456,0.0000, 1.0000, -0.0000, 0.0000,-0.0000, -0.0000, -1.0000, 1.3935,0.0000, 0.0000, 0.0000, 1.0000///R_Shoulder
R_ForeArm///-1.0000, -0.0000, 0.0000, -0.4436,-0.0000, 1.0000, -0.0000, 0.0000,-0.0000, -0.0000, -1.0000, 1.3935,0.0000, 0.0000, 0.0000, 1.0000///R_Arm
R_Hand///-1.0000, 0.0000, 0.0000, -0.6567,-0.0000, -0.0000, -1.0000, 0.0000,0.0000, -1.0000, 0.0000, 1.3935,0.0000, 0.0000, 0.0000, 1.0000///R_ForeArm
R_FingerBase///-1.0000, -0.0000, 0.0000, -0.6607,-0.0000, -0.0000, -1.0000, -0.0161,0.0000, -1.0000, 0.0000, 1.3935,0.0000, 0.0000, 0.0000, 1.0000///R_Hand
R_Middle///-1.0000, -0.0000, 0.0000, -0.6607,-0.0000, -0.0000, -1.0000, -0.0080,0.0000, -1.0000, 0.0000, 1.3935,0.0000, 0.0000, 0.0000, 1.0000///R_FingerBase
R_Ring///-1.0000, -0.0000, 0.0000, -0.6607,-0.0000, -0.0000, -1.0000, 0.0000,0.0000, -1.0000, 0.0000, 1.3935,0.0000, 0.0000, 0.0000, 1.0000///R_Middle
R_Pinky///-1.0000, -0.0000, 0.0000, -0.6607,-0.0000, -0.0000, -1.0000, 0.0080,0.0000, -1.0000, 0.0000, 1.3935,0.0000, 0.0000, 0.0000, 1.0000///R_Ring
R_Pinky1///-1.0000, 0.0000, 0.0000, -0.7434,-0.0000, -0.0000, -1.0000, 0.0309,0.0000, -1.0000, 0.0000, 1.3948,0.0000, 0.0000, 0.0000, 1.0000///R_Pinky
R_Pinky2///-1.0000, 0.0000, 0.0000, -0.7820,-0.0000, -0.0000, -1.0000, 0.0309,0.0000, -1.0000, 0.0000, 1.3948,0.0000, 0.0000, 0.0000, 1.0000///R_Pinky1
R_Pinky3///-1.0000, 0.0000, 0.0000, -0.7995,-0.0000, -0.0000, -1.0000, 0.0309,0.0000, -1.0000, 0.0000, 1.3948,0.0000, 0.0000, 0.0000, 1.0000///R_Pinky2
R_Pinky4__null///-1.0000, 0.0000, 0.0000, -0.8236,-0.0000, -0.0000, -1.0000, 0.0309,0.0000, -1.0000, 0.0000, 1.3948,0.0000, 0.0000, 0.0000, 1.0000///R_Pinky3
R_Ring1///-1.0000, 0.0000, 0.0000, -0.7541,-0.0000, -0.0000, -1.0000, 0.0115,0.0000, -1.0000, 0.0000, 1.3963,0.0000, 0.0000, 0.0000, 1.0000///R_Ring
R_Ring2///-1.0000, 0.0000, 0.0000, -0.7969,-0.0000, -0.0000, -1.0000, 0.0115,0.0000, -1.0000, 0.0000, 1.3963,0.0000, 0.0000, 0.0000, 1.0000///R_Ring1
R_Ring3///-1.0000, 0.0000, 0.0000, -0.8220,-0.0000, -0.0000, -1.0000, 0.0115,0.0000, -1.0000, 0.0000, 1.3963,0.0000, 0.0000, 0.0000, 1.0000///R_Ring2
R_Ring4__null///-1.0000, 0.0000, 0.0000, -0.8461,-0.0000, -0.0000, -1.0000, 0.0115,0.0000, -1.0000, 0.0000, 1.3963,0.0000, 0.0000, 0.0000, 1.0000///R_Ring3
R_Middle1///-1.0000, 0.0000, 0.0000, -0.7570,-0.0000, -0.0000, -1.0000, -0.0103,0.0000, -1.0000, 0.0000, 1.3978,0.0000, 0.0000, 0.0000, 1.0000///R_Middle
R_Middle2///-1.0000, 0.0000, 0.0000, -0.8039,-0.0000, -0.0000, -1.0000, -0.0103,0.0000, -1.0000, 0.0000, 1.3978,0.0000, 0.0000, 0.0000, 1.0000///R_Middle1
R_Middle3///-1.0000, 0.0000, 0.0000, -0.8313,-0.0000, -0.0000, -1.0000, -0.0103,0.0000, -1.0000, 0.0000, 1.3978,0.0000, 0.0000, 0.0000, 1.0000///R_Middle2
R_Middle4__null///-1.0000, 0.0000, 0.0000, -0.8554,-0.0000, -0.0000, -1.0000, -0.0103,0.0000, -1.0000, 0.0000, 1.3978,0.0000, 0.0000, 0.0000, 1.0000///R_Middle3
R_Index1///-1.0000, 0.0000, 0.0000, -0.7570,-0.0000, -0.0000, -1.0000, -0.0331,0.0000, -1.0000, 0.0000, 1.3978,0.0000, 0.0000, 0.0000, 1.0000///R_FingerBase
R_Index2///-1.0000, 0.0000, 0.0000, -0.8015,-0.0000, -0.0000, -1.0000, -0.0331,0.0000, -1.0000, 0.0000, 1.3978,0.0000, 0.0000, 0.0000, 1.0000///R_Index1
R_Index3///-1.0000, 0.0000, 0.0000, -0.8272,-0.0000, -0.0000, -1.0000, -0.0331,0.0000, -1.0000, 0.0000, 1.3978,0.0000, 0.0000, 0.0000, 1.0000///R_Index2
R_Index4__null///-1.0000, 0.0000, 0.0000, -0.8513,-0.0000, -0.0000, -1.0000, -0.0331,0.0000, -1.0000, 0.0000, 1.3978,0.0000, 0.0000, 0.0000, 1.0000///R_Index3
R_Thumb1///-0.8053, -0.2750, 0.5252, -0.6763,-0.5122, 0.7689, -0.3827, -0.0359,-0.2986, -0.5772, -0.7601, 1.3818,0.0000, 0.0000, 0.0000, 1.0000///R_FingerBase
R_Thumb2///-0.8053, -0.2750, 0.5252, -0.7183,-0.5122, 0.7689, -0.3827, -0.0626,-0.2986, -0.5772, -0.7601, 1.3662,0.0000, 0.0000, 0.0000, 1.0000///R_Thumb1
R_Thumb3///-0.8053, -0.2750, 0.5252, -0.7436,-0.5122, 0.7689, -0.3827, -0.0787,-0.2986, -0.5772, -0.7601, 1.3568,0.0000, 0.0000, 0.0000, 1.0000///R_Thumb2
R_Thumb4__null///-0.8053, -0.2750, 0.5252, -0.7630,-0.5122, 0.7689, -0.3827, -0.0910,-0.2986, -0.5772, -0.7601, 1.3496,0.0000, 0.0000, 0.0000, 1.0000///R_Thumb3
ATH_R_weapon_spear///-0.0000, 0.0000, 1.0000, -0.7514,0.0000, -1.0000, 0.0000, 0.0000,1.0000, 0.0000, 0.0000, 1.3767,0.0000, 0.0000, 0.0000, 1.0000///R_Hand
ATH_R_weapon_spear_top///0.2588, 0.9659, -0.0000, -0.8024,0.9659, -0.2588, 0.0000, -0.1462,0.0000, -0.0000, -1.0000, 1.3551,0.0000, 0.0000, 0.0000, 1.0000///ATH_R_weapon_spear
ATH_R_weapon001///0.0000, 1.0000, -0.0000, -0.7429,-0.9994, 0.0000, 0.0347, -0.0204,0.0347, 0.0000, 0.9994, 1.3581,0.0000, 0.0000, 0.0000, 1.0000///R_Hand
ATH_R_weapon001_hilp///0.0000, 1.0000, -0.0000, -0.7219,-0.9994, 0.0000, 0.0347, 0.0680,0.0347, 0.0000, 0.9994, 1.3542,0.0000, 0.0000, 0.0000, 1.0000///ATH_R_weapon001
ATH_R_weapon001_top///0.0000, 1.0000, -0.0000, -0.7219,-0.9994, 0.0000, 0.0347, 0.3649,0.0347, 0.0000, 0.9994, 1.3447,0.0000, 0.0000, 0.0000, 1.0000///ATH_R_weapon001
HLP_R_ForeArm_Mid__offset///-1.0000, 0.0000, 0.0000, -0.5640,-0.0000, -0.0000, -1.0000, 0.0000,-0.0000, -1.0000, 0.0000, 1.3936,0.0000, 0.0000, 0.0000, 1.0000///R_ForeArm
HLP_R_ForeArm_Btm__offset///-1.0000, 0.0000, 0.0000, -0.6382,-0.0000, -0.0000, -1.0000, 0.0000,0.0000, -1.0000, 0.0000, 1.3935,0.0000, 0.0000, 0.0000, 1.0000///R_ForeArm
HLP_R_Elbow__offset///-1.0000, -0.0000, 0.0000, -0.4436,-0.0000, 1.0000, -0.0000, 0.0252,-0.0000, -0.0000, -1.0000, 1.3936,0.0000, 0.0000, 0.0000, 1.0000///R_ForeArm
R_ForeArm_Slide__offset///-1.0000, 0.0000, 0.0000, -0.5434,-0.0000, -0.0000, -1.0000, 0.0000,-0.0000, -1.0000, 0.0000, 1.3936,0.0000, 0.0000, 0.0000, 1.0000///R_ForeArm
R_ForeArm__offset///-1.0000, -0.0000, 0.0000, -0.4437,-0.0000, 1.0000, -0.0000, 0.0000,-0.0000, -0.0000, -1.0000, 1.3935,0.0000, 0.0000, 0.0000, 1.0000///R_ForeArm
HLP_R_Arm_Top__offset///-1.0000, 0.0000, -0.0000, -0.1456,0.0000, 1.0000, 0.0000, 0.0000,0.0000, 0.0000, -1.0000, 1.3935,0.0000, 0.0000, 0.0000, 1.0000///R_Arm
HLP_R_Arm_Mid__offset///-1.0000, 0.0000, 0.0000, -0.2845,0.0000, 1.0000, -0.0000, 0.0000,-0.0000, -0.0000, -1.0000, 1.3935,0.0000, 0.0000, 0.0000, 1.0000///R_Arm
R_Bicep_Slide__offset///-1.0000, 0.0000, 0.0000, -0.3040,0.0000, 1.0000, -0.0000, -0.0013,-0.0000, -0.0000, -1.0000, 1.3936,0.0000, 0.0000, 0.0000, 1.0000///R_Arm
R_Tricep_Slide__offset///-1.0000, 0.0000, 0.0000, -0.3040,0.0000, 1.0000, -0.0000, 0.0004,-0.0000, -0.0000, -1.0000, 1.3936,0.0000, 0.0000, 0.0000, 1.0000///R_Arm
R_Arm_Btm__offset///-1.0000, 0.0000, 0.0000, -0.4435,0.0000, 1.0000, -0.0000, 0.0000,-0.0000, -0.0000, -1.0000, 1.3935,0.0000, 0.0000, 0.0000, 1.0000///R_Arm
HLP_R_ShldrBlade__offset///-1.0000, 0.0000, 0.0000, -0.1318,0.0000, 1.0000, -0.0000, -0.0008,-0.0000, -0.0000, -1.0000, 1.3766,0.0000, 0.0000, 0.0000, 1.0000///R_Shoulder
HLP_R_Shldr_B__offset///-1.0000, 0.0000, 0.0000, -0.1455,0.0000, 1.0000, -0.0000, 0.0000,-0.0000, -0.0000, -1.0000, 1.3935,0.0000, 0.0000, 0.0000, 1.0000///R_Shoulder
HLP_L_CollarBone__offset///0.9506, -0.0002, 0.3105, 0.0089,0.3105, -0.0001, -0.9506, -0.0446,0.0002, 1.0000, -0.0000, 1.3935,0.0000, 0.0000, 0.0000, 1.0000///Spine2
HLP_L_Shldr_F__offset///0.9811, 0.1543, 0.1168, 0.1190,0.1160, 0.0144, -0.9932, -0.0337,-0.1549, 0.9879, -0.0038, 1.4471,0.0000, 0.0000, 0.0000, 1.0000///HLP_L_CollarBone__offset
L_Shldr_F1__null///0.9811, 0.1543, 0.1168, 0.2066,0.1160, 0.0144, -0.9932, -0.0233,-0.1549, 0.9879, -0.0038, 1.4333,0.0000, 0.0000, 0.0000, 1.0000///HLP_L_Shldr_F__offset
HLP_L_CollarBone_up__offset///0.9506, -0.0002, 0.3105, 0.0089,0.3105, -0.0001, -0.9506, -0.0445,0.0002, 1.0000, -0.0000, 1.3935,0.0000, 0.0000, 0.0000, 1.0000///HLP_L_CollarBone__offset
L_CollarBone1__null///0.9506, -0.0002, 0.3105, 0.1702,0.3105, -0.0001, -0.9506, 0.0081,0.0002, 1.0000, -0.0000, 1.3936,0.0000, 0.0000, 0.0000, 1.0000///HLP_L_CollarBone__offset
HLP_R_CollarBone__offset///-0.9506, -0.0002, -0.3106, -0.0089,0.3106, 0.0001, -0.9506, -0.0446,0.0002, -1.0000, 0.0000, 1.3935,0.0000, 0.0000, 0.0000, 1.0000///Spine2
HLP_R_Shldr_F__offset///-0.9811, -0.1543, 0.1168, -0.1190,0.1160, 0.0144, 0.9931, -0.0337,-0.1549, 0.9879, 0.0038, 1.4471,0.0000, 0.0000, 0.0000, 1.0000///HLP_R_CollarBone__offset
R_Shldr_F1__null///-0.9811, -0.1543, 0.1168, -0.2066,0.1160, 0.0144, 0.9931, -0.0233,-0.1549, 0.9879, 0.0038, 1.4333,0.0000, 0.0000, 0.0000, 1.0000///HLP_R_Shldr_F__offset
HLP_R_CollarBone_up__offset///-0.9506, -0.0002, -0.3106, -0.0089,0.3106, 0.0001, -0.9506, -0.0446,0.0002, -1.0000, 0.0000, 1.3935,0.0000, 0.0000, 0.0000, 1.0000///HLP_R_CollarBone__offset
R_CollarBone1__null///-0.9506, -0.0002, -0.3106, -0.1702,0.3106, 0.0001, -0.9506, 0.0081,0.0002, -1.0000, 0.0000, 1.3936,0.0000, 0.0000, 0.0000, 1.0000///HLP_R_CollarBone__offset
HLP_L_Pectoral__offset///0.9688, -0.2408, 0.0595, 0.0001,0.0578, -0.0144, -0.9982, -0.0170,0.2412, 0.9705, -0.0000, 1.3227,0.0000, 0.0000, 0.0000, 1.0000///Spine2
L_Pectoral__null///0.9688, -0.2408, 0.0595, 0.1731,0.0578, -0.0144, -0.9982, -0.0066,0.2412, 0.9705, 0.0000, 1.3658,0.0000, 0.0000, 0.0000, 1.0000///HLP_L_Pectoral__offset
HLP_L_Pectoral_side__offset///0.9688, -0.2408, 0.0595, 0.0001,0.0578, -0.0144, -0.9982, -0.0170,0.2412, 0.9705, -0.0000, 1.3228,0.0000, 0.0000, 0.0000, 1.0000///HLP_L_Pectoral__offset
HLP_R_Pectoral__offset///-0.9688, 0.2408, 0.0595, -0.0001,0.0578, -0.0144, 0.9982, -0.0170,0.2412, 0.9705, -0.0000, 1.3227,0.0000, 0.0000, 0.0000, 1.0000///Spine2
R_Pectoral__null///-0.9688, 0.2408, 0.0595, -0.1731,0.0578, -0.0144, 0.9982, -0.0066,0.2412, 0.9705, 0.0000, 1.3658,0.0000, 0.0000, 0.0000, 1.0000///HLP_R_Pectoral__offset
HLP_R_Pectoral_side__offset///-0.9688, 0.2408, 0.0595, -0.0001,0.0578, -0.0144, 0.9982, -0.0170,0.2412, 0.9705, 0.0000, 1.3228,0.0000, 0.0000, 0.0000, 1.0000///HLP_R_Pectoral__offset
Spine2__offset///0.0000, -0.0000, 1.0000, 0.0000,-0.0000, -1.0000, -0.0000, 0.0000,1.0000, -0.0000, -0.0000, 1.1970,0.0000, 0.0000, 0.0000, 1.0000///Spine2
Spine2_breast__offset///0.0000, -0.0000, 1.0000, 0.0000,-0.0000, -1.0000, -0.0000, 0.0001,1.0000, -0.0000, -0.0000, 1.2319,0.0000, 0.0000, 0.0000, 1.0000///Spine2__offset
Spine2up__offset///0.0000, -0.0000, 1.0000, 0.0000,-0.0000, -1.0000, -0.0000, 0.0000,1.0000, -0.0000, -0.0000, 1.1971,0.0000, 0.0000, 0.0000, 1.0000///Spine2__offset
Spine2side__offset///0.0000, -0.0000, 1.0000, 0.0000,-0.0000, -1.0000, -0.0000, 0.0000,1.0000, -0.0000, -0.0000, 1.1969,0.0000, 0.0000, 0.0000, 1.0000///Spine2
OPT0_bustL///0.3127, -0.0846, -0.9461, 0.0197,-0.9461, 0.0601, -0.3181, 0.0697,0.0838, 0.9946, -0.0612, 1.2577,0.0000, 0.0000, 0.0000, 1.0000///Spine2
OPT1_bustL///-0.3127, -0.0846, 0.9461, 0.0965,0.9461, 0.0601, 0.3181, -0.1628,-0.0838, 0.9946, 0.0612, 1.2783,0.0000, 0.0000, 0.0000, 1.0000///OPT0_bustL
OPT1_bustL_end///0.9983, -0.0464, 0.0341, 0.0711,0.0316, -0.0539, -0.9980, -0.0859,0.0482, 0.9975, -0.0523, 1.2715,0.0000, 0.0000, 0.0000, 1.0000///OPT1_bustL
OPT2_bustR///0.3127, -0.0845, -0.9461, -0.0195,0.9461, -0.0601, 0.3181, 0.0697,-0.0838, -0.9946, 0.0612, 1.2578,0.0000, 0.0000, 0.0000, 1.0000///Spine2
OPT3_bustR///-0.3127, -0.0845, 0.9461, -0.0963,-0.9461, -0.0601, -0.3181, -0.1628,0.0838, -0.9946, -0.0612, 1.2784,0.0000, 0.0000, 0.0000, 1.0000///OPT2_bustR
OPT1_bustR_end///0.9983, -0.0464, 0.0341, -0.0709,-0.0316, 0.0539, 0.9980, -0.0859,-0.0481, -0.9975, 0.0523, 1.2716,0.0000, 0.0000, 0.0000, 1.0000///OPT3_bustR
SWG_OPT0_bustL__swing///0.3127, -0.9139, 0.2588, 0.0197,-0.9461, -0.3238, 0.0000, 0.0697,0.0838, -0.2448, -0.9659, 1.2577,0.0000, 0.0000, 0.0000, 1.0000///Spine2
SWG_OPT1_bustL__swing///-0.3127, 0.2406, 0.9189, 0.0965,0.9461, 0.1642, 0.2790, -0.1628,-0.0838, 0.9566, -0.2790, 1.2783,0.0000, 0.0000, 0.0000, 1.0000///SWG_OPT0_bustL__swing
SWG_OPT_bustL__null///0.3127, -0.2406, 0.9189, 0.0711,-0.9461, -0.1642, 0.2790, -0.0859,0.0838, -0.9566, -0.2790, 1.2715,0.0000, 0.0000, 0.0000, 1.0000///SWG_OPT1_bustL__swing
SWG_OPT2_bustR__swing///-0.3127, -0.9139, -0.2588, -0.0195,-0.9461, 0.3238, 0.0000, 0.0697,0.0838, 0.2448, -0.9659, 1.2578,0.0000, 0.0000, 0.0000, 1.0000///Spine2
SWG_OPT3_bustR__swing///0.3127, -0.2406, 0.9189, -0.0963,0.9461, 0.1642, -0.2790, -0.1628,-0.0838, 0.9566, 0.2790, 1.2784,0.0000, 0.0000, 0.0000, 1.0000///SWG_OPT2_bustR__swing
SWG_OPT_bustR__null///-0.3127, 0.2406, 0.9189, -0.0709,-0.9461, -0.1642, -0.2790, -0.0859,0.0838, -0.9566, 0.2790, 1.2716,0.0000, 0.0000, 0.0000, 1.0000///SWG_OPT3_bustR__swing
Spine1__offset///0.0000, -0.0000, 1.0000, 0.0000,-0.0000, -1.0000, -0.0000, 0.0000,1.0000, -0.0000, -0.0000, 1.0809,0.0000, 0.0000, 0.0000, 1.0000///Spine1
Spine1_front__offset///0.0000, -0.0000, 1.0000, 0.0000,-0.0000, -1.0000, -0.0000, 0.0000,1.0000, -0.0000, -0.0000, 1.0811,0.0000, 0.0000, 0.0000, 1.0000///Spine1
Hip///-0.0000, -0.0000, 1.0000, 0.0000,-0.0000, 1.0000, 0.0000, 0.0000,-1.0000, 0.0000, -0.0000, 1.0810,0.0000, 0.0000, 0.0000, 1.0000///BASE
L_UpLeg///0.0000, 0.0000, 1.0000, 0.0940,-0.0001, 1.0000, -0.0000, -0.0000,-1.0000, -0.0001, 0.0000, 0.9306,0.0000, 0.0000, 0.0000, 1.0000///Hip
L_Leg///0.0000, 0.0000, 1.0000, 0.0940,0.0001, 1.0000, -0.0000, -0.0000,-1.0000, 0.0001, 0.0000, 0.5170,0.0000, 0.0000, 0.0000, 1.0000///L_UpLeg
L_Foot///-0.0000, 0.0000, 1.0000, 0.0940,0.0000, 1.0000, -0.0000, -0.0000,-1.0000, 0.0000, -0.0000, 0.1222,0.0000, 0.0000, 0.0000, 1.0000///L_Leg
L_Toe///-0.0000, 0.0000, 1.0000, 0.0940,-1.0000, 0.0000, -0.0000, -0.1439,0.0000, -1.0000, 0.0000, 0.0284,0.0000, 0.0000, 0.0000, 1.0000///L_Foot
L_Toe1__null///-0.0000, 0.0000, 1.0000, 0.0940,-1.0000, 0.0000, -0.0000, -0.2661,-0.0000, -1.0000, 0.0000, 0.0284,0.0000, 0.0000, 0.0000, 1.0000///L_Toe
L_Toe__offset///-0.0000, 0.0000, 1.0000, 0.0940,-1.0000, 0.0000, -0.0000, -0.1442,0.0000, -1.0000, 0.0000, 0.0284,0.0000, 0.0000, 0.0000, 1.0000///L_Toe
ATH_L_Toe_Btm///1.0000, 0.0000, -0.0000, 0.0940,-0.0000, 1.0000, -0.0000, -0.1504,0.0000, 0.0000, 1.0000, 0.0039,0.0000, 0.0000, 0.0000, 1.0000///L_Toe
L_Foot__offset///-0.0000, 0.0000, 1.0000, 0.0940,0.0000, 1.0000, -0.0000, -0.0000,-1.0000, 0.0000, -0.0000, 0.1221,0.0000, 0.0000, 0.0000, 1.0000///L_Foot
L_Ankle__offset///-0.0000, 0.0000, 1.0000, 0.0940,0.0000, 1.0000, -0.0000, -0.0000,-1.0000, 0.0000, -0.0000, 0.1223,0.0000, 0.0000, 0.0000, 1.0000///L_Foot
ATH_L_Foot_Btm///1.0000, 0.0000, 0.0000, 0.0940,-0.0000, 1.0000, 0.0000, -0.0000,-0.0000, -0.0000, 1.0000, 0.0028,0.0000, 0.0000, 0.0000, 1.0000///L_Foot
L_Calf_Slide__offset///1.0000, -0.0000, -0.0000, 0.0940,-0.0000, -0.0001, -1.0000, -0.0000,0.0000, 1.0000, -0.0001, 0.3196,0.0000, 0.0000, 0.0000, 1.0000///L_Leg
L_Leg__offset///0.0000, 0.0000, 1.0000, 0.0940,0.0001, 1.0000, -0.0000, -0.0000,-1.0000, 0.0001, 0.0000, 0.5169,0.0000, 0.0000, 0.0000, 1.0000///L_Leg
HLP_L_Knee__offset///0.0000, 0.0000, 1.0000, 0.0940,0.0000, 1.0000, -0.0000, -0.0189,-1.0000, 0.0000, 0.0000, 0.5170,0.0000, 0.0000, 0.0000, 1.0000///L_UpLeg
HLP_L_UpLeg_Top__offset///0.0000, -0.0000, 1.0000, 0.0940,0.0000, 1.0000, 0.0000, -0.0000,-1.0000, 0.0000, 0.0000, 0.9307,0.0000, 0.0000, 0.0000, 1.0000///L_UpLeg
HLP_L_UpLeg_Mid__offset///0.0000, 0.0000, 1.0000, 0.0940,-0.0000, 1.0000, -0.0000, -0.0000,-1.0000, -0.0000, 0.0000, 0.7426,0.0000, 0.0000, 0.0000, 1.0000///L_UpLeg
L_Thigh_Slide__offset///1.0000, -0.0000, -0.0000, 0.0940,-0.0000, 0.0001, -1.0000, -0.0010,0.0000, 1.0000, 0.0001, 0.7238,0.0000, 0.0000, 0.0000, 1.0000///L_UpLeg
L_UpLeg__offset///0.0000, 0.0000, 1.0000, 0.0940,-0.0001, 1.0000, -0.0000, -0.0000,-1.0000, -0.0001, 0.0000, 0.9305,0.0000, 0.0000, 0.0000, 1.0000///L_UpLeg
R_UpLeg///0.0000, 0.0000, 1.0000, -0.0940,-0.0001, 1.0000, 0.0000, -0.0000,-1.0000, -0.0001, 0.0000, 0.9306,0.0000, 0.0000, 0.0000, 1.0000///Hip
R_Leg///0.0000, 0.0000, 1.0000, -0.0940,0.0001, 1.0000, -0.0000, -0.0000,-1.0000, 0.0001, 0.0000, 0.5170,0.0000, 0.0000, 0.0000, 1.0000///R_UpLeg
R_Foot///0.0013, 0.0000, 1.0000, -0.0940,0.0000, 1.0000, -0.0000, -0.0000,-1.0000, 0.0000, 0.0013, 0.1222,0.0000, 0.0000, 0.0000, 1.0000///R_Leg
R_Toe///-0.0000, 0.0013, 1.0000, -0.0939,-1.0000, 0.0000, -0.0000, -0.1439,-0.0000, -1.0000, 0.0013, 0.0284,0.0000, 0.0000, 0.0000, 1.0000///R_Foot
R_Toe1__null///-0.0000, 0.0013, 1.0000, -0.0939,-1.0000, 0.0000, -0.0000, -0.2661,0.0000, -1.0000, 0.0013, 0.0284,0.0000, 0.0000, 0.0000, 1.0000///R_Toe
R_Toe__offset///-0.0000, 0.0013, 1.0000, -0.0939,-1.0000, 0.0000, -0.0000, -0.1442,-0.0000, -1.0000, 0.0013, 0.0284,0.0000, 0.0000, 0.0000, 1.0000///R_Toe
ATH_R_Toe_Btm///1.0000, 0.0000, 0.0000, -0.0938,-0.0000, 1.0000, 0.0000, -0.1504,-0.0000, -0.0000, 1.0000, 0.0039,0.0000, 0.0000, 0.0000, 1.0000///R_Toe
R_Foot__offset///0.0013, 0.0000, 1.0000, -0.0940,0.0000, 1.0000, -0.0000, -0.0000,-1.0000, 0.0000, 0.0013, 0.1221,0.0000, 0.0000, 0.0000, 1.0000///R_Foot
R_Ankle__offset///-0.0013, -0.0000, 1.0000, -0.0940,-0.0000, -1.0000, -0.0000, -0.0000,1.0000, -0.0000, 0.0013, 0.1223,0.0000, 0.0000, 0.0000, 1.0000///R_Foot
ATH_R_Foot_Btm///1.0000, 0.0000, 0.0000, -0.0938,-0.0000, 1.0000, 0.0000, -0.0000,-0.0000, -0.0000, 1.0000, 0.0028,0.0000, 0.0000, 0.0000, 1.0000///R_Foot
R_Calf_Slide__offset///1.0000, -0.0000, 0.0000, -0.0940,0.0000, -0.0001, -1.0000, -0.0000,0.0000, 1.0000, -0.0001, 0.3196,0.0000, 0.0000, 0.0000, 1.0000///R_Leg
R_Leg__offset///0.0000, 0.0000, 1.0000, -0.0940,0.0001, 1.0000, -0.0000, -0.0000,-1.0000, 0.0001, 0.0000, 0.5169,0.0000, 0.0000, 0.0000, 1.0000///R_Leg
HLP_R_Knee__offset///0.0000, 0.0000, 1.0000, -0.0940,0.0000, 1.0000, -0.0000, -0.0189,-1.0000, 0.0000, 0.0000, 0.5170,0.0000, 0.0000, 0.0000, 1.0000///R_UpLeg
HLP_R_UpLeg_Top__offset///0.0000, -0.0000, 1.0000, -0.0940,0.0000, 1.0000, 0.0000, -0.0000,-1.0000, 0.0000, 0.0000, 0.9307,0.0000, 0.0000, 0.0000, 1.0000///R_UpLeg
HLP_R_UpLeg_Mid__offset///0.0000, -0.0000, 1.0000, -0.0940,-0.0000, 1.0000, 0.0000, -0.0000,-1.0000, -0.0000, 0.0000, 0.7426,0.0000, 0.0000, 0.0000, 1.0000///R_UpLeg
R_Thigh_Slide__offset///1.0000, -0.0000, 0.0000, -0.0940,0.0000, 0.0001, -1.0000, -0.0010,0.0000, 1.0000, 0.0001, 0.7238,0.0000, 0.0000, 0.0000, 1.0000///R_UpLeg
R_UpLeg__offset///0.0000, 0.0000, 1.0000, -0.0940,-0.0001, 1.0000, 0.0000, -0.0000,-1.0000, -0.0001, 0.0000, 0.9305,0.0000, 0.0000, 0.0000, 1.0000///R_UpLeg
HLP_L_Butt__offset///0.0000, -0.0000, 1.0000, 0.0941,0.0000, 1.0000, 0.0000, 0.0001,-1.0000, 0.0000, 0.0000, 0.9305,0.0000, 0.0000, 0.0000, 1.0000///Hip
HLP_R_Butt__offset///0.0000, -0.0000, 1.0000, -0.0941,0.0000, 1.0000, 0.0000, 0.0001,-1.0000, 0.0000, 0.0000, 0.9305,0.0000, 0.0000, 0.0000, 1.0000///Hip
HLP_L_Inguinal__offset///-0.1165, -0.0101, -0.9932, 0.1570,0.0867, -0.9962, -0.0000, -0.0469,-0.9894, -0.0861, 0.1169, 1.0519,0.0000, 0.0000, 0.0000, 1.0000///Hip
L_Inguinal1__null///-0.1165, -0.0101, -0.9932, 0.1241,0.0867, -0.9962, -0.0000, -0.0225,-0.9894, -0.0861, 0.1169, 0.7728,0.0000, 0.0000, 0.0000, 1.0000///HLP_L_Inguinal__offset
HLP_R_Inguinal__offset///0.1165, 0.0101, -0.9932, -0.1570,0.0867, -0.9962, -0.0000, -0.0469,-0.9894, -0.0861, -0.1169, 1.0519,0.0000, 0.0000, 0.0000, 1.0000///Hip
R_Inguinal__null///0.1165, 0.0101, -0.9932, -0.1241,0.0867, -0.9962, -0.0000, -0.0225,-0.9894, -0.0861, -0.1169, 0.7728,0.0000, 0.0000, 0.0000, 1.0000///HLP_R_Inguinal__offset
Hip__offset///-0.0000, -0.0000, 1.0000, 0.0000,-0.0000, 1.0000, 0.0000, 0.0000,-1.0000, 0.0000, -0.0000, 1.0811,0.0000, 0.0000, 0.0000, 1.0000///Hip
Hip_front__offset///-0.0000, -0.0000, 1.0000, -0.0000,-0.0000, 1.0000, 0.0000, 0.0000,-1.0000, 0.0000, -0.0000, 1.0809,0.0000, 0.0000, 0.0000, 1.0000///Hip
ATH_R_weapon002///0.0000, 1.0000, -0.0000, 0.0000,-1.0000, 0.0000, -0.0000, 0.0891,-0.0000, 0.0000, 1.0000, 1.0810,0.0000, 0.0000, 0.0000, 1.0000///Hip
ATH_R_weapon002_hilp///0.9762, -0.2071, 0.0637, -0.1796,0.0085, 0.3302, 0.9439, 0.1159,-0.2165, -0.9209, 0.3241, 1.0834,0.0000, 0.0000, 0.0000, 1.0000///ATH_R_weapon002
ATH_R_weapon002_top///0.9572, 0.2822, -0.0637, -0.1771,0.0341, -0.3286, -0.9439, 0.0952,-0.2873, 0.9013, -0.3241, 1.1432,0.0000, 0.0000, 0.0000, 1.0000///ATH_R_weapon002
EDIT__null///1.0000, 0.0000, 0.0000, 0.0014,0.0000, 1.0000, 0.0000, 0.0000,0.0000, 0.0000, 1.0000, -0.0000,0.0000, 0.0000, 0.0000, 1.0000///MODEL_00
Deform__null///1.0000, 0.0000, 0.0000, 0.0083,0.0000, 1.0000, 0.0000, 0.0015,0.0000, 0.0000, 1.0000, -0.0002,0.0000, 0.0000, 0.0000, 1.0000///EDIT__null
